Gen : 0
0 : (5, 5, 0.0008, 323.0366, 2.5)
1 : (0, 5, 0.0026, 463.6172, 0.0)
2 : (5, 4, 0.0, 186.6387, 1.5)
3 : (2, 5, 0.0, 221.7686, 3.5)
4 : (14, 28, 0.0, 185.6075, 1.2727)
5 : (2, 15, 0.0011, 252.5473, 2.2727)
6 : (10, 13, 0.0159, 322.1909, 1.5)
7 : (6, 15, 0.0004, 162.2574, 1.5)
8 : (1, 2, 0.0, 196.836, 1.0)
9 : (1, 1, 0.0, 273.5343, 2.0)
10 : (10, 11, 0.0, 143.6723, 1.6)
11 : (7, 10, 0.0, 187.4042, 1.4333)
12 : (2, 3, 0.0, 122.5636, 0.0)
13 : (3, 4, 0.0022, 197.0128, 3.0)
14 : (4, 2, 0.0302, 39.0335, 3.0)
15 : (1, 4, 0.0075, 81.0533, 4.0)
16 : (2, 10, 0.0, 190.6603, 1.0)
17 : (8, 12, 0.0, 231.3842, 1.5)
18 : (0, 3, 0.0, 247.3401, 0.0)
19 : (3, 0, 0.0006, 240.7893, 0.0)
20 : (2, 25, 0.0009, 379.4457, 1.0)
21 : (18, 48, 0.0185, 118.1312, 1.2)
22 : (7, 5, 0.0002, 367.2138, 1.6667)
23 : (1, 9, 0.0, 233.4396, 2.6667)
24 : (0, 17, 0.0, 101.0753, 0.0)
25 : (17, 15, 0.0291, 263.2482, 2.0)
26 : (7, 6, 0.0, 169.1774, 1.75)
27 : (2, 7, 0.0, 199.9109, 2.75)
28 : (4, 1, 0.0, 80.0141, 1.0)
29 : (1, 4, 0.0, 159.6163, 2.0)
30 : (0, 23, 0.0, 75.9018, 0.0)
31 : (20, 2, 0.0, 213.0257, 4.0)
32 : (7, 5, 0.0, 154.5777, 1.75)
33 : (5, 7, 0.0, 145.5148, 1.9167)
34 : (16, 23, 0.0053, 364.6291, 1.6667)
35 : (3, 16, 0.0009, 190.0299, 1.5556)
36 : (17, 19, 0.0, 226.8433, 1.3333)
37 : (3, 17, 0.0, 227.0877, 1.4444)
38 : (4, 9, 0.0021, 66.5879, 1.5)
39 : (8, 4, 0.0001, 198.7979, 3.1667)
40 : (0, 16, 0.0, 245.5368, 0.0)
41 : (13, 0, 0.0, 175.1537, 0.0)
42 : (6, 6, 0.0005, 161.2387, 1.25)
43 : (2, 6, 0.0, 196.9271, 1.625)
44 : (18, 22, 0.0166, 282.9158, 1.5455)
45 : (2, 24, 0.0019, 303.9027, 1.7727)
46 : (8, 16, 0.0014, 303.2468, 1.3333)
47 : (12, 31, 0.0104, 221.341, 1.2333)
48 : (3, 19, 0.0, 300.6874, 1.0)
49 : (17, 16, 0.0, 257.4926, 1.7)
50 : (2, 4, 0.0, 259.9455, 1.0)
51 : (3, 3, 0.0, 211.7261, 2.0)
52 : (7, 17, 0.0, 262.103, 1.75)
53 : (13, 27, 0.0, 196.2926, 1.9643)
54 : (1, 18, 0.0, 283.4853, 1.0)
55 : (18, 32, 0.0, 180.5292, 1.3571)
56 : (17, 10, 0.0, 276.4498, 2.6667)
57 : (0, 17, 0.0, 141.5897, 0.0)
58 : (9, 39, 0.0, 163.114, 1.125)
59 : (7, 15, 0.0, 194.7211, 2.7083)
60 : (2, 10, 0.0059, 357.7119, 1.0)
61 : (8, 2, 0.0004, 384.7762, 3.0)
62 : (5, 17, 0.0, 275.1551, 1.6667)
63 : (15, 12, 0.0, 226.9276, 2.0952)
64 : (13, 6, 0.0, 185.2757, 4.0)
65 : (0, 13, 0.0, 293.8201, 0.0)
66 : (1, 13, 0.0004, 309.3388, 0.0)
67 : (10, 3, 0.0, 246.1688, 3.3333)
68 : (10, 36, 0.0, 191.0625, 1.1111)
69 : (3, 11, 0.0, 262.6581, 1.3704)
70 : (20, 29, 0.0002, 299.5486, 1.3571)
71 : (0, 21, 0.0, 228.7072, 0.0)
72 : (0, 3, 0.0, 281.4308, 0.0)
73 : (3, 18, 0.0075, 118.0919, 1.0)
74 : (7, 18, 0.0, 301.6686, 1.0)
75 : (11, 13, 0.0279, 260.6315, 1.7143)
76 : (7, 10, 0.0, 253.4123, 1.75)
77 : (10, 28, 0.0002, 210.0142, 1.1944)
78 : (4, 0, 0.0012, 304.7329, 0.0)
79 : (0, 4, 0.0004, 324.887, 0.0)
80 : (5, 41, 0.0008, 287.231, 1.0)
81 : (14, 8, 0.0013, 360.7874, 2.6)
82 : (0, 0, 0.0, 259.1984, 0.0)
83 : (0, 0, 0.0, 275.6476, 0.0)
84 : (14, 5, 0.0044, 134.2603, 3.3333)
85 : (4, 14, 0.0003, 105.6754, 2.4444)
86 : (4, 31, 0.0007, 108.6047, 1.3333)
87 : (14, 29, 0.0, 175.8007, 1.1795)
88 : (20, 14, 0.0, 343.5817, 2.1111)
89 : (0, 20, 0.0, 417.1862, 0.0)
90 : (6, 15, 0.0, 175.6221, 1.2)
91 : (8, 8, 0.0, 128.6245, 1.84)
92 : (6, 6, 0.0, 216.6903, 2.5)
93 : (1, 6, 0.0, 264.7962, 3.5)
94 : (16, 17, 0.0, 253.1032, 1.4545)
95 : (3, 36, 0.0227, 111.049, 2.4545)
96 : (2, 18, 0.0, 509.6384, 1.0)
97 : (18, 14, 0.0, 251.3827, 1.5833)
98 : (14, 0, 0.001, 40.4489, 0.0)
99 : (0, 14, 0.0176, 300.8014, 0.0)
*********************************************************
Gen : 1
4 : (11, 16, 0.0, 167.9285, 1.8333)
5 : (9, 29, 0.0009, 216.3948, 1.4048)
6 : (5, 16, 0.0, 152.8855, 1.25)
7 : (12, 23, 0.0002, 213.694, 1.4722)
12 : (4, 18, 0.0, 166.0918, 1.0)
13 : (16, 23, 0.0, 201.3814, 1.4545)
14 : (0, 15, 0.0, 134.1007, 0.0)
15 : (14, 2, 0.0, 198.2093, 3.5)
20 : (17, 13, 0.0, 275.5814, 2.2857)
21 : (3, 17, 0.0, 157.0276, 1.7619)
22 : (2, 8, 0.0028, 192.5628, 1.0)
23 : (8, 14, 0.0199, 211.7434, 1.8)
24 : (17, 45, 0.009, 239.3718, 1.1333)
25 : (1, 17, 0.0211, 901.9223, 2.1333)
26 : (3, 10, 0.0, 279.4256, 1.5)
27 : (8, 4, 0.0, 236.4465, 2.1667)
44 : (1, 7, 0.0, 218.9769, 1.0)
45 : (6, 10, 0.0, 205.8497, 1.25)
46 : (9, 26, 0.0, 185.0423, 1.125)
47 : (4, 16, 0.0268, 274.9283, 1.2813)
48 : (4, 3, 0.0, 101.5117, 1.5)
49 : (0, 4, 0.0, 226.871, 0.0)
50 : (4, 13, 0.0039, 125.5051, 1.5)
51 : (12, 4, 0.0002, 187.9582, 4.5)
52 : (9, 12, 0.0055, 144.9816, 2.25)
53 : (11, 9, 0.0003, 155.8628, 2.8125)
54 : (1, 0, 0.0, 4.2331, 0.0)
55 : (0, 1, 0.0, 71.4761, 0.0)
56 : (8, 10, 0.0, 262.4816, 1.3333)
57 : (2, 12, 0.0, 170.2927, 1.6667)
58 : (7, 7, 0.0, 213.5352, 1.5)
59 : (1, 7, 0.0, 181.212, 2.5)
60 : (0, 0, 0.0, 0.0, 0.0)
61 : (0, 0, 0.0, 696.8856, 0.0)
62 : (10, 18, 0.0089, 442.7953, 1.1429)
63 : (10, 26, 0.0001, 201.6395, 1.2381)
64 : (3, 4, 0.0139, 216.3636, 3.0)
65 : (3, 4, 0.0014, 187.1109, 2.5)
66 : (0, 21, 0.0, 338.6263, 0.0)
67 : (20, 39, 0.0144, 269.6386, 1.2)
74 : (5, 17, 0.005, 401.3994, 1.0)
75 : (15, 27, 0.0205, 340.3151, 1.2308)
76 : (2, 24, 0.0, 274.907, 1.0)
77 : (17, 15, 0.0, 207.8529, 1.7778)
78 : (6, 6, 0.0, 124.8939, 2.0)
79 : (6, 6, 0.0, 244.4524, 2.3333)
80 : (16, 39, 0.0, 197.4415, 1.4545)
81 : (1, 16, 0.0, 250.7004, 2.4545)
88 : (2, 12, 0.0, 292.4432, 1.0)
89 : (11, 20, 0.0, 291.6334, 1.5714)
90 : (9, 14, 0.0006, 210.1342, 1.125)
91 : (4, 11, 0.0, 62.9932, 1.2813)
*********************************************************
Gen : 2
0 : (2, 16, 0.0, 131.3378, 1.0)
1 : (12, 42, 0.0002, 190.2606, 1.3)
2 : (6, 18, 0.0, 183.6705, 1.25)
3 : (14, 24, 0.0003, 199.7375, 1.3864)
4 : (3, 21, 0.0, 249.8399, 1.5)
5 : (17, 21, 0.0, 307.6216, 1.9444)
6 : (14, 3, 0.0008, 105.9589, 6.5)
7 : (1, 14, 0.0084, 158.0578, 7.5)
8 : (4, 16, 0.0, 174.2226, 1.3333)
9 : (16, 12, 0.0, 216.2607, 1.9167)
10 : (1, 7, 0.0011, 214.2758, 1.0)
11 : (1, 1, 0.0002, 176.1924, 0.0)
12 : (11, 0, 0.0, 222.9677, 0.0)
13 : (0, 11, 0.0, 505.7487, 0.0)
14 : (9, 17, 0.0021, 153.4788, 1.5)
15 : (11, 17, 0.0, 202.4564, 1.3125)
16 : (3, 5, 0.0, 415.885, 3.0)
17 : (5, 3, 0.0, 301.7992, 6.0)
18 : (2, 4, 0.0, 262.3607, 1.0)
19 : (4, 2, 0.0, 209.4606, 2.5)
20 : (2, 0, 0.0, 103.8508, 0.0)
21 : (0, 2, 0.0, 0.0, 0.0)
22 : (1, 8, 0.0, 211.1836, 1.0)
23 : (6, 2, 0.0, 99.8186, 2.0)
28 : (11, 10, 0.0083, 237.9525, 1.5714)
29 : (9, 13, 0.0003, 167.633, 1.5952)
30 : (5, 10, 0.0, 78.8755, 1.6667)
31 : (9, 5, 0.0, 219.1361, 2.8889)
36 : (7, 21, 0.0, 151.3949, 1.4)
37 : (13, 7, 0.0, 253.5306, 2.6)
38 : (3, 8, 0.0, 477.9484, 1.5)
39 : (7, 33, 0.0, 153.0126, 1.4167)
40 : (1, 12, 0.0035, 409.1182, 1.0)
41 : (12, 15, 0.0, 172.412, 1.7143)
42 : (6, 19, 0.0, 140.7113, 1.0)
43 : (7, 7, 0.0, 119.0634, 1.75)
44 : (12, 13, 0.0, 197.8962, 1.7143)
45 : (3, 27, 0.0004, 150.7401, 1.5714)
46 : (7, 13, 0.0, 146.7568, 1.5)
47 : (13, 8, 0.0, 152.3885, 3.625)
48 : (1, 3, 0.0, 201.8188, 1.0)
49 : (2, 1, 0.0, 190.5084, 0.0)
50 : (16, 14, 0.0003, 298.881, 1.4444)
51 : (4, 18, 0.0, 101.511, 1.3611)
52 : (2, 11, 0.0, 140.8235, 1.0)
53 : (9, 2, 0.0, 181.1638, 3.0)
54 : (19, 26, 0.0029, 293.6148, 1.2143)
55 : (1, 19, 0.0007, 218.3669, 2.2143)
56 : (8, 8, 0.0, 135.9668, 1.5)
57 : (8, 12, 0.0, 167.0573, 1.9)
58 : (13, 13, 0.0002, 220.345, 2.1667)
59 : (0, 13, 0.0, 247.6586, 0.0)
60 : (1, 21, 0.0, 162.8797, 1.0)
61 : (6, 3, 0.0, 467.0597, 2.5)
62 : (5, 8, 0.0, 194.1696, 1.25)
63 : (8, 8, 0.0257, 247.863, 2.0625)
68 : (9, 30, 0.005, 199.4254, 1.2857)
69 : (5, 9, 0.0003, 189.574, 5.2857)
70 : (15, 13, 0.0, 200.6928, 2.0)
71 : (5, 17, 0.0, 105.9414, 1.4)
72 : (2, 16, 0.0, 243.9739, 1.0)
73 : (15, 2, 0.0, 193.1716, 5.5)
74 : (4, 7, 0.0, 190.4958, 1.0)
75 : (3, 4, 0.0, 196.057, 1.3333)
76 : (5, 11, 0.0, 187.9033, 1.25)
77 : (0, 6, 0.0, 150.2182, 0.0)
78 : (1, 5, 0.0, 461.4099, 0.0)
79 : (5, 6, 0.0, 119.478, 1.6667)
84 : (0, 2, 0.0, 280.5088, 0.0)
85 : (2, 0, 0.0, 166.6725, 0.0)
86 : (6, 5, 0.0, 185.0493, 1.25)
87 : (2, 6, 0.0, 192.3094, 1.625)
88 : (19, 13, 0.0054, 191.0544, 1.8)
89 : (1, 19, 0.0011, 237.8283, 2.8)
90 : (2, 7, 0.0137, 219.4104, 2.0)
91 : (7, 5, 0.0003, 100.6852, 4.0)
92 : (1, 10, 0.0, 265.1576, 1.0)
93 : (9, 1, 0.0, 149.4247, 6.0)
94 : (4, 12, 0.0, 143.082, 1.0)
95 : (11, 4, 0.0, 215.5832, 5.0)
*********************************************************
Gen : 3
0 : (11, 15, 0.0, 184.8889, 1.25)
1 : (9, 11, 0.0, 247.6997, 1.7083)
2 : (0, 4, 0.0, 300.2764, 0.0)
3 : (3, 8, 0.0, 181.2903, 1.0)
4 : (0, 0, 0.0077, 427.9801, 0.0)
5 : (0, 0, 0.0, 0.0, 0.0)
6 : (4, 16, 0.0, 155.3017, 1.3333)
7 : (11, 17, 0.0005, 226.0796, 2.0556)
8 : (13, 17, 0.0, 245.4626, 1.5714)
9 : (7, 14, 0.0, 195.4403, 1.7143)
10 : (4, 12, 0.0027, 308.8359, 1.3333)
11 : (8, 13, 0.0, 242.5388, 1.5556)
12 : (17, 34, 0.0, 216.2827, 1.3077)
13 : (1, 17, 0.0, 322.7264, 2.3077)
14 : (0, 13, 0.0023, 318.2393, 0.0)
15 : (13, 0, 0.0001, 259.9854, 0.0)
20 : (5, 8, 0.0064, 170.8489, 3.0)
21 : (8, 5, 0.0002, 147.0326, 5.5)
22 : (6, 8, 0.0028, 339.2811, 1.0)
23 : (4, 6, 0.0006, 338.7715, 1.6667)
24 : (7, 9, 0.0, 211.7767, 1.5)
25 : (6, 9, 0.0, 76.3525, 1.875)
26 : (0, 7, 0.0, 50.5241, 0.0)
27 : (7, 1, 0.0, 202.1111, 5.0)
32 : (5, 21, 0.0007, 376.1093, 1.3333)
33 : (15, 16, 0.0, 223.2332, 1.8148)
34 : (3, 5, 0.0037, 109.3024, 1.5)
35 : (5, 3, 0.0003, 228.7862, 5.5)
36 : (5, 13, 0.0021, 188.5253, 1.0)
37 : (4, 5, 0.0003, 201.1106, 1.6667)
38 : (0, 6, 0.0, 368.9011, 0.0)
39 : (6, 0, 0.0, 202.485, 0.0)
40 : (4, 11, 0.0, 130.1201, 1.0)
41 : (11, 4, 0.0, 166.2725, 4.0)
42 : (3, 8, 0.0, 208.1656, 1.5)
43 : (8, 3, 0.0, 178.5184, 4.25)
44 : (13, 16, 0.0, 213.7549, 1.4444)
45 : (5, 14, 0.0, 284.7521, 1.6111)
46 : (2, 14, 0.0, 148.8815, 1.0)
47 : (14, 3, 0.0, 217.5429, 4.6667)
52 : (10, 30, 0.0, 202.0383, 1.4286)
53 : (9, 10, 0.0, 300.447, 2.1071)
54 : (3, 18, 0.0, 225.7794, 1.0)
55 : (17, 18, 0.0, 303.111, 1.6364)
56 : (0, 8, 0.0, 83.3999, 0.0)
57 : (7, 0, 0.0, 166.3397, 0.0)
58 : (3, 19, 0.0, 206.9294, 1.0)
59 : (17, 10, 0.0, 307.3177, 2.5)
60 : (0, 5, 0.0, 1.0319, 0.0)
61 : (4, 0, 0.0, 203.7153, 0.0)
62 : (6, 11, 0.0, 150.8649, 1.0)
63 : (11, 9, 0.0, 157.7553, 1.8333)
72 : (2, 8, 0.0, 151.6585, 2.0)
73 : (8, 2, 0.0, 308.1345, 6.0)
74 : (3, 16, 0.0, 210.4117, 1.0)
75 : (11, 3, 0.0, 280.6373, 3.3333)
76 : (3, 15, 0.0004, 230.862, 1.0)
77 : (13, 11, 0.0, 242.029, 2.0)
78 : (9, 5, 0.0, 189.6708, 2.0)
79 : (5, 9, 0.0, 296.8606, 1.75)
92 : (5, 15, 0.0, 164.5644, 1.0)
93 : (15, 5, 0.0, 156.8235, 2.8)
*********************************************************
Gen : 4
8 : (0, 20, 0.0, 198.4493, 0.0)
9 : (20, 18, 0.0, 187.4682, 1.5)
10 : (12, 45, 0.0057, 212.3219, 1.0909)
11 : (2, 13, 0.0014, 115.6365, 1.5455)
12 : (0, 2, 0.0, 0.0, 0.0)
13 : (2, 0, 0.0, 169.5571, 0.0)
14 : (5, 6, 0.0, 224.0863, 1.6667)
15 : (6, 5, 0.0, 77.2638, 2.3333)
20 : (4, 9, 0.0049, 366.6533, 1.0)
21 : (3, 4, 0.0005, 170.0096, 3.0)
22 : (6, 22, 0.0, 173.2471, 1.0)
23 : (14, 15, 0.0, 187.2515, 1.625)
24 : (3, 7, 0.0, 206.362, 1.5)
25 : (7, 5, 0.0, 150.2383, 2.1667)
26 : (3, 17, 0.0066, 182.334, 1.0)
27 : (17, 3, 0.0002, 191.7786, 6.0)
28 : (8, 12, 0.002, 129.5541, 1.1429)
29 : (6, 8, 0.0002, 130.2872, 1.7857)
30 : (4, 6, 0.0, 246.7495, 2.0)
31 : (6, 5, 0.0, 218.8158, 2.5)
32 : (6, 14, 0.0045, 312.5793, 1.2)
33 : (3, 6, 0.0006, 480.9241, 2.1)
34 : (3, 15, 0.0, 194.8113, 1.0)
35 : (15, 7, 0.0, 235.145, 4.0)
36 : (1, 1, 0.0, 18.6632, 1.0)
37 : (1, 1, 0.0, 69.5969, 0.0)
38 : (4, 11, 0.0, 146.0653, 1.3333)
39 : (10, 26, 0.0, 263.7202, 1.2593)
40 : (14, 9, 0.0112, 221.3578, 2.1667)
41 : (6, 15, 0.0004, 170.6653, 2.0417)
44 : (1, 3, 0.0, 274.1446, 1.0)
45 : (3, 2, 0.0, 198.4824, 1.5)
46 : (3, 13, 0.0, 213.9884, 1.5)
47 : (13, 6, 0.0, 262.1459, 1.9)
48 : (0, 20, 0.0, 250.8747, 0.0)
49 : (20, 16, 0.0245, 231.9053, 1.8)
50 : (13, 0, 0.0, 288.019, 0.0)
51 : (0, 13, 0.0, 160.4384, 0.0)
52 : (11, 9, 0.0052, 157.1694, 2.5)
53 : (8, 11, 0.0003, 244.8801, 3.5)
54 : (4, 16, 0.0, 247.9651, 1.3333)
55 : (16, 4, 0.0, 143.9019, 4.1111)
56 : (5, 13, 0.0, 321.1622, 1.25)
57 : (13, 6, 0.0, 207.4736, 2.5625)
58 : (4, 5, 0.0, 118.2944, 3.0)
59 : (5, 7, 0.0228, 233.3498, 2.6667)
60 : (0, 3, 0.0, 181.4564, 0.0)
61 : (3, 0, 0.0, 330.1545, 0.0)
62 : (5, 7, 0.0, 299.3348, 1.6667)
63 : (7, 5, 0.0, 182.1831, 2.2222)
70 : (3, 14, 0.0, 263.887, 1.0)
71 : (14, 3, 0.0, 166.325, 4.0)
72 : (2, 8, 0.0021, 240.9592, 1.0)
73 : (8, 2, 0.0001, 203.7038, 1.5)
74 : (16, 37, 0.0072, 248.0455, 1.2308)
75 : (0, 16, 0.0202, 967.6555, 0.0)
76 : (4, 22, 0.0016, 136.1918, 1.0)
77 : (10, 13, 0.0, 230.2664, 2.75)
78 : (1, 4, 0.0, 19.0724, 1.0)
79 : (3, 1, 0.0, 154.8852, 0.0)
80 : (5, 8, 0.0189, 334.3297, 1.0)
81 : (7, 10, 0.0004, 179.9126, 2.6667)
82 : (14, 20, 0.0, 236.738, 1.8571)
83 : (6, 15, 0.0, 225.0987, 1.9643)
84 : (2, 7, 0.0, 272.9693, 0.0)
85 : (7, 2, 0.0, 161.0252, 7.0)
86 : (3, 2, 0.0, 110.9904, 3.0)
87 : (2, 3, 0.0, 326.3203, 4.0)
88 : (8, 8, 0.0, 115.509, 1.75)
89 : (8, 8, 0.0, 239.2631, 2.4375)
90 : (8, 12, 0.0, 193.3114, 1.6)
91 : (12, 17, 0.0, 217.8221, 2.1)
94 : (6, 20, 0.0039, 396.7554, 1.2)
95 : (13, 16, 0.0, 183.1798, 1.2909)
96 : (11, 18, 0.0, 175.763, 1.1111)
97 : (5, 14, 0.0, 172.7542, 1.5278)
98 : (5, 20, 0.0, 194.3664, 1.25)
99 : (15, 20, 0.0, 194.5113, 1.6944)
*********************************************************
Gen : 5
0 : (2, 4, 0.0, 257.6148, 2.0)
1 : (4, 3, 0.0, 206.5832, 0.0)
2 : (5, 6, 0.0017, 180.181, 2.0)
3 : (6, 5, 0.0001, 150.7354, 2.6667)
4 : (9, 7, 0.0, 193.3743, 2.0)
5 : (7, 10, 0.0, 116.0913, 1.8)
8 : (2, 2, 0.0, 77.8759, 1.0)
9 : (0, 2, 0.0, 129.9713, 0.0)
10 : (2, 12, 0.0, 179.3215, 2.0)
11 : (12, 2, 0.0, 198.4884, 0.0)
20 : (7, 4, 0.0158, 257.3429, 2.0)
21 : (3, 7, 0.0012, 194.3626, 1.6667)
22 : (1, 5, 0.0066, 165.2778, 1.0)
23 : (5, 2, 0.0005, 288.7899, 2.5)
24 : (7, 13, 0.0, 201.1529, 1.4)
25 : (13, 8, 0.0, 209.382, 2.0667)
26 : (8, 3, 0.0, 181.1604, 4.0)
27 : (3, 8, 0.0, 605.7309, 7.0)
28 : (6, 11, 0.0092, 230.2809, 1.5)
29 : (7, 6, 0.0007, 296.9187, 2.1667)
30 : (1, 3, 0.0, 194.7178, 1.0)
31 : (3, 1, 0.0, 213.4888, 0.0)
32 : (0, 5, 0.0, 226.519, 0.0)
33 : (5, 0, 0.0, 244.133, 0.0)
34 : (18, 67, 0.0062, 219.8216, 1.0588)
35 : (1, 18, 0.0021, 192.9189, 2.0588)
36 : (7, 14, 0.0014, 93.9526, 1.4)
37 : (12, 8, 0.0, 192.0585, 2.48)
38 : (4, 9, 0.0073, 169.8943, 1.3333)
39 : (8, 4, 0.0003, 191.9158, 2.1111)
40 : (5, 5, 0.0, 129.7715, 1.6667)
41 : (5, 5, 0.0, 187.869, 1.5556)
42 : (5, 15, 0.0, 177.8837, 1.3333)
43 : (15, 14, 0.0, 191.4576, 2.3333)
44 : (7, 7, 0.0, 123.6037, 1.6667)
45 : (7, 7, 0.0, 146.6181, 2.1667)
46 : (8, 12, 0.0115, 187.9349, 1.4)
47 : (12, 8, 0.0003, 178.4082, 2.68)
48 : (6, 11, 0.0, 161.6404, 1.5)
49 : (9, 6, 0.0, 140.6679, 2.375)
50 : (4, 4, 0.0, 75.3564, 1.5)
51 : (4, 4, 0.0, 154.6559, 2.75)
56 : (9, 4, 0.0, 149.825, 4.5)
57 : (4, 9, 0.0, 217.3787, 7.5)
58 : (12, 12, 0.0044, 152.2794, 1.5)
59 : (8, 14, 0.0001, 130.411, 1.7)
64 : (6, 11, 0.0037, 103.2947, 1.5)
65 : (9, 6, 0.0002, 176.9011, 2.125)
66 : (16, 11, 0.0079, 247.1107, 2.1429)
67 : (4, 16, 0.0013, 120.8929, 2.0476)
68 : (8, 23, 0.0, 193.5337, 1.0)
69 : (8, 8, 0.0, 276.3959, 2.25)
70 : (6, 14, 0.0, 140.0602, 1.0)
71 : (14, 15, 0.0, 244.8323, 1.625)
72 : (8, 12, 0.0032, 90.0134, 1.1429)
73 : (12, 8, 0.0001, 159.5099, 1.8571)
74 : (3, 3, 0.0044, 97.627, 1.0)
75 : (2, 4, 0.0004, 182.221, 1.5)
76 : (3, 4, 0.0, 81.9567, 2.0)
77 : (4, 3, 0.0, 98.3265, 3.0)
78 : (7, 7, 0.0109, 214.63, 1.25)
79 : (3, 7, 0.0022, 103.5366, 1.4167)
80 : (1, 5, 0.0, 397.8596, 0.0)
81 : (5, 1, 0.0, 191.1944, 5.0)
82 : (7, 6, 0.0, 218.1936, 1.75)
83 : (6, 7, 0.0, 124.0252, 1.6875)
84 : (6, 4, 0.0, 235.0628, 2.0)
85 : (4, 6, 0.0, 186.1451, 3.0)
86 : (0, 0, 0.0, 114.5564, 0.0)
87 : (0, 0, 0.0, 0.0, 0.0)
88 : (3, 6, 0.0, 315.5212, 2.0)
89 : (6, 3, 0.0, 147.3775, 4.0)
90 : (5, 4, 0.0015, 120.7183, 1.6667)
91 : (2, 5, 0.0003, 132.6181, 1.8333)
96 : (6, 4, 0.0184, 283.4198, 1.5)
97 : (4, 6, 0.0018, 181.398, 1.8333)
98 : (11, 9, 0.0, 221.699, 2.75)
99 : (9, 11, 0.0, 140.2064, 2.1875)
*********************************************************
Gen : 6
4 : (19, 1, 0.0, 280.8479, 18.0)
5 : (1, 19, 0.0, 265.406, 19.0)
6 : (10, 10, 0.0, 138.4982, 1.8)
7 : (10, 13, 0.0, 85.1655, 1.6857)
8 : (3, 13, 0.0, 303.4195, 1.0)
9 : (13, 4, 0.0, 155.5017, 4.6667)
10 : (3, 17, 0.0, 359.1354, 1.0)
11 : (17, 3, 0.0, 151.299, 4.6667)
16 : (6, 3, 0.0, 191.7659, 2.0)
17 : (3, 6, 0.0, 216.6875, 2.0)
18 : (8, 6, 0.0, 235.2635, 2.6667)
19 : (6, 8, 0.0, 130.5983, 3.8333)
40 : (3, 8, 0.0036, 203.9324, 1.5)
41 : (2, 3, 0.0009, 239.6707, 1.75)
42 : (12, 5, 0.0, 205.7367, 2.75)
43 : (5, 12, 0.0, 199.9488, 1.9375)
44 : (3, 8, 0.0, 66.656, 1.0)
45 : (7, 4, 0.0, 135.9741, 3.5)
46 : (9, 5, 0.0049, 138.035, 3.5)
47 : (5, 10, 0.0003, 123.5236, 2.8333)
48 : (4, 10, 0.0, 306.9443, 1.3333)
49 : (10, 4, 0.0, 126.8819, 2.7778)
50 : (8, 10, 0.0, 192.2044, 1.75)
51 : (9, 8, 0.0, 144.3414, 2.6875)
52 : (2, 5, 0.0, 97.5272, 1.0)
53 : (5, 3, 0.0, 101.8767, 3.0)
54 : (4, 4, 0.0, 175.0693, 1.0)
55 : (4, 4, 0.0, 121.5227, 2.5)
60 : (5, 12, 0.0, 138.9619, 1.25)
61 : (12, 6, 0.0, 213.6107, 2.3125)
62 : (4, 7, 0.0037, 428.0105, 4.0)
63 : (7, 4, 0.0002, 269.8794, 8.0)
64 : (1, 7, 0.0028, 197.8649, 1.0)
65 : (4, 1, 0.0004, 184.9428, 0.0)
66 : (2, 6, 0.0, 173.9705, 1.0)
67 : (6, 2, 0.0, 194.396, 1.5)
72 : (6, 7, 0.0, 138.2353, 1.6667)
73 : (7, 6, 0.0, 206.2977, 2.1667)
74 : (6, 14, 0.0, 179.3884, 1.2)
75 : (14, 6, 0.0, 164.7059, 3.55)
76 : (10, 11, 0.0, 96.5609, 1.2857)
77 : (10, 10, 0.0, 201.5775, 1.6122)
78 : (5, 5, 0.0, 132.5641, 2.5)
79 : (4, 5, 0.0, 106.0088, 4.5)
80 : (6, 8, 0.0, 176.0208, 1.5)
81 : (6, 6, 0.0, 85.5305, 2.1667)
82 : (0, 9, 0.0, 167.6862, 0.0)
83 : (9, 0, 0.0, 201.8354, 0.0)
84 : (5, 13, 0.0, 208.2881, 1.6667)
85 : (13, 7, 0.0, 205.8288, 2.7333)
86 : (6, 5, 0.0, 103.7819, 3.0)
87 : (5, 6, 0.0, 164.7287, 4.0)
90 : (0, 5, 0.0, 54.5406, 0.0)
91 : (5, 0, 0.0, 148.7896, 0.0)
92 : (7, 4, 0.002, 125.1035, 1.0)
93 : (4, 7, 0.0002, 115.6746, 1.6667)
94 : (7, 10, 0.0, 171.8048, 1.75)
95 : (10, 8, 0.0, 184.9063, 2.6875)
96 : (4, 8, 0.0, 98.1338, 1.0)
97 : (8, 11, 0.0298, 285.1624, 1.2857)
98 : (15, 4, 0.0079, 266.6532, 5.0)
99 : (4, 16, 0.0004, 141.307, 2.25)
*********************************************************
Gen : 7
0 : (1, 0, 0.0, 74.5697, 0.0)
1 : (0, 1, 0.0, 353.5522, 0.0)
2 : (6, 6, 0.0, 214.7531, 1.5)
3 : (6, 6, 0.0, 185.0677, 2.1667)
4 : (8, 4, 0.0, 121.8804, 3.5)
5 : (4, 9, 0.0, 120.9954, 2.5)
6 : (1, 5, 0.0, 99.651, 1.0)
7 : (5, 2, 0.0, 229.8002, 1.5)
8 : (7, 13, 0.0, 103.5965, 1.75)
9 : (13, 7, 0.0, 182.4458, 3.4375)
12 : (3, 12, 0.0, 210.4105, 1.5)
13 : (11, 3, 0.0, 187.129, 5.25)
14 : (2, 4, 0.0, 72.8124, 2.0)
15 : (4, 3, 0.0, 215.2791, 3.0)
20 : (13, 7, 0.0, 167.8934, 2.25)
21 : (7, 13, 0.0, 207.726, 1.85)
22 : (5, 10, 0.0, 79.8298, 1.3333)
23 : (9, 5, 0.0, 199.2616, 2.5833)
28 : (1, 6, 0.0, 89.2475, 1.0)
29 : (6, 1, 0.0, 161.5189, 5.0)
30 : (6, 1, 0.0026, 160.7754, 4.0)
31 : (1, 6, 0.0002, 91.5819, 5.0)
32 : (6, 14, 0.0, 236.6488, 1.0)
33 : (14, 6, 0.0, 223.2289, 2.3333)
34 : (6, 6, 0.0, 183.3541, 1.3333)
35 : (6, 6, 0.0, 196.0671, 1.8333)
36 : (6, 6, 0.0, 105.1794, 2.0)
37 : (6, 7, 0.0, 270.0688, 2.0)
38 : (9, 8, 0.0, 177.7507, 1.8)
39 : (8, 9, 0.0, 203.0981, 1.95)
44 : (7, 9, 0.0, 140.6319, 1.2)
45 : (9, 7, 0.0, 203.6661, 1.7)
46 : (8, 9, 0.0012, 321.2117, 1.4)
47 : (8, 8, 0.0, 156.458, 1.88)
48 : (8, 12, 0.0, 214.5005, 1.4)
49 : (12, 8, 0.0, 218.5351, 2.2333)
50 : (0, 0, 0.0, 0.0, 0.0)
51 : (0, 0, 0.0, 0.0, 0.0)
52 : (9, 10, 0.0, 152.7487, 1.8)
53 : (10, 10, 0.0, 166.069, 2.45)
54 : (3, 6, 0.0, 132.1743, 3.0)
55 : (6, 4, 0.0, 133.9387, 6.0)
56 : (3, 8, 0.0, 236.4288, 1.5)
57 : (8, 3, 0.0, 142.6816, 2.75)
58 : (7, 6, 0.0, 132.1289, 1.5)
59 : (6, 7, 0.0, 152.1754, 1.875)
60 : (0, 3, 0.0, 161.6391, 0.0)
61 : (3, 1, 0.0, 269.3373, 1.0)
62 : (0, 0, 0.0, 0.0, 0.0)
63 : (0, 0, 0.0, 0.0, 0.0)
68 : (8, 11, 0.0111, 201.3695, 1.6)
69 : (9, 8, 0.0003, 143.6089, 1.72)
70 : (2, 9, 0.0, 201.359, 1.0)
71 : (9, 4, 0.0, 212.3773, 4.0)
72 : (4, 13, 0.0, 215.6949, 1.0)
73 : (13, 5, 0.0, 204.0031, 3.25)
74 : (3, 10, 0.0, 190.7272, 1.5)
75 : (10, 3, 0.0, 214.3587, 7.5)
78 : (13, 7, 0.0032, 115.3657, 2.3333)
79 : (7, 13, 0.0001, 140.5474, 2.3333)
80 : (3, 7, 0.0237, 290.4137, 1.5)
81 : (7, 3, 0.0016, 222.4107, 4.5)
82 : (15, 5, 0.0, 223.2008, 3.0)
83 : (5, 15, 0.0, 138.684, 1.6)
90 : (5, 9, 0.0, 195.1348, 1.25)
91 : (9, 5, 0.0, 158.2224, 2.3125)
92 : (5, 0, 0.0, 167.8178, 0.0)
93 : (0, 5, 0.0, 0.0, 0.0)
94 : (4, 15, 0.0, 44.571, 1.0)
95 : (14, 4, 0.0, 180.1714, 2.75)
96 : (8, 12, 0.0056, 150.2598, 1.6)
97 : (12, 10, 0.0002, 141.7244, 2.52)
98 : (2, 11, 0.0, 160.455, 1.0)
99 : (10, 3, 0.0, 143.9821, 5.5)
*********************************************************
Gen : 8
0 : (9, 9, 0.0, 296.6855, 1.8)
1 : (9, 10, 0.0, 172.2873, 2.45)
2 : (4, 2, 0.0, 72.9227, 2.0)
3 : (2, 4, 0.0, 311.1352, 3.0)
4 : (3, 4, 0.0, 156.8488, 2.0)
5 : (4, 3, 0.0, 273.6142, 3.0)
8 : (8, 10, 0.0035, 126.4256, 1.4)
9 : (10, 9, 0.0009, 151.8645, 1.6286)
10 : (10, 11, 0.0027, 106.304, 1.125)
11 : (10, 10, 0.0001, 116.9967, 1.3906)
16 : (6, 7, 0.0, 109.1193, 1.6667)
17 : (6, 6, 0.0, 205.7905, 2.5556)
18 : (9, 5, 0.0037, 166.567, 4.5)
19 : (4, 9, 0.0002, 314.2489, 3.25)
20 : (7, 13, 0.0017, 268.252, 1.1667)
21 : (13, 7, 0.0001, 202.2372, 2.0278)
22 : (0, 4, 0.0, 96.0271, 0.0)
23 : (4, 0, 0.0, 265.9828, 0.0)
24 : (12, 8, 0.0, 244.2413, 1.7143)
25 : (8, 12, 0.0, 180.4936, 1.4524)
26 : (11, 9, 0.0069, 164.5929, 1.8333)
27 : (9, 11, 0.0003, 144.8042, 1.9667)
32 : (8, 12, 0.0, 205.8674, 1.75)
33 : (12, 8, 0.0, 209.5909, 3.4375)
34 : (12, 7, 0.0011, 102.072, 2.2)
35 : (7, 12, 0.0, 164.1572, 1.5333)
40 : (7, 14, 0.0, 158.6845, 1.1667)
41 : (13, 7, 0.0, 232.7039, 1.8611)
42 : (9, 6, 0.0, 161.134, 3.0)
43 : (6, 9, 0.0, 355.7104, 2.3333)
44 : (4, 8, 0.0, 162.689, 1.0)
45 : (8, 5, 0.0, 227.0811, 2.0)
46 : (3, 1, 0.0, 183.5595, 1.0)
47 : (1, 3, 0.0, 522.568, 2.0)
48 : (5, 15, 0.0, 212.6387, 1.0)
49 : (14, 5, 0.0, 162.5362, 3.5)
50 : (4, 3, 0.0, 193.4065, 1.5)
51 : (3, 5, 0.0, 165.3189, 2.25)
52 : (6, 8, 0.0032, 139.288, 1.3333)
53 : (8, 7, 0.0001, 108.2926, 2.3333)
54 : (4, 8, 0.0024, 141.409, 1.0)
55 : (8, 4, 0.0001, 204.717, 3.0)
68 : (5, 9, 0.0, 138.4769, 1.0)
69 : (9, 6, 0.0, 139.5518, 1.3333)
70 : (5, 13, 0.0035, 121.9579, 2.0)
71 : (13, 5, 0.0001, 193.4161, 5.0)
72 : (14, 6, 0.0, 193.3179, 3.5)
73 : (6, 16, 0.0, 209.7462, 2.5)
74 : (19, 1, 0.0008, 284.4968, 11.0)
75 : (1, 19, 0.0, 166.5422, 12.0)
84 : (9, 11, 0.0025, 99.809, 1.5)
85 : (9, 10, 0.0001, 252.7254, 1.5)
86 : (5, 3, 0.0, 98.7695, 2.5)
87 : (3, 5, 0.0, 136.7076, 3.5)
88 : (3, 10, 0.0, 245.2399, 1.0)
89 : (10, 3, 0.0, 166.3582, 5.0)
90 : (7, 7, 0.0, 139.5216, 2.3333)
91 : (6, 7, 0.0, 169.0758, 2.6667)
98 : (5, 14, 0.0, 170.7598, 2.5)
99 : (13, 5, 0.0, 225.326, 7.25)
*********************************************************
Gen : 9
0 : (4, 16, 0.0, 345.0084, 1.0)
1 : (16, 4, 0.0, 166.4623, 5.3333)
4 : (11, 2, 0.0, 290.2689, 4.5)
5 : (2, 11, 0.0, 198.5792, 3.25)
6 : (7, 14, 0.0, 105.9365, 1.5)
7 : (13, 7, 0.0, 172.3287, 3.625)
8 : (12, 7, 0.0, 151.6182, 2.75)
9 : (7, 12, 0.0, 109.2643, 1.95)
10 : (1, 1, 0.0062, 458.177, 1.0)
11 : (1, 1, 0.0012, 668.8535, 0.0)
12 : (6, 4, 0.0, 215.5991, 1.25)
13 : (4, 6, 0.0, 246.5922, 1.3125)
14 : (4, 9, 0.0037, 120.6264, 1.0)
15 : (9, 4, 0.0002, 158.6196, 1.6667)
24 : (4, 14, 0.0, 156.1926, 1.0)
25 : (14, 5, 0.0, 226.7653, 3.75)
26 : (2, 6, 0.0, 48.7707, 1.0)
27 : (5, 2, 0.0, 104.9379, 2.0)
28 : (10, 7, 0.0, 196.2841, 2.6667)
29 : (7, 12, 0.0, 188.1149, 2.4167)
30 : (6, 11, 0.0, 241.5897, 1.25)
31 : (11, 6, 0.0, 200.3138, 2.45)
40 : (2, 0, 0.0, 103.8499, 0.0)
41 : (0, 2, 0.0, 120.525, 0.0)
42 : (6, 8, 0.0, 266.7271, 1.5)
43 : (7, 6, 0.0, 213.1765, 2.5)
44 : (8, 5, 0.0, 197.2672, 2.0)
45 : (5, 8, 0.0, 116.5803, 2.3333)
46 : (8, 12, 0.0066, 262.2465, 2.3333)
47 : (12, 8, 0.0002, 173.8355, 3.5833)
48 : (3, 13, 0.0, 169.4576, 1.0)
49 : (13, 4, 0.0, 220.8633, 2.3333)
50 : (1, 2, 0.0, 153.584, 1.0)
51 : (2, 1, 0.0, 269.9767, 2.0)
52 : (6, 9, 0.0, 41.28, 2.0)
53 : (9, 7, 0.0, 105.9519, 3.6667)
54 : (10, 8, 0.0014, 270.3754, 2.0)
55 : (8, 12, 0.0, 261.1312, 1.5)
56 : (5, 15, 0.0, 195.6039, 1.3333)
57 : (15, 6, 0.0, 165.5421, 3.2667)
58 : (2, 6, 0.0, 95.0335, 1.0)
59 : (6, 2, 0.0, 161.9269, 3.5)
60 : (6, 8, 0.002, 99.5699, 1.5)
61 : (8, 6, 0.0001, 171.4013, 2.125)
62 : (2, 9, 0.0, 230.3221, 1.0)
63 : (9, 2, 0.0, 204.98, 5.0)
64 : (7, 6, 0.0079, 141.1847, 2.0)
65 : (6, 8, 0.0003, 187.423, 2.6667)
66 : (12, 9, 0.0, 241.3803, 2.4)
67 : (8, 12, 0.0, 170.7134, 2.35)
76 : (6, 8, 0.0, 148.9956, 2.0)
77 : (8, 7, 0.0, 165.7826, 3.0)
78 : (1, 1, 0.0, 275.0742, 0.0)
79 : (1, 1, 0.0, 256.2465, 1.0)
80 : (3, 6, 0.0, 163.5066, 1.5)
81 : (6, 4, 0.0, 170.8058, 2.25)
82 : (7, 13, 0.0017, 140.8642, 1.4)
83 : (13, 7, 0.0, 222.7858, 2.48)
84 : (8, 11, 0.0, 142.8004, 1.1667)
85 : (11, 8, 0.0, 199.9326, 1.7381)
86 : (10, 6, 0.0, 175.7719, 1.25)
87 : (6, 10, 0.0, 150.9678, 1.45)
88 : (15, 5, 0.0, 211.1588, 3.3333)
89 : (5, 15, 0.0, 164.9685, 2.0833)
90 : (0, 2, 0.0, 0.0, 0.0)
91 : (2, 0, 0.0, 186.8636, 0.0)
92 : (12, 8, 0.0, 206.4309, 1.6667)
93 : (8, 12, 0.0, 310.209, 2.4167)
94 : (2, 8, 0.0, 117.5122, 1.0)
95 : (8, 3, 0.0, 167.0715, 3.0)
96 : (11, 9, 0.0061, 143.7242, 1.8)
97 : (9, 12, 0.0002, 182.7624, 1.8)
98 : (10, 10, 0.0, 202.9703, 1.8)
99 : (10, 11, 0.0, 184.0687, 1.9667)
*********************************************************
gen	avg    	std     	min     	max    
0  	1.68475	0.45386 	0.300095	2.57987
1  	1.90702	0.461912	0.929   	2.89277
2  	1.92405	0.494065	0.53243 	2.83407
3  	2.05736	0.483937	0.53742 	2.83407
4  	2.11593	0.485536	0.820276	2.83194
5  	2.3164 	0.449791	0.91    	2.99277
6  	2.48811	0.359976	1.25    	2.97095
7  	2.42539	0.527702	1       	2.97095
8  	2.63289	0.309476	1.2     	2.99277
9  	2.5914 	0.410204	1.1     	2.97095