number of estimated clusters : 4
index:
[1, 3, 5, 7, 9, 11, 13, 15, 17, 19, 21, 23, 25, 27, 29, 31, 33, 35, 37, 39, 41, 43, 45, 47, 49, 51, 53, 55, 57, 59, 61, 63, 65, 67, 69, 71, 73, 75, 77, 79, 81, 83, 85, 87, 89, 91, 93, 95, 97, 99]
fitness:
[(0.0, 2.2863894485066836, 0.0), (0.0, 2.3036025363848505, 0.0), (0.0, 2.2838229788275903, 0.0), (0.0, 2.303878999539827, 0.0), (0.0, 2.3063091039755683, 0.0), (0.0, 2.304786411238694, 0.0), (0.0, 2.2784727255579194, 0.0), (0.0, 2.3022534350017314, 0.0), (0.0, 2.3036025363848505, 0.0), (0.0, 2.294795044886844, 0.0), (0.0, 2.30207822513919, 0.0), (0.0, 2.3036025363848505, 0.0), (0.0, 2.285353389362191, 0.0), (0.0, 2.3036025363848505, 0.0), (0.0, 2.3152434689704013, 0.0), (0.0, 2.259493781545205, 0.0), (0.0, 2.2945900001586788, 0.0), (0.0, 2.2838229788275903, 0.0), (0.0, 2.269741247287791, 0.0), (0.0, 2.301017741022605, 0.0), (0.0, 2.3131173314670934, 0.0), (0.0, 2.2590078727939136, 0.0), (0.0, 2.28506742053222, 0.0), (0.0, 2.28506742053222, 0.0), (0.0, 2.3036025363848505, 0.0), (0.0, 2.279381423706484, 0.0), (0.0, 2.2608633802686895, 0.0), (0.0, 2.3090342742961076, 0.0), (0.0, 2.307491590206216, 0.0), (0.0, 2.307491590206216, 0.0), (0.0, 2.285353389362191, 0.0), (0.0, 2.301017741022605, 0.0), (0.0, 2.3016391171302573, 0.0), (0.0, 2.29124746102151, 0.0), (0.0, 2.282324092648449, 0.0), (0.0, 2.3272878131950168, 0.0), (0.0, 2.298225803165567, 0.0), (0.0, 2.306197788233929, 0.0), (0.0, 2.2754509396396414, 0.0), (0.0, 2.289699459075932, 0.0), (0.0, 2.2858063370499386, 0.0), (0.0, 2.3048977951432175, 0.0), (0.0, 2.3005437323684568, 0.0), (0.0, 2.2945900001586788, 0.0), (0.0, 2.2764063718987853, 0.0), (0.0, 2.296288626445561, 0.0), (0.0, 2.2818098098532054, 0.0), (0.0, 2.294620563472822, 0.0), (0.0, 2.3215172544607126, 0.0), (0.0, 2.270668223250176, 0.0)]
mean fitness:
[0.0, 2.2936435256875716, 0.0]
center: 
[  8.67178440e+00   4.48583722e-01   1.59963083e+00   1.00000000e+00
   8.84369888e+01   1.00000000e+04   1.00000000e+02   0.00000000e+00
  -1.42903399e+00]
members:
[[  8.70181561e+00   4.52143192e-01   1.00000000e+00   1.00000000e+00
    8.54046097e+01   1.00000000e+04   1.00000000e+02   0.00000000e+00
   -3.01150632e+00]
 [  8.09354687e+00   4.52143192e-01   3.99815536e+00   1.00000000e+00
    9.08667450e+01   1.00000000e+04   1.00000000e+02   0.00000000e+00
    0.00000000e+00]
 [  9.14850235e+00   4.52143192e-01   1.00000000e+00   1.00000000e+00
    8.51846390e+01   1.00000000e+04   1.00000000e+02   0.00000000e+00
   -3.80449700e+00]
 [  8.65999985e+00   3.60417247e-01   1.00000000e+00   1.00000000e+00
    8.54046097e+01   1.00000000e+04   1.00000000e+02   0.00000000e+00
   -3.01150632e+00]
 [  8.09354687e+00   4.52143192e-01   3.99815536e+00   1.00000000e+00
    9.08667450e+01   1.00000000e+04   1.00000000e+02   0.00000000e+00
    0.00000000e+00]
 [  8.88129044e+00   4.52143192e-01   1.00000000e+00   1.00000000e+00
    9.08667450e+01   1.00000000e+04   1.00000000e+02   0.00000000e+00
    0.00000000e+00]
 [  8.65999985e+00   4.23398137e-01   1.00000000e+00   1.00000000e+00
    8.51846390e+01   1.00000000e+04   1.00000000e+02   0.00000000e+00
   -3.80449700e+00]
 [  8.65999985e+00   4.52143192e-01   1.00000000e+00   1.00000000e+00
    9.08667450e+01   1.00000000e+04   1.00000000e+02   0.00000000e+00
    0.00000000e+00]
 [  8.09354687e+00   4.52143192e-01   3.99815536e+00   1.00000000e+00
    9.08667450e+01   1.00000000e+04   1.00000000e+02   0.00000000e+00
    0.00000000e+00]
 [  8.65999985e+00   4.52143192e-01   1.00000000e+00   1.00000000e+00
    8.54046097e+01   1.00000000e+04   1.00000000e+02   0.00000000e+00
   -3.01150632e+00]
 [  8.65999985e+00   4.52143192e-01   1.00000000e+00   1.00000000e+00
    9.08667450e+01   1.00000000e+04   1.00000000e+02   0.00000000e+00
   -3.01150632e+00]
 [  8.09354687e+00   4.52143192e-01   3.99815536e+00   1.00000000e+00
    9.08667450e+01   1.00000000e+04   1.00000000e+02   0.00000000e+00
    0.00000000e+00]
 [  8.65999985e+00   4.52143192e-01   1.00000000e+00   1.00000000e+00
    8.54046097e+01   1.00000000e+04   1.00000000e+02   0.00000000e+00
   -3.01150632e+00]
 [  8.09354687e+00   4.52143192e-01   3.99815536e+00   1.00000000e+00
    9.08667450e+01   1.00000000e+04   1.00000000e+02   0.00000000e+00
    0.00000000e+00]
 [  8.65999985e+00   4.52143192e-01   1.00000000e+00   1.00000000e+00
    9.08667450e+01   1.00000000e+04   1.00000000e+02   0.00000000e+00
   -3.01150632e+00]
 [  8.65999985e+00   4.52143192e-01   1.00000000e+00   1.00000000e+00
    8.54046097e+01   1.00000000e+04   1.00000000e+02   0.00000000e+00
    0.00000000e+00]
 [  8.65999985e+00   4.52143192e-01   1.00000000e+00   1.00000000e+00
    9.08667450e+01   1.00000000e+04   1.00000000e+02   0.00000000e+00
   -3.01150632e+00]
 [  9.14850235e+00   4.52143192e-01   1.00000000e+00   1.00000000e+00
    8.51846390e+01   1.00000000e+04   1.00000000e+02   0.00000000e+00
   -3.80449700e+00]
 [  8.65999985e+00   4.52143192e-01   1.00000000e+00   1.00000000e+00
    9.08667450e+01   1.00000000e+04   1.00000000e+02   0.00000000e+00
    0.00000000e+00]
 [  8.70181561e+00   4.52143192e-01   1.00000000e+00   1.00000000e+00
    9.08667450e+01   1.00000000e+04   1.00000000e+02   0.00000000e+00
    0.00000000e+00]
 [  8.65999985e+00   4.52143192e-01   1.00000000e+00   1.00000000e+00
    9.08667450e+01   1.00000000e+04   1.00000000e+02   0.00000000e+00
    0.00000000e+00]
 [  9.40748310e+00   4.52143192e-01   1.00000000e+00   1.00000000e+00
    8.54046097e+01   1.00000000e+04   1.00000000e+02   0.00000000e+00
   -3.01150632e+00]
 [  9.40748310e+00   4.52143192e-01   1.00000000e+00   1.00000000e+00
    9.08667450e+01   1.00000000e+04   1.00000000e+02   0.00000000e+00
    0.00000000e+00]
 [  9.40748310e+00   4.52143192e-01   1.00000000e+00   1.00000000e+00
    9.08667450e+01   1.00000000e+04   1.00000000e+02   0.00000000e+00
    0.00000000e+00]
 [  8.09354687e+00   4.52143192e-01   3.99815536e+00   1.00000000e+00
    9.08667450e+01   1.00000000e+04   1.00000000e+02   0.00000000e+00
    0.00000000e+00]
 [  8.65999985e+00   4.52143192e-01   1.00000000e+00   1.00000000e+00
    8.54046097e+01   1.00000000e+04   1.00000000e+02   0.00000000e+00
   -1.45171833e+00]
 [  8.65999985e+00   4.52143192e-01   1.00000000e+00   1.00000000e+00
    8.54046097e+01   1.00000000e+04   1.00000000e+02   0.00000000e+00
    4.59585190e-01]
 [  8.65999985e+00   4.52143192e-01   1.00000000e+00   1.00000000e+00
    9.08667450e+01   1.00000000e+04   1.00000000e+02   0.00000000e+00
   -3.01150632e+00]
 [  8.88129044e+00   4.52143192e-01   1.00000000e+00   1.00000000e+00
    9.08667450e+01   1.00000000e+04   1.00000000e+02   0.00000000e+00
    0.00000000e+00]
 [  8.88129044e+00   4.52143192e-01   1.00000000e+00   1.00000000e+00
    9.08667450e+01   1.00000000e+04   1.00000000e+02   0.00000000e+00
    0.00000000e+00]
 [  8.65999985e+00   4.52143192e-01   1.00000000e+00   1.00000000e+00
    8.54046097e+01   1.00000000e+04   1.00000000e+02   0.00000000e+00
   -3.01150632e+00]
 [  8.70181561e+00   4.52143192e-01   1.00000000e+00   1.00000000e+00
    9.08667450e+01   1.00000000e+04   1.00000000e+02   0.00000000e+00
    0.00000000e+00]
 [  8.65999985e+00   4.52143192e-01   1.00000000e+00   1.00000000e+00
    8.54046097e+01   1.00000000e+04   1.00000000e+02   0.00000000e+00
   -3.01150632e+00]
 [  8.88129044e+00   4.52143192e-01   1.00000000e+00   1.00000000e+00
    9.08667450e+01   1.00000000e+04   1.00000000e+02   0.00000000e+00
    0.00000000e+00]
 [  8.65999985e+00   4.23398137e-01   1.00000000e+00   1.00000000e+00
    8.51846390e+01   1.00000000e+04   1.00000000e+02   0.00000000e+00
    0.00000000e+00]
 [  8.70181561e+00   4.52143192e-01   3.99815536e+00   1.00000000e+00
    9.08667450e+01   1.00000000e+04   1.00000000e+02   0.00000000e+00
   -3.80449700e+00]
 [  8.09354687e+00   4.52143192e-01   1.00000000e+00   1.00000000e+00
    9.08667450e+01   1.00000000e+04   1.00000000e+02   0.00000000e+00
    0.00000000e+00]
 [  8.88129044e+00   4.52143192e-01   3.99815536e+00   1.00000000e+00
    9.08667450e+01   1.00000000e+04   1.00000000e+02   0.00000000e+00
    0.00000000e+00]
 [  8.70181561e+00   4.52143192e-01   1.00000000e+00   1.00000000e+00
    8.54046097e+01   1.00000000e+04   1.00000000e+02   0.00000000e+00
    0.00000000e+00]
 [  8.65999985e+00   4.52143192e-01   1.00000000e+00   1.00000000e+00
    8.54046097e+01   1.00000000e+04   1.00000000e+02   0.00000000e+00
   -3.01150632e+00]
 [  8.65999985e+00   4.52143192e-01   3.99815536e+00   1.00000000e+00
    8.54046097e+01   1.00000000e+04   1.00000000e+02   0.00000000e+00
   -3.01150632e+00]
 [  8.09354687e+00   4.52143192e-01   1.00000000e+00   1.00000000e+00
    9.08667450e+01   1.00000000e+04   1.00000000e+02   0.00000000e+00
    0.00000000e+00]
 [  8.09354687e+00   4.52143192e-01   3.99815536e+00   1.00000000e+00
    9.08667450e+01   1.00000000e+04   1.00000000e+02   0.00000000e+00
   -2.45999551e+00]
 [  8.65999985e+00   4.52143192e-01   1.00000000e+00   1.00000000e+00
    9.08667450e+01   1.00000000e+04   1.00000000e+02   0.00000000e+00
   -3.01150632e+00]
 [  8.88129044e+00   4.52143192e-01   1.00000000e+00   1.00000000e+00
    8.54046097e+01   1.00000000e+04   1.00000000e+02   0.00000000e+00
    0.00000000e+00]
 [  8.65999985e+00   4.52143192e-01   1.00000000e+00   1.00000000e+00
    8.54046097e+01   1.00000000e+04   1.00000000e+02   0.00000000e+00
   -3.01150632e+00]
 [  8.65999985e+00   4.52143192e-01   1.00000000e+00   1.00000000e+00
    8.54046097e+01   1.00000000e+04   1.00000000e+02   0.00000000e+00
    0.00000000e+00]
 [  8.88129044e+00   4.23398137e-01   1.00000000e+00   1.00000000e+00
    8.51846390e+01   1.00000000e+04   1.00000000e+02   0.00000000e+00
   -3.80449700e+00]
 [  8.88129044e+00   4.52143192e-01   1.00000000e+00   1.00000000e+00
    9.08667450e+01   1.00000000e+04   1.00000000e+02   0.00000000e+00
   -3.80449700e+00]
 [  9.14850235e+00   4.52143192e-01   1.00000000e+00   1.00000000e+00
    8.51846390e+01   1.00000000e+04   1.00000000e+02   0.00000000e+00
    0.00000000e+00]]
index:
[2, 4, 10, 12, 16, 20, 22, 26, 30, 32, 34, 36, 38, 42, 44, 46, 48, 52, 54, 62, 70, 72, 78, 82, 84, 86, 98]
fitness:
[(0.0, 2.3036025363848505, 0.0), (0.0, 2.2838229788275903, 0.0), (0.0, 2.304786411238694, 0.0), (0.0, 2.2784727255579194, 0.0), (0.0, 2.3036025363848505, 0.0), (0.0, 2.30207822513919, 0.0), (0.0, 2.3036025363848505, 0.0), (0.0, 2.3036025363848505, 0.0), (0.0, 2.259493781545205, 0.0), (0.0, 2.2945900001586788, 0.0), (0.0, 2.2838229788275903, 0.0), (0.0, 2.269741247287791, 0.0), (0.0, 2.301017741022605, 0.0), (0.0, 2.2590078727939136, 0.0), (0.0, 2.28506742053222, 0.0), (0.0, 2.28506742053222, 0.0), (0.0, 2.3036025363848505, 0.0), (0.0, 2.2608633802686895, 0.0), (0.0, 2.3090342742961076, 0.0), (0.0, 2.301017741022605, 0.0), (0.0, 2.3272878131950168, 0.0), (0.0, 2.298225803165567, 0.0), (0.0, 2.289699459075932, 0.0), (0.0, 2.3048977951432175, 0.0), (0.0, 2.3005437323684568, 0.0), (0.0, 2.2945900001586788, 0.0), (0.0, 2.270668223250176, 0.0)]
mean fitness:
[0.0, 2.291918878049345, 0.0]
center: 
[  3.04974842e+00   2.44196033e+00   9.94909119e+02   9.86575989e+02
   1.28177273e+00   4.07400000e+03   4.28187408e+01   9.77162552e+01
   1.24739628e+01]
members:
[[  2.83551669e+00   2.44972587e+00   9.94000000e+02   9.99000000e+02
    1.00000000e+00   4.07400000e+03   4.11475601e+01   9.73757782e+01
    1.38709641e+01]
 [  3.13000011e+00   2.45568633e+00   9.99000000e+02   9.61000000e+02
    1.65300012e+00   4.07400000e+03   4.40000000e+01   9.80000000e+01
    1.06961517e+01]
 [  3.13135076e+00   2.40000010e+00   9.94000000e+02   9.99000000e+02
    1.00000000e+00   4.07400000e+03   4.11475601e+01   9.73757782e+01
    1.17500000e+01]
 [  3.13000011e+00   2.45568633e+00   9.94000000e+02   9.55944031e+02
    1.00000000e+00   3.99850708e+03   4.40000000e+01   9.80000000e+01
    1.17500000e+01]
 [  2.83551669e+00   2.44972587e+00   9.94000000e+02   9.99000000e+02
    1.00000000e+00   4.07400000e+03   4.11475601e+01   9.73757782e+01
    1.38709641e+01]
 [  3.13000011e+00   2.45568633e+00   9.94000000e+02   9.61000000e+02
    1.00000000e+00   3.79042065e+03   4.40000000e+01   9.80000000e+01
    1.17500000e+01]
 [  2.83551669e+00   2.44972587e+00   9.94000000e+02   9.99000000e+02
    1.00000000e+00   4.07400000e+03   4.11475601e+01   9.73757782e+01
    1.38709641e+01]
 [  2.83551669e+00   2.44972587e+00   9.94000000e+02   9.99000000e+02
    1.00000000e+00   4.07400000e+03   4.11475601e+01   9.73757782e+01
    1.38709641e+01]
 [  3.13000011e+00   2.42907000e+00   9.94000000e+02   9.96729004e+02
    5.23999977e+00   4.07400000e+03   4.40000000e+01   9.80000000e+01
    1.17500000e+01]
 [  3.13000011e+00   2.45568633e+00   9.94000000e+02   9.61000000e+02
    1.00000000e+00   4.07400000e+03   4.40000000e+01   9.80000000e+01
    1.17500000e+01]
 [  3.13000011e+00   2.45568633e+00   9.99000000e+02   9.61000000e+02
    1.65300012e+00   4.07400000e+03   4.40000000e+01   9.80000000e+01
    1.06961517e+01]
 [  3.13000011e+00   2.33097482e+00   9.94000000e+02   9.55944031e+02
    1.00000000e+00   4.07400000e+03   4.40000000e+01   9.80000000e+01
    1.17500000e+01]
 [  3.13000011e+00   2.45568633e+00   9.94000000e+02   9.99000000e+02
    1.00000000e+00   4.07400000e+03   4.40000000e+01   9.80000000e+01
    1.17500000e+01]
 [  3.13000011e+00   2.45568633e+00   9.94000000e+02   9.61000000e+02
    5.23999977e+00   4.82863477e+03   4.40000000e+01   9.80000000e+01
    1.17500000e+01]
 [  3.13000011e+00   2.45568633e+00   9.94000000e+02   9.61000000e+02
    1.00000000e+00   4.82863477e+03   4.40000000e+01   9.80000000e+01
    1.17500000e+01]
 [  3.13000011e+00   2.45568633e+00   9.94000000e+02   9.61000000e+02
    1.00000000e+00   4.82863477e+03   4.40000000e+01   9.80000000e+01
    1.17500000e+01]
 [  2.83551669e+00   2.44972587e+00   9.94000000e+02   9.99000000e+02
    1.00000000e+00   4.07400000e+03   4.11475601e+01   9.73757782e+01
    1.38709641e+01]
 [  3.13000011e+00   2.45568633e+00   9.94000000e+02   9.61000000e+02
    1.00000000e+00   4.07400000e+03   4.40000000e+01   9.80000000e+01
    1.17500000e+01]
 [  3.13000011e+00   2.41437960e+00   9.99000000e+02   9.99000000e+02
    1.00000000e+00   4.07400000e+03   4.40000000e+01   9.80000000e+01
    1.17500000e+01]
 [  3.13000011e+00   2.45568633e+00   9.94000000e+02   9.99000000e+02
    1.00000000e+00   4.07400000e+03   4.40000000e+01   9.80000000e+01
    1.17500000e+01]
 [  3.13000011e+00   2.44972587e+00   9.94000000e+02   9.99000000e+02
    1.00000000e+00   4.07400000e+03   4.11475601e+01   9.73757782e+01
    1.38709641e+01]
 [  3.13000011e+00   2.44972587e+00   9.94000000e+02   9.99000000e+02
    1.00000000e+00   4.07400000e+03   4.11475601e+01   9.73757782e+01
    1.38709641e+01]
 [  3.13000011e+00   2.45568633e+00   9.94000000e+02   9.99000000e+02
    1.00000000e+00   4.07400000e+03   4.40000000e+01   9.80000000e+01
    1.17500000e+01]
 [  2.83551669e+00   2.44972587e+00   9.94000000e+02   9.99000000e+02
    1.00000000e+00   4.07400000e+03   4.11475601e+01   9.73757782e+01
    1.38709641e+01]
 [  3.13000011e+00   2.44972587e+00   9.94000000e+02   9.99000000e+02
    1.00000000e+00   4.07400000e+03   4.36841431e+01   9.73757782e+01
    1.38709641e+01]
 [  3.13000011e+00   2.45568633e+00   9.94000000e+02   9.61000000e+02
    1.00000000e+00   4.07400000e+03   4.40000000e+01   9.80000000e+01
    1.17500000e+01]
 [  3.13000011e+00   2.45568633e+00   9.99000000e+02   9.61000000e+02
    1.65300012e+00   4.07400000e+03   4.40000000e+01   9.80000000e+01
    1.06961517e+01]]
index:
[0, 6, 14, 18, 24, 28, 40, 50, 60, 64, 68, 76, 80, 90, 94]
fitness:
[(0.0, 2.2863894485066836, 0.0), (0.0, 2.303878999539827, 0.0), (0.0, 2.3022534350017314, 0.0), (0.0, 2.294795044886844, 0.0), (0.0, 2.285353389362191, 0.0), (0.0, 2.3152434689704013, 0.0), (0.0, 2.3131173314670934, 0.0), (0.0, 2.279381423706484, 0.0), (0.0, 2.285353389362191, 0.0), (0.0, 2.3016391171302573, 0.0), (0.0, 2.282324092648449, 0.0), (0.0, 2.2754509396396414, 0.0), (0.0, 2.2858063370499386, 0.0), (0.0, 2.296288626445561, 0.0), (0.0, 2.294620563472822, 0.0)]
mean fitness:
[0.0, 2.2934597071460074, 0.0]
center: 
[  3.00805616e+00   2.45317221e+00   9.90654053e+02   9.66385925e+02
   4.71182728e+00   3.09230420e+03   4.40000000e+01   9.80000000e+01
   1.17500000e+01]
members:
[[  3.13000011e+00   2.45568633e+00   9.94000000e+02   9.61000000e+02
    5.23999977e+00   3.09230371e+03   4.40000000e+01   9.80000000e+01
    1.17500000e+01]
 [  2.99443698e+00   2.45568633e+00   9.94000000e+02   9.61000000e+02
    3.56067014e+00   3.09230371e+03   4.40000000e+01   9.80000000e+01
    1.17500000e+01]
 [  2.00065374e+00   2.45568633e+00   9.43810486e+02   9.61000000e+02
    5.69179964e+00   3.09230371e+03   4.40000000e+01   9.80000000e+01
    1.17500000e+01]
 [  2.99443698e+00   2.45568633e+00   9.94000000e+02   9.61000000e+02
    3.56067014e+00   3.09230371e+03   4.40000000e+01   9.80000000e+01
    1.17500000e+01]
 [  3.13000011e+00   2.45568633e+00   9.94000000e+02   9.61000000e+02
    5.23999977e+00   3.09230371e+03   4.40000000e+01   9.80000000e+01
    1.17500000e+01]
 [  2.99443698e+00   2.45568633e+00   9.94000000e+02   9.61000000e+02
    3.56067014e+00   3.09230371e+03   4.40000000e+01   9.80000000e+01
    1.17500000e+01]
 [  3.13000011e+00   2.45568633e+00   9.94000000e+02   9.65789185e+02
    1.00000000e+00   3.09230371e+03   4.40000000e+01   9.80000000e+01
    1.17500000e+01]
 [  3.13000011e+00   2.45568633e+00   9.94000000e+02   9.61000000e+02
    5.23999977e+00   3.09230371e+03   4.40000000e+01   9.80000000e+01
    1.17500000e+01]
 [  3.13000011e+00   2.45568633e+00   9.94000000e+02   9.61000000e+02
    5.23999977e+00   3.09230371e+03   4.40000000e+01   9.80000000e+01
    1.17500000e+01]
 [  3.13000011e+00   2.45568633e+00   9.94000000e+02   9.99000000e+02
    5.23999977e+00   3.09230371e+03   4.40000000e+01   9.80000000e+01
    1.17500000e+01]
 [  2.83551669e+00   2.45568633e+00   9.94000000e+02   9.61000000e+02
    5.69179964e+00   3.09230371e+03   4.40000000e+01   9.80000000e+01
    1.17500000e+01]
 [  3.13000011e+00   2.45568633e+00   9.94000000e+02   9.61000000e+02
    5.23999977e+00   3.09230371e+03   4.40000000e+01   9.80000000e+01
    1.17500000e+01]
 [  3.13000011e+00   2.47366285e+00   9.94000000e+02   9.61000000e+02
    5.23999977e+00   3.09230371e+03   4.40000000e+01   9.80000000e+01
    1.17500000e+01]
 [  3.13135076e+00   2.40000010e+00   9.94000000e+02   9.99000000e+02
    5.23999977e+00   3.09230371e+03   4.40000000e+01   9.80000000e+01
    1.17500000e+01]
 [  3.13000011e+00   2.45568633e+00   9.94000000e+02   9.61000000e+02
    5.69179964e+00   3.09230371e+03   4.40000000e+01   9.80000000e+01
    1.17500000e+01]]
index:
[8, 56, 58, 66, 74, 88, 92, 96]
fitness:
[(0.0, 2.3063091039755683, 0.0), (0.0, 2.307491590206216, 0.0), (0.0, 2.307491590206216, 0.0), (0.0, 2.29124746102151, 0.0), (0.0, 2.306197788233929, 0.0), (0.0, 2.2764063718987853, 0.0), (0.0, 2.2818098098532054, 0.0), (0.0, 2.3215172544607126, 0.0)]
mean fitness:
[0.0, 2.2998088712320177, 0.0]
center: 
[  3.09420276e+00   2.41317654e+00   9.94000000e+02   9.89500000e+02
   5.23999977e+00   3.21192017e+03   4.40000000e+01   9.80000000e+01
   1.20151205e+01]
members:
[[  2.83551669e+00   2.44972587e+00   9.94000000e+02   9.99000000e+02
    5.23999977e+00   3.21192041e+03   4.40000000e+01   9.80000000e+01
    1.38709641e+01]
 [  3.13135076e+00   2.40000010e+00   9.94000000e+02   9.99000000e+02
    5.23999977e+00   3.21192041e+03   4.40000000e+01   9.80000000e+01
    1.17500000e+01]
 [  3.13135076e+00   2.40000010e+00   9.94000000e+02   9.99000000e+02
    5.23999977e+00   3.21192041e+03   4.40000000e+01   9.80000000e+01
    1.17500000e+01]
 [  3.13135076e+00   2.40000010e+00   9.94000000e+02   9.61000000e+02
    5.23999977e+00   3.21192041e+03   4.40000000e+01   9.80000000e+01
    1.17500000e+01]
 [  3.13135076e+00   2.40000010e+00   9.94000000e+02   9.99000000e+02
    5.23999977e+00   3.21192041e+03   4.40000000e+01   9.80000000e+01
    1.17500000e+01]
 [  3.13000011e+00   2.45568633e+00   9.94000000e+02   9.61000000e+02
    5.23999977e+00   3.21192041e+03   4.40000000e+01   9.80000000e+01
    1.17500000e+01]
 [  3.13135076e+00   2.40000010e+00   9.94000000e+02   9.99000000e+02
    5.23999977e+00   3.21192041e+03   4.40000000e+01   9.80000000e+01
    1.17500000e+01]
 [  3.13135076e+00   2.40000010e+00   9.94000000e+02   9.99000000e+02
    5.23999977e+00   3.21192041e+03   4.40000000e+01   9.80000000e+01
    1.17500000e+01]]
