number of estimated clusters : 3
index:
[0, 2, 4, 6, 8, 10, 12, 14, 16, 18, 20, 22, 24, 26, 29, 30, 32, 34, 36, 38, 40, 42, 44, 46, 48, 50, 52, 54, 56, 58, 60, 62, 64, 66, 68, 70, 72, 74, 76, 78, 80, 82, 84, 86, 88, 90, 92, 94, 96, 98]
fitness:
[(2.0, 1.3408992104314539, 4.0), (2.0, 1.3733571944644587, 4.0), (2.0, 1.4634022717027226, 4.0), (1.9821521196764444, 1.3723018522965837, 9.0), (1.9419011889093372, 1.3364098417338608, 5.0), (0.0, 1.3812078596409914, 4.0), (1.9821521196764444, 1.3723018522965837, 9.0), (2.0, 1.3733571944644587, 6.0), (2.0, 1.4634022717027226, 4.0), (2.0, 1.4634022717027226, 4.0), (2.0, 1.3733571944644587, 4.0), (1.6225562489182657, 1.3733571944644587, 4.0), (1.6225562489182657, 1.3776951413627039, 4.0), (1.6225562489182657, 1.3646289274025234, 4.0), (1.9419011889093372, 1.3410635896972276, 5.0), (1.8365916681089791, 1.394621109297254, 12.0), (2.0, 1.4731478879348463, 8.0), (1.5284090130172405, 1.4597464069800277, 9.0), (2.0, 1.3733571944644587, 2.0), (2.0, 1.3733571944644587, 2.0), (1.8365916681089791, 1.4835885973538787, 3.0), (0.0, 1.3472268802450724, 4.0), (1.6225562489182657, 1.3733571944644587, 4.0), (2.0, 1.3733571944644587, 2.0), (1.8365916681089791, 1.3558541206676555, 6.0), (2.0, 1.3733571944644587, 2.0), (1.9704562720685033, 1.359105995635757, 7.0), (2.0, 1.3685110357506087, 4.0), (1.8365916681089791, 1.3733571944644587, 3.0), (0.0, 1.3733571944644587, 4.0), (0.0, 1.3749551716280444, 4.0), (2.0, 1.3685110357506087, 6.0), (1.6225562489182657, 1.3733571944644587, 4.0), (1.6225562489182657, 1.3733571944644587, 4.0), (1.9704562720685033, 1.359105995635757, 7.0), (2.0, 1.4622826647320053, 4.0), (1.0871288863991928, 1.328794866772146, 8.0), (0.0, 1.471464107109569, 4.0), (1.4438561897747246, 1.4037113797120784, 5.0), (1.9419011889093372, 1.3733571944644587, 5.0), (2.0, 1.3733571944644587, 4.0), (2.0, 1.4622826647320053, 4.0), (0.0, 1.3685110357506087, 6.0), (0.0, 1.3187429017404888, 4.0), (0.0, 1.3733571944644587, 2.0), (0.0, 1.4634022717027226, 4.0), (1.8365916681089791, 1.2346606004339864, 3.0), (0.0, 1.3797369640323525, 4.0), (1.9704562720685033, 1.38731696748297, 7.0), (1.6225562489182657, 1.3733571944644587, 4.0)]
mean fitness:
[1.4860324558890066, 1.3849813611389268, 4.78]
center: 
[  1.06736004e+00   4.94403929e-01   3.47812080e+01   2.06260443e+00
   6.04553986e+01   4.62813916e+03   3.31373749e+01   9.31578064e+01
   7.80534744e+00]
members:
[[  1.04999995e+00   5.00000000e-01   3.00000000e+01   1.00000000e+00
    6.25800018e+01   4.67840479e+03   3.30000000e+01   9.30000000e+01
    7.80999994e+00]
 [  1.04999995e+00   5.00000000e-01   3.00000000e+01   1.00000000e+00
    6.01708031e+01   4.62600000e+03   3.30000000e+01   9.30000000e+01
    7.80999994e+00]
 [  1.04999995e+00   5.00000000e-01   3.00000000e+01   1.00000000e+00
    6.01708031e+01   4.62600000e+03   3.30000000e+01   9.30000000e+01
    7.80999994e+00]
 [  1.04999995e+00   5.00000000e-01   3.00000000e+01   1.00000000e+00
    6.25800018e+01   4.62600000e+03   3.30000000e+01   9.30000000e+01
    7.80999994e+00]
 [  1.04999995e+00   5.00000000e-01   3.00000000e+01   1.00000000e+00
    6.01708031e+01   4.62600000e+03   3.30000000e+01   9.30000000e+01
    7.80999994e+00]
 [  1.04999995e+00   2.25792840e-01   3.00000000e+01   1.00000000e+00
    6.25800018e+01   4.62600000e+03   3.30000000e+01   9.30000000e+01
    7.80999994e+00]
 [  1.04999995e+00   5.00000000e-01   3.00000000e+01   1.00000000e+00
    6.25800018e+01   4.62600000e+03   3.30000000e+01   9.30000000e+01
    7.80999994e+00]
 [  1.04999995e+00   5.00000000e-01   3.00000000e+01   1.00000000e+00
    6.01708031e+01   4.62600000e+03   3.30000000e+01   9.30000000e+01
    7.80999994e+00]
 [  1.04999995e+00   5.00000000e-01   3.00000000e+01   1.00000000e+00
    6.01708031e+01   4.62600000e+03   3.30000000e+01   9.30000000e+01
    7.80999994e+00]
 [  1.04999995e+00   5.00000000e-01   3.00000000e+01   1.00000000e+00
    6.01708031e+01   4.62600000e+03   3.30000000e+01   9.30000000e+01
    7.80999994e+00]
 [  1.04999995e+00   5.00000000e-01   3.00000000e+01   1.00000000e+00
    6.01708031e+01   4.62600000e+03   3.30000000e+01   9.30000000e+01
    7.80999994e+00]
 [  1.04999995e+00   5.00000000e-01   3.00000000e+01   1.00000000e+00
    6.01708031e+01   4.62600000e+03   3.30000000e+01   9.30000000e+01
    7.80999994e+00]
 [  1.04999995e+00   5.00000000e-01   3.00000000e+01   1.00000000e+00
    6.01708031e+01   4.62600000e+03   3.30000000e+01   9.30000000e+01
    7.80999994e+00]
 [  1.26883769e+00   5.00000000e-01   3.00000000e+01   1.00000000e+00
    6.01708031e+01   4.62600000e+03   3.30000000e+01   9.30000000e+01
    7.80999994e+00]
 [  7.01000023e+00   7.40000010e-01   6.20000000e+02   4.95000000e+02
    8.84033203e+01   9.40600000e+03   7.30000000e+01   4.00000000e+01
    1.14941764e+00]
 [  1.04999995e+00   5.00000000e-01   3.00000000e+01   1.00000000e+00
    6.01708031e+01   4.62600000e+03   3.30000000e+01   9.30000000e+01
    7.80999994e+00]
 [  1.04999995e+00   5.00000000e-01   3.00000000e+01   1.00000000e+00
    6.25800018e+01   4.67840479e+03   3.30000000e+01   9.30000000e+01
    7.80999994e+00]
 [  1.04999995e+00   5.00000000e-01   3.00000000e+01   1.00000000e+00
    6.01708031e+01   4.62600000e+03   3.30000000e+01   9.30000000e+01
    7.80999994e+00]
 [  1.04999995e+00   5.00000000e-01   3.00000000e+01   1.00000000e+00
    6.01708031e+01   4.62600000e+03   3.30000000e+01   9.30000000e+01
    7.80999994e+00]
 [  1.04999995e+00   5.00000000e-01   3.00000000e+01   1.00000000e+00
    6.01708031e+01   4.62600000e+03   3.30000000e+01   9.30000000e+01
    7.80999994e+00]
 [  1.02136219e+00   5.00000000e-01   3.00000000e+01   1.00000000e+00
    6.50680313e+01   4.62600000e+03   3.30000000e+01   9.26878281e+01
    7.80999994e+00]
 [  1.29048300e+00   5.00000000e-01   6.69743347e+01   1.00000000e+00
    6.01708031e+01   4.62600000e+03   3.30000000e+01   9.30000000e+01
    7.80999994e+00]
 [  1.04999995e+00   5.00000000e-01   3.00000000e+01   1.00000000e+00
    6.01708031e+01   4.62600000e+03   3.30000000e+01   9.30000000e+01
    7.80999994e+00]
 [  1.04999995e+00   5.00000000e-01   3.00000000e+01   1.00000000e+00
    6.01708031e+01   4.62600000e+03   3.30000000e+01   9.30000000e+01
    7.80999994e+00]
 [  1.02136219e+00   5.00000000e-01   6.69743347e+01   1.00000000e+00
    6.01708031e+01   4.62600000e+03   3.30000000e+01   9.30000000e+01
    7.80999994e+00]
 [  1.04999995e+00   5.00000000e-01   3.00000000e+01   1.00000000e+00
    6.01708031e+01   4.62600000e+03   3.30000000e+01   9.30000000e+01
    7.80999994e+00]
 [  1.02136219e+00   5.00000000e-01   6.69743347e+01   1.00000000e+00
    6.01708031e+01   4.62600000e+03   3.30000000e+01   9.30000000e+01
    7.80999994e+00]
 [  1.04999995e+00   5.00000000e-01   3.00000000e+01   1.00000000e+00
    6.25800018e+01   4.62600000e+03   3.30000000e+01   9.30000000e+01
    7.80999994e+00]
 [  1.04999995e+00   5.00000000e-01   3.00000000e+01   1.00000000e+00
    6.01708031e+01   4.62600000e+03   3.30000000e+01   9.30000000e+01
    7.80999994e+00]
 [  1.04999995e+00   5.00000000e-01   3.00000000e+01   1.00000000e+00
    6.01708031e+01   4.62600000e+03   3.30000000e+01   9.30000000e+01
    7.80999994e+00]
 [  1.04999995e+00   5.00000000e-01   3.00000000e+01   1.00000000e+00
    6.01708031e+01   4.62600000e+03   3.30000000e+01   9.30000000e+01
    8.24759865e+00]
 [  1.04999995e+00   5.00000000e-01   3.00000000e+01   1.00000000e+00
    6.25800018e+01   4.62600000e+03   3.30000000e+01   9.30000000e+01
    7.80999994e+00]
 [  1.04999995e+00   5.00000000e-01   3.00000000e+01   1.00000000e+00
    6.01708031e+01   4.62600000e+03   3.30000000e+01   9.30000000e+01
    7.80999994e+00]
 [  1.04999995e+00   5.00000000e-01   3.00000000e+01   1.00000000e+00
    6.01708031e+01   4.62600000e+03   3.30000000e+01   9.30000000e+01
    7.80999994e+00]
 [  1.02136219e+00   5.00000000e-01   6.69743347e+01   1.00000000e+00
    6.01708031e+01   4.62600000e+03   3.30000000e+01   9.30000000e+01
    7.80999994e+00]
 [  1.04999995e+00   5.00000000e-01   3.00000000e+01   1.00000000e+00
    6.01708031e+01   4.62600000e+03   3.30000000e+01   9.30000000e+01
    7.80999994e+00]
 [  1.04999995e+00   5.00000000e-01   3.00000000e+01   1.00000000e+00
    6.01708031e+01   4.62600000e+03   3.97313576e+01   9.40450287e+01
    7.14453793e+00]
 [  1.04999995e+00   5.00000000e-01   3.00000000e+01   1.00000000e+00
    6.01708031e+01   4.62600000e+03   3.30000000e+01   9.30000000e+01
    7.80999994e+00]
 [  1.04999995e+00   5.00000000e-01   3.00000000e+01   1.00000000e+00
    5.64661217e+01   4.62600000e+03   3.30000000e+01   9.30000000e+01
    7.80999994e+00]
 [  1.04999995e+00   5.00000000e-01   3.00000000e+01   1.00000000e+00
    6.01708031e+01   4.62600000e+03   3.30000000e+01   9.30000000e+01
    7.80999994e+00]
 [  1.04999995e+00   5.00000000e-01   3.00000000e+01   1.00000000e+00
    6.01708031e+01   4.62600000e+03   3.30000000e+01   9.30000000e+01
    7.80999994e+00]
 [  1.04999995e+00   5.00000000e-01   3.00000000e+01   1.00000000e+00
    6.01708031e+01   4.62600000e+03   3.30000000e+01   9.30000000e+01
    7.80999994e+00]
 [  1.04999995e+00   5.00000000e-01   3.00000000e+01   1.00000000e+00
    6.25800018e+01   4.62600000e+03   3.30000000e+01   9.30000000e+01
    7.80999994e+00]
 [  1.55589068e+00   5.00000000e-01   3.00000000e+01   5.30676117e+01
    6.01708031e+01   4.62600000e+03   3.30000000e+01   9.30000000e+01
    7.80999994e+00]
 [  1.04999995e+00   5.00000000e-01   3.00000000e+01   1.00000000e+00
    6.01708031e+01   4.62600000e+03   3.30000000e+01   9.30000000e+01
    7.80999994e+00]
 [  1.04999995e+00   5.00000000e-01   3.00000000e+01   1.00000000e+00
    6.01708031e+01   4.62600000e+03   3.30000000e+01   9.30000000e+01
    7.80999994e+00]
 [  1.04999995e+00   5.00000000e-01   3.00000000e+01   1.00000000e+00
    6.01708031e+01   4.62600000e+03   3.30000000e+01   9.30000000e+01
    7.80999994e+00]
 [  1.04999995e+00   5.00000000e-01   1.16381668e+02   1.00000000e+00
    6.01708031e+01   4.62600000e+03   3.30000000e+01   1.00000000e+02
    7.80999994e+00]
 [  1.04999995e+00   5.00000000e-01   3.00000000e+01   1.00000000e+00
    5.36491814e+01   4.62600000e+03   3.30000000e+01   9.30000000e+01
    7.80999994e+00]
 [  1.04999995e+00   5.00000000e-01   3.00000000e+01   1.00000000e+00
    6.01708031e+01   4.62600000e+03   3.30000000e+01   9.30000000e+01
    7.80999994e+00]]
index:
[1, 3, 5, 7, 9, 11, 13, 15, 17, 19, 21, 23, 25, 27, 31, 33, 35, 37, 39, 41, 43, 45, 47, 49, 51, 53, 55, 57, 59, 61, 63, 65, 67, 69, 71, 73, 75, 77, 79, 81, 83, 85, 87, 89, 91, 93, 95, 97, 99]
fitness:
[(2.0, 1.3408992104314539, 4.0), (2.0, 1.3733571944644587, 4.0), (2.0, 1.4634022717027226, 4.0), (1.9821521196764444, 1.3723018522965837, 9.0), (1.9419011889093372, 1.3364098417338608, 5.0), (0.0, 1.3812078596409914, 4.0), (1.9821521196764444, 1.3723018522965837, 9.0), (2.0, 1.3733571944644587, 6.0), (2.0, 1.4634022717027226, 4.0), (2.0, 1.4634022717027226, 4.0), (2.0, 1.3733571944644587, 4.0), (1.6225562489182657, 1.3733571944644587, 4.0), (1.6225562489182657, 1.3776951413627039, 4.0), (1.6225562489182657, 1.3646289274025234, 4.0), (1.8365916681089791, 1.394621109297254, 12.0), (2.0, 1.4731478879348463, 8.0), (1.5284090130172405, 1.4597464069800277, 9.0), (2.0, 1.3733571944644587, 2.0), (2.0, 1.3733571944644587, 2.0), (1.8365916681089791, 1.4835885973538787, 3.0), (0.0, 1.3472268802450724, 4.0), (1.6225562489182657, 1.3733571944644587, 4.0), (2.0, 1.3733571944644587, 2.0), (1.8365916681089791, 1.3558541206676555, 6.0), (2.0, 1.3733571944644587, 2.0), (1.9704562720685033, 1.359105995635757, 7.0), (2.0, 1.3685110357506087, 4.0), (1.8365916681089791, 1.3733571944644587, 3.0), (0.0, 1.3733571944644587, 4.0), (0.0, 1.3749551716280444, 4.0), (2.0, 1.3685110357506087, 6.0), (1.6225562489182657, 1.3733571944644587, 4.0), (1.6225562489182657, 1.3733571944644587, 4.0), (1.9704562720685033, 1.359105995635757, 7.0), (2.0, 1.4622826647320053, 4.0), (1.0871288863991928, 1.328794866772146, 8.0), (0.0, 1.471464107109569, 4.0), (1.4438561897747246, 1.4037113797120784, 5.0), (1.9419011889093372, 1.3733571944644587, 5.0), (2.0, 1.3733571944644587, 4.0), (2.0, 1.4622826647320053, 4.0), (0.0, 1.3685110357506087, 6.0), (0.0, 1.3187429017404888, 4.0), (0.0, 1.3733571944644587, 2.0), (0.0, 1.4634022717027226, 4.0), (1.8365916681089791, 1.2346606004339864, 3.0), (0.0, 1.3797369640323525, 4.0), (1.9704562720685033, 1.38731696748297, 7.0), (1.6225562489182657, 1.3733571944644587, 4.0)]
mean fitness:
[1.4767290123579793, 1.3858776421887575, 4.775510204081633]
center: 
[  7.01318502e+00   6.66034520e-01   6.19097412e+02   4.94458862e+02
   6.58954010e+01   1.59523950e+03   9.55155411e+01   4.01699448e+01
  -1.23839378e-01]
members:
[[  7.01000023e+00   0.00000000e+00   6.20000000e+02   4.95000000e+02
    3.00000000e+00   1.57696692e+03   5.53321648e+01   4.26057816e+01
   -1.13932228e+00]
 [  7.01000023e+00   7.40000010e-01   6.20000000e+02   4.95000000e+02
    8.84033203e+01   1.60400000e+03   9.80000000e+01   4.00000000e+01
    0.00000000e+00]
 [  7.01000023e+00   7.40000010e-01   6.20000000e+02   4.95000000e+02
    3.00000000e+00   1.55029187e+03   9.80000000e+01   4.00000000e+01
    0.00000000e+00]
 [  7.31690025e+00   7.40000010e-01   6.20000000e+02   4.95000000e+02
    8.84033203e+01   2.10738818e+03   9.80000000e+01   4.00000000e+01
    0.00000000e+00]
 [  7.01000023e+00   0.00000000e+00   6.20000000e+02   4.95000000e+02
    3.00000000e+00   1.55029187e+03   6.11911964e+01   4.26057816e+01
    0.00000000e+00]
 [  7.01000023e+00   7.40000010e-01   6.20000000e+02   4.95000000e+02
    8.84033203e+01   1.60400000e+03   9.80000000e+01   4.00000000e+01
   -1.13932228e+00]
 [  7.31690025e+00   7.40000010e-01   6.20000000e+02   4.95000000e+02
    8.84033203e+01   2.10738818e+03   9.80000000e+01   4.00000000e+01
    0.00000000e+00]
 [  7.01000023e+00   7.40000010e-01   6.20000000e+02   4.95000000e+02
    8.84033203e+01   1.60400000e+03   9.80000000e+01   4.00000000e+01
    0.00000000e+00]
 [  7.01000023e+00   7.40000010e-01   6.20000000e+02   4.95000000e+02
    3.00000000e+00   1.55029187e+03   9.80000000e+01   4.00000000e+01
    0.00000000e+00]
 [  7.01000023e+00   7.40000010e-01   6.20000000e+02   4.95000000e+02
    3.00000000e+00   1.55029187e+03   9.80000000e+01   4.00000000e+01
    0.00000000e+00]
 [  7.01000023e+00   7.40000010e-01   6.20000000e+02   4.95000000e+02
    8.84033203e+01   1.60400000e+03   9.80000000e+01   4.00000000e+01
    0.00000000e+00]
 [  7.01000023e+00   7.40000010e-01   6.20000000e+02   4.95000000e+02
    8.84033203e+01   1.60400000e+03   9.80000000e+01   4.00000000e+01
    0.00000000e+00]
 [  7.01000023e+00   7.40000010e-01   6.20000000e+02   4.95000000e+02
    8.84033203e+01   1.60400000e+03   9.80000000e+01   4.00000000e+01
   -1.13932228e+00]
 [  7.01000023e+00   1.03759527e+00   6.04943848e+02   4.95000000e+02
    8.73647003e+01   1.60400000e+03   9.80000000e+01   4.00000000e+01
    0.00000000e+00]
 [  7.15647078e+00   0.00000000e+00   6.28970764e+02   5.03732391e+02
    8.84033203e+01   1.60400000e+03   9.80000000e+01   4.00000000e+01
    0.00000000e+00]
 [  7.01000023e+00   7.40000010e-01   6.20000000e+02   4.95000000e+02
    3.00000000e+00   1.60400000e+03   9.80000000e+01   4.00000000e+01
    0.00000000e+00]
 [  7.01000023e+00   0.00000000e+00   6.20000000e+02   4.65071381e+02
    3.00000000e+00   1.60400000e+03   9.80000000e+01   4.00000000e+01
    0.00000000e+00]
 [  7.01000023e+00   7.40000010e-01   6.20000000e+02   4.95000000e+02
    8.84033203e+01   1.60400000e+03   9.80000000e+01   4.00000000e+01
    0.00000000e+00]
 [  7.01000023e+00   7.40000010e-01   6.20000000e+02   4.95000000e+02
    8.84033203e+01   1.60400000e+03   9.80000000e+01   4.00000000e+01
    0.00000000e+00]
 [  7.01000023e+00   7.40000010e-01   6.20000000e+02   4.94714874e+02
    3.00000000e+00   1.55029187e+03   9.80000000e+01   4.00000000e+01
    0.00000000e+00]
 [  7.01000023e+00   7.40000010e-01   6.20000000e+02   4.95000000e+02
    8.84033203e+01   1.60400000e+03   9.80000000e+01   4.00000000e+01
    0.00000000e+00]
 [  7.01000023e+00   7.40000010e-01   6.20000000e+02   4.95000000e+02
    8.84033203e+01   1.60400000e+03   9.80000000e+01   4.00000000e+01
    0.00000000e+00]
 [  7.01000023e+00   7.40000010e-01   6.20000000e+02   4.95000000e+02
    8.84033203e+01   1.60400000e+03   9.80000000e+01   4.00000000e+01
    0.00000000e+00]
 [  7.01000023e+00   7.40000010e-01   6.20000000e+02   4.95000000e+02
    8.68268433e+01   1.60400000e+03   9.80000000e+01   4.00000000e+01
    0.00000000e+00]
 [  7.01000023e+00   7.40000010e-01   6.20000000e+02   4.95000000e+02
    8.84033203e+01   1.60400000e+03   9.80000000e+01   4.00000000e+01
    0.00000000e+00]
 [  7.01000023e+00   7.40000010e-01   6.20000000e+02   4.95000000e+02
    8.84033203e+01   1.60400000e+03   9.80000000e+01   4.00000000e+01
    0.00000000e+00]
 [  7.01000023e+00   7.40000010e-01   6.20000000e+02   4.95000000e+02
    8.84033203e+01   1.60400000e+03   9.80000000e+01   4.00000000e+01
    0.00000000e+00]
 [  7.01000023e+00   7.40000010e-01   6.20000000e+02   4.95000000e+02
    8.84033203e+01   1.60400000e+03   9.80000000e+01   4.00000000e+01
    0.00000000e+00]
 [  7.01000023e+00   7.40000010e-01   6.20000000e+02   4.95000000e+02
    8.84033203e+01   1.60400000e+03   9.80000000e+01   4.00000000e+01
    0.00000000e+00]
 [  7.01000023e+00   7.40000010e-01   6.20000000e+02   4.95000000e+02
    8.84033203e+01   1.60400000e+03   9.80000000e+01   4.00000000e+01
    0.00000000e+00]
 [  7.01000023e+00   7.40000010e-01   6.20000000e+02   4.95000000e+02
    8.84033203e+01   1.60400000e+03   9.80000000e+01   4.00000000e+01
    0.00000000e+00]
 [  7.01000023e+00   7.40000010e-01   6.20000000e+02   4.95000000e+02
    8.84033203e+01   1.60400000e+03   9.80000000e+01   4.00000000e+01
    0.00000000e+00]
 [  7.01000023e+00   7.40000010e-01   6.20000000e+02   4.95000000e+02
    8.84033203e+01   1.60400000e+03   9.80000000e+01   4.00000000e+01
    0.00000000e+00]
 [  7.01000023e+00   7.40000010e-01   6.20000000e+02   4.95000000e+02
    8.84033203e+01   1.60400000e+03   9.80000000e+01   4.00000000e+01
    0.00000000e+00]
 [  7.01000023e+00   7.40000010e-01   6.20000000e+02   4.95000000e+02
    3.00000000e+00   1.60400000e+03   9.80000000e+01   4.00000000e+01
    0.00000000e+00]
 [  7.01000023e+00   7.40000010e-01   5.84565674e+02   4.95000000e+02
    8.84033203e+01   1.60400000e+03   9.80000000e+01   4.00000000e+01
    0.00000000e+00]
 [  7.01000023e+00   7.40000010e-01   6.20000000e+02   4.95000000e+02
    3.00000000e+00   1.60400000e+03   1.00000000e+02   4.00000000e+01
    0.00000000e+00]
 [  7.01000023e+00   5.48711717e-01   6.28970764e+02   5.03732391e+02
    8.84033203e+01   8.90279846e+02   9.80000000e+01   4.00000000e+01
    0.00000000e+00]
 [  7.01000023e+00   7.40000010e-01   6.20000000e+02   4.95000000e+02
    8.84033203e+01   1.60400000e+03   9.80000000e+01   4.00000000e+01
    0.00000000e+00]
 [  7.01000023e+00   7.40000010e-01   6.20000000e+02   4.95000000e+02
    8.84033203e+01   1.60400000e+03   9.80000000e+01   4.00000000e+01
    0.00000000e+00]
 [  7.01000023e+00   7.40000010e-01   6.20000000e+02   4.95000000e+02
    3.00000000e+00   1.60400000e+03   9.80000000e+01   4.00000000e+01
    0.00000000e+00]
 [  7.01000023e+00   7.40000010e-01   6.20000000e+02   4.95000000e+02
    8.84033203e+01   1.60400000e+03   9.80000000e+01   4.00000000e+01
    0.00000000e+00]
 [  7.01000023e+00   7.40000010e-01   6.20000000e+02   4.95000000e+02
    8.04938736e+01   1.60400000e+03   9.80000000e+01   4.00000000e+01
    0.00000000e+00]
 [  7.01000023e+00   7.40000010e-01   6.20000000e+02   4.95000000e+02
    8.84033203e+01   1.60400000e+03   9.80000000e+01   4.00000000e+01
    0.00000000e+00]
 [  7.01000023e+00   7.40000010e-01   6.20000000e+02   4.95000000e+02
    3.00000000e+00   1.55029187e+03   9.80000000e+01   4.00000000e+01
    0.00000000e+00]
 [  7.01000023e+00   7.40000010e-01   6.20000000e+02   4.95000000e+02
    8.84033203e+01   1.55029187e+03   6.11911964e+01   4.26057816e+01
   -1.13932228e+00]
 [  7.01000023e+00   0.00000000e+00   6.20000000e+02   4.95000000e+02
    8.84033203e+01   1.60400000e+03   9.80000000e+01   4.00000000e+01
   -1.13932228e+00]
 [  7.01000023e+00   7.40000010e-01   6.20000000e+02   4.91587708e+02
    8.84033203e+01   1.60400000e+03   9.80000000e+01   4.00000000e+01
    0.00000000e+00]
 [  7.01000023e+00   7.40000010e-01   6.20000000e+02   4.95000000e+02
    8.84033203e+01   1.60400000e+03   9.80000000e+01   4.00000000e+01
    0.00000000e+00]]
index:
[28]
fitness:
[(1.9419011889093372, 1.3410635896972276, 5.0)]
mean fitness:
[1.9419011889093372, 1.3410635896972276, 5.0]
center: 
[  1.04999995e+00   5.00000000e-01   3.00000000e+01   1.00000000e+00
   6.25800018e+01   4.00872046e+03   3.30000000e+01   9.30000000e+01
   8.25547791e+00]
members:
[[  1.04999995e+00   5.00000000e-01   3.00000000e+01   1.00000000e+00
    6.25800018e+01   4.00872046e+03   3.30000000e+01   9.30000000e+01
    8.25547791e+00]]
