0 : (0, 0)
1 : (0, 0)
2 : (0, 0)
3 : (0, 0)
4 : (0, 0)
5 : (0, 0)
6 : (0, 0)
7 : (0, 0)
8 : (2, 0)
9 : (0, 2)
10 : (0, 1)
11 : (1, 0)
12 : (1, 0)
13 : (0, 1)
14 : (1, 0)
15 : (0, 1)
16 : (0, 0)
17 : (0, 0)
18 : (0, 0)
19 : (0, 0)
20 : (0, 0)
21 : (0, 0)
22 : (0, 4)
23 : (4, 0)
24 : (0, 0)
25 : (0, 0)
26 : (0, 0)
27 : (0, 0)
28 : (0, 1)
29 : (1, 0)
30 : (0, 0)
31 : (0, 0)
32 : (0, 0)
33 : (0, 0)
34 : (0, 2)
35 : (2, 0)
36 : (5, 0)
37 : (0, 5)
38 : (0, 1)
39 : (1, 0)
40 : (0, 0)
41 : (0, 0)
42 : (0, 0)
43 : (0, 0)
44 : (3, 0)
45 : (0, 3)
46 : (0, 0)
47 : (0, 0)
48 : (0, 0)
49 : (0, 0)
50 : (0, 0)
51 : (0, 0)
52 : (13, 0)
53 : (0, 13)
54 : (1, 0)
55 : (0, 1)
56 : (3, 0)
57 : (0, 3)
58 : (0, 11)
59 : (11, 0)
60 : (0, 0)
61 : (0, 0)
62 : (0, 0)
63 : (0, 0)
64 : (0, 8)
65 : (8, 0)
66 : (0, 0)
67 : (0, 0)
68 : (0, 7)
69 : (7, 0)
70 : (7, 0)
71 : (0, 7)
72 : (3, 0)
73 : (0, 3)
74 : (3, 0)
75 : (0, 3)
76 : (0, 1)
77 : (1, 0)
78 : (3, 0)
79 : (0, 3)
80 : (0, 0)
81 : (0, 0)
82 : (0, 0)
83 : (0, 0)
84 : (0, 5)
85 : (5, 0)
86 : (1, 0)
87 : (0, 1)
88 : (0, 2)
89 : (2, 0)
90 : (0, 0)
91 : (0, 0)
92 : (0, 0)
93 : (0, 0)
94 : (1, 0)
95 : (0, 1)
96 : (0, 9)
97 : (9, 0)
98 : (0, 0)
99 : (0, 0)
4 : (0, 0)
5 : (0, 0)
6 : (1, 0)
7 : (0, 1)
16 : (0, 0)
17 : (0, 0)
24 : (0, 0)
25 : (0, 0)
28 : (0, 0)
29 : (0, 0)
30 : (0, 1)
31 : (1, 0)
40 : (0, 0)
41 : (0, 0)
42 : (0, 3)
43 : (3, 0)
52 : (0, 0)
53 : (0, 0)
56 : (1, 0)
57 : (0, 1)
58 : (0, 0)
59 : (0, 0)
60 : (0, 0)
61 : (0, 0)
62 : (1, 0)
63 : (0, 1)
64 : (0, 1)
65 : (1, 0)
66 : (0, 1)
67 : (1, 0)
68 : (0, 0)
69 : (0, 0)
70 : (0, 0)
71 : (0, 0)
72 : (0, 0)
73 : (0, 0)
74 : (0, 1)
75 : (1, 0)
76 : (5, 0)
77 : (0, 5)
78 : (0, 0)
79 : (0, 0)
80 : (0, 2)
81 : (2, 0)
82 : (0, 3)
83 : (3, 0)
84 : (0, 0)
85 : (0, 0)
88 : (1, 0)
89 : (0, 1)
90 : (10, 0)
91 : (0, 10)
92 : (0, 16)
93 : (16, 0)
94 : (1, 0)
95 : (0, 1)
96 : (2, 0)
97 : (0, 2)
8 : (0, 0)
9 : (0, 0)
10 : (1, 0)
11 : (0, 1)
12 : (4, 0)
13 : (0, 4)
14 : (0, 0)
15 : (0, 0)
16 : (0, 1)
17 : (1, 0)
18 : (0, 0)
19 : (0, 0)
24 : (0, 5)
25 : (5, 0)
26 : (1, 4)
27 : (4, 1)
28 : (0, 2)
29 : (2, 0)
30 : (0, 1)
31 : (1, 0)
40 : (0, 17)
41 : (17, 0)
42 : (0, 0)
43 : (0, 0)
50 : (0, 0)
51 : (0, 0)
52 : (0, 2)
53 : (2, 0)
54 : (0, 1)
55 : (1, 0)
58 : (0, 1)
59 : (1, 0)
60 : (0, 0)
61 : (0, 0)
62 : (0, 0)
63 : (0, 0)
68 : (0, 0)
69 : (0, 0)
70 : (0, 6)
71 : (6, 0)
80 : (0, 1)
81 : (1, 0)
82 : (0, 0)
83 : (0, 0)
84 : (0, 0)
85 : (0, 0)
86 : (0, 0)
87 : (0, 0)
88 : (0, 2)
89 : (2, 0)
90 : (0, 1)
91 : (1, 0)
94 : (0, 0)
95 : (0, 0)
96 : (0, 0)
97 : (0, 0)
98 : (2, 0)
99 : (0, 2)
4 : (1, 5)
5 : (5, 1)
8 : (0, 0)
9 : (0, 0)
10 : (0, 9)
11 : (9, 0)
12 : (0, 0)
13 : (0, 0)
14 : (1, 5)
15 : (5, 1)
16 : (1, 0)
17 : (0, 1)
18 : (1, 0)
19 : (0, 1)
20 : (0, 0)
21 : (0, 0)
22 : (0, 1)
23 : (1, 0)
24 : (0, 0)
25 : (0, 0)
26 : (0, 11)
27 : (11, 0)
28 : (1, 0)
29 : (0, 1)
30 : (0, 0)
31 : (0, 0)
32 : (0, 2)
33 : (2, 0)
34 : (0, 1)
35 : (1, 0)
36 : (0, 0)
37 : (0, 0)
38 : (0, 0)
39 : (0, 0)
40 : (0, 2)
41 : (2, 0)
42 : (0, 0)
43 : (0, 0)
48 : (0, 1)
49 : (1, 0)
50 : (0, 0)
51 : (0, 0)
52 : (0, 1)
53 : (1, 0)
54 : (0, 0)
55 : (0, 0)
56 : (0, 0)
57 : (0, 0)
58 : (0, 0)
59 : (0, 0)
60 : (2, 0)
61 : (0, 2)
62 : (0, 0)
63 : (0, 0)
70 : (0, 0)
71 : (0, 0)
76 : (0, 2)
77 : (2, 0)
78 : (0, 0)
79 : (0, 0)
80 : (0, 0)
81 : (0, 0)
82 : (0, 0)
83 : (0, 0)
86 : (0, 0)
87 : (0, 0)
88 : (0, 0)
89 : (0, 0)
92 : (0, 0)
93 : (0, 0)
98 : (0, 0)
99 : (0, 0)
2 : (0, 0)
3 : (0, 0)
4 : (0, 0)
5 : (0, 0)
6 : (5, 0)
7 : (0, 5)
8 : (0, 0)
9 : (0, 0)
12 : (0, 1)
13 : (1, 0)
14 : (0, 0)
15 : (0, 0)
16 : (0, 0)
17 : (0, 0)
18 : (0, 12)
19 : (12, 0)
20 : (0, 8)
21 : (8, 0)
32 : (0, 2)
33 : (2, 0)
36 : (0, 0)
37 : (0, 0)
38 : (0, 0)
39 : (0, 0)
40 : (0, 0)
41 : (0, 0)
42 : (0, 0)
43 : (0, 0)
44 : (0, 0)
45 : (0, 0)
52 : (0, 0)
53 : (0, 0)
54 : (0, 0)
55 : (0, 0)
60 : (0, 0)
61 : (0, 0)
62 : (0, 8)
63 : (8, 0)
64 : (1, 0)
65 : (0, 1)
66 : (0, 0)
67 : (0, 0)
70 : (0, 0)
71 : (0, 0)
82 : (0, 0)
83 : (0, 0)
86 : (0, 0)
87 : (0, 0)
92 : (0, 2)
93 : (2, 0)
94 : (0, 0)
95 : (0, 0)
96 : (0, 3)
97 : (3, 0)
98 : (0, 4)
99 : (4, 0)
4 : (1, 3)
5 : (3, 1)
6 : (0, 0)
7 : (0, 0)
8 : (0, 0)
9 : (0, 0)
10 : (0, 0)
11 : (0, 0)
14 : (0, 0)
15 : (0, 0)
16 : (0, 1)
17 : (1, 0)
18 : (6, 0)
19 : (0, 6)
20 : (4, 0)
21 : (0, 4)
22 : (0, 0)
23 : (0, 0)
40 : (0, 0)
41 : (0, 0)
42 : (0, 0)
43 : (0, 0)
48 : (0, 10)
49 : (10, 0)
50 : (0, 4)
51 : (4, 0)
56 : (0, 0)
57 : (0, 0)
58 : (0, 0)
59 : (0, 0)
60 : (3, 0)
61 : (0, 3)
62 : (0, 6)
63 : (6, 0)
66 : (0, 2)
67 : (2, 0)
68 : (0, 9)
69 : (9, 0)
70 : (2, 0)
71 : (0, 2)
76 : (1, 17)
77 : (17, 1)
78 : (0, 1)
79 : (1, 0)
80 : (0, 4)
81 : (4, 0)
82 : (0, 2)
83 : (2, 0)
84 : (0, 1)
85 : (1, 0)
86 : (0, 5)
87 : (5, 0)
88 : (1, 20)
89 : (20, 2)
90 : (0, 9)
91 : (9, 0)
92 : (3, 0)
93 : (0, 3)
94 : (0, 0)
95 : (0, 0)
96 : (0, 0)
97 : (0, 0)
8 : (0, 4)
9 : (4, 0)
10 : (0, 3)
11 : (3, 0)
12 : (2, 4)
13 : (4, 2)
14 : (0, 7)
15 : (7, 0)
16 : (0, 4)
17 : (4, 0)
18 : (3, 0)
19 : (0, 3)
20 : (0, 2)
21 : (2, 0)
24 : (0, 0)
25 : (0, 0)
26 : (0, 0)
27 : (0, 0)
28 : (0, 0)
29 : (0, 0)
32 : (0, 0)
33 : (0, 0)
34 : (0, 0)
35 : (0, 0)
40 : (0, 0)
41 : (0, 0)
42 : (0, 10)
43 : (10, 0)
44 : (0, 2)
45 : (2, 0)
46 : (0, 0)
47 : (0, 0)
48 : (0, 0)
49 : (0, 0)
50 : (0, 18)
51 : (18, 0)
56 : (0, 5)
57 : (5, 0)
58 : (1, 0)
59 : (0, 1)
62 : (0, 0)
63 : (0, 0)
64 : (5, 3)
65 : (3, 5)
66 : (4, 0)
67 : (0, 4)
72 : (1, 16)
73 : (16, 1)
74 : (0, 0)
75 : (0, 0)
76 : (0, 0)
77 : (0, 0)
78 : (0, 5)
79 : (5, 0)
84 : (0, 0)
85 : (0, 0)
86 : (0, 0)
87 : (0, 0)
94 : (0, 7)
95 : (7, 0)
0 : (0, 7)
1 : (6, 0)
2 : (0, 2)
3 : (2, 0)
4 : (0, 4)
5 : (4, 0)
6 : (3, 0)
7 : (0, 3)
12 : (0, 6)
13 : (6, 0)
14 : (0, 3)
15 : (3, 0)
16 : (1, 2)
17 : (2, 1)
18 : (0, 0)
19 : (0, 0)
20 : (1, 2)
21 : (2, 1)
22 : (1, 0)
23 : (0, 1)
24 : (2, 0)
25 : (0, 2)
26 : (0, 1)
27 : (1, 0)
28 : (3, 0)
29 : (0, 3)
30 : (0, 7)
31 : (7, 0)
32 : (1, 6)
33 : (6, 1)
34 : (0, 7)
35 : (7, 0)
36 : (0, 18)
37 : (18, 0)
38 : (0, 5)
39 : (5, 0)
42 : (0, 11)
43 : (11, 0)
44 : (0, 0)
45 : (0, 0)
50 : (2, 1)
51 : (1, 2)
52 : (0, 2)
53 : (2, 0)
54 : (1, 6)
55 : (6, 1)
60 : (0, 0)
61 : (0, 0)
62 : (0, 0)
63 : (0, 0)
64 : (7, 2)
65 : (2, 7)
66 : (0, 15)
67 : (15, 0)
68 : (1, 14)
69 : (14, 1)
70 : (0, 17)
71 : (17, 0)
76 : (0, 3)
77 : (3, 0)
78 : (0, 0)
79 : (0, 0)
80 : (0, 17)
81 : (17, 0)
82 : (0, 4)
83 : (4, 0)
84 : (0, 21)
85 : (21, 0)
86 : (1, 12)
87 : (12, 1)
92 : (0, 0)
93 : (0, 0)
94 : (0, 0)
95 : (0, 0)
96 : (0, 4)
97 : (4, 0)
98 : (0, 0)
99 : (0, 0)
0 : (0, 11)
1 : (11, 0)
2 : (4, 0)
3 : (0, 4)
4 : (0, 9)
5 : (9, 0)
6 : (8, 0)
7 : (0, 8)
8 : (1, 4)
9 : (4, 1)
10 : (1, 0)
11 : (0, 1)
12 : (1, 8)
13 : (8, 1)
32 : (0, 2)
33 : (2, 0)
34 : (1, 21)
35 : (21, 1)
36 : (0, 0)
37 : (0, 0)
38 : (0, 1)
39 : (1, 0)
40 : (3, 18)
41 : (18, 3)
42 : (1, 5)
43 : (5, 1)
46 : (0, 24)
47 : (24, 0)
48 : (2, 3)
49 : (3, 2)
50 : (0, 19)
51 : (19, 0)
52 : (2, 0)
53 : (0, 2)
54 : (2, 3)
55 : (3, 2)
56 : (0, 17)
57 : (17, 0)
58 : (2, 0)
59 : (0, 2)
60 : (0, 0)
61 : (0, 0)
62 : (0, 0)
63 : (0, 0)
64 : (0, 3)
65 : (3, 0)
66 : (3, 0)
67 : (0, 3)
72 : (0, 2)
73 : (2, 0)
74 : (0, 4)
75 : (4, 0)
76 : (0, 0)
77 : (0, 0)
78 : (0, 0)
79 : (0, 0)
80 : (10, 6)
81 : (6, 10)
84 : (0, 0)
85 : (0, 0)
86 : (2, 0)
87 : (0, 2)
88 : (9, 0)
89 : (0, 9)
90 : (0, 6)
91 : (6, 0)
94 : (1, 19)
95 : (19, 1)
6 : (0, 0)
7 : (0, 0)
8 : (1, 2)
9 : (2, 1)
10 : (0, 21)
11 : (21, 0)
12 : (0, 4)
13 : (4, 0)
14 : (6, 6)
15 : (6, 6)
16 : (0, 0)
17 : (0, 0)
18 : (11, 2)
19 : (2, 11)
24 : (0, 3)
25 : (3, 0)
26 : (1, 4)
27 : (4, 1)
28 : (13, 0)
29 : (0, 13)
30 : (0, 1)
31 : (1, 0)
32 : (7, 0)
33 : (0, 7)
34 : (0, 2)
35 : (2, 0)
40 : (0, 0)
41 : (0, 0)
42 : (0, 5)
43 : (5, 0)
46 : (0, 17)
47 : (17, 0)
52 : (0, 8)
53 : (8, 0)
56 : (0, 3)
57 : (3, 0)
58 : (2, 12)
59 : (12, 2)
60 : (5, 14)
61 : (14, 5)
62 : (0, 17)
63 : (17, 0)
64 : (1, 0)
65 : (0, 1)
66 : (0, 11)
67 : (11, 0)
68 : (5, 0)
69 : (0, 5)
70 : (4, 0)
71 : (0, 4)
72 : (2, 0)
73 : (0, 2)
74 : (1, 3)
75 : (3, 1)
76 : (0, 0)
77 : (0, 0)
78 : (1, 16)
79 : (16, 1)
80 : (0, 0)
81 : (0, 0)
82 : (0, 4)
83 : (4, 0)
84 : (1, 5)
85 : (5, 1)
86 : (0, 6)
87 : (6, 0)
88 : (0, 2)
89 : (2, 0)
90 : (0, 0)
91 : (0, 0)
92 : (1, 0)
93 : (0, 1)
94 : (0, 1)
95 : (1, 0)
96 : (0, 19)
97 : (19, 0)
0 : (0, 1)
1 : (1, 0)
2 : (5, 0)
3 : (0, 5)
4 : (0, 14)
5 : (14, 0)
6 : (7, 4)
7 : (4, 7)
8 : (1, 7)
9 : (7, 1)
12 : (8, 0)
13 : (0, 8)
14 : (0, 3)
15 : (3, 0)
16 : (1, 4)
17 : (4, 1)
20 : (1, 2)
21 : (2, 1)
22 : (0, 0)
23 : (0, 0)
24 : (5, 0)
25 : (0, 5)
26 : (0, 7)
27 : (7, 0)
28 : (6, 6)
29 : (6, 6)
32 : (1, 17)
33 : (17, 1)
40 : (0, 14)
41 : (14, 0)
42 : (0, 5)
43 : (5, 0)
48 : (2, 9)
49 : (9, 2)
50 : (0, 3)
51 : (3, 0)
52 : (0, 2)
53 : (2, 0)
54 : (5, 6)
55 : (6, 5)
56 : (6, 2)
57 : (2, 6)
58 : (0, 18)
59 : (18, 0)
60 : (7, 6)
61 : (6, 7)
62 : (0, 12)
63 : (12, 0)
64 : (0, 6)
65 : (6, 0)
66 : (0, 4)
67 : (4, 0)
72 : (0, 19)
73 : (19, 0)
74 : (0, 13)
75 : (13, 0)
76 : (0, 10)
77 : (10, 0)
78 : (5, 0)
79 : (0, 5)
80 : (0, 0)
81 : (0, 0)
82 : (0, 16)
83 : (16, 0)
88 : (0, 0)
89 : (0, 0)
90 : (0, 0)
91 : (0, 0)
96 : (1, 11)
97 : (11, 1)
98 : (1, 15)
99 : (15, 1)
0 : (0, 5)
1 : (5, 0)
2 : (0, 1)
3 : (1, 0)
12 : (8, 3)
13 : (3, 8)
14 : (4, 7)
15 : (7, 4)
20 : (0, 0)
21 : (0, 0)
22 : (0, 4)
23 : (4, 0)
24 : (17, 0)
25 : (0, 17)
26 : (0, 24)
27 : (24, 0)
28 : (0, 4)
29 : (4, 0)
30 : (1, 26)
31 : (26, 1)
32 : (1, 0)
33 : (0, 1)
34 : (2, 1)
35 : (1, 2)
36 : (4, 6)
37 : (6, 5)
38 : (1, 9)
39 : (9, 1)
42 : (1, 7)
43 : (7, 1)
44 : (0, 3)
45 : (3, 0)
46 : (5, 15)
47 : (15, 5)
52 : (0, 15)
53 : (15, 0)
54 : (0, 0)
55 : (0, 0)
56 : (7, 5)
57 : (5, 7)
58 : (1, 8)
59 : (8, 1)
60 : (7, 4)
61 : (4, 7)
62 : (11, 0)
63 : (0, 11)
64 : (4, 3)
65 : (3, 4)
66 : (2, 6)
67 : (6, 2)
72 : (7, 4)
73 : (4, 7)
74 : (3, 5)
75 : (5, 3)
84 : (0, 0)
85 : (0, 0)
86 : (1, 1)
87 : (1, 1)
88 : (2, 2)
89 : (2, 2)
90 : (3, 5)
91 : (5, 3)
92 : (1, 4)
93 : (4, 1)
98 : (6, 4)
99 : (4, 6)
16 : (0, 0)
17 : (0, 0)
18 : (0, 2)
19 : (2, 0)
24 : (8, 2)
25 : (2, 8)
26 : (0, 0)
27 : (0, 0)
28 : (1, 3)
29 : (3, 1)
30 : (3, 6)
31 : (6, 3)
32 : (4, 3)
33 : (3, 4)
34 : (0, 3)
35 : (3, 0)
38 : (1, 7)
39 : (7, 1)
44 : (2, 4)
45 : (4, 2)
46 : (4, 8)
47 : (7, 4)
48 : (2, 11)
49 : (11, 2)
50 : (2, 5)
51 : (5, 2)
56 : (3, 2)
57 : (2, 3)
58 : (0, 5)
59 : (5, 0)
60 : (0, 6)
61 : (6, 0)
62 : (6, 3)
63 : (3, 6)
64 : (5, 6)
65 : (6, 5)
66 : (2, 14)
67 : (14, 2)
68 : (3, 0)
69 : (0, 3)
70 : (1, 10)
71 : (10, 1)
74 : (8, 5)
75 : (5, 8)
80 : (5, 1)
81 : (1, 5)
82 : (5, 3)
83 : (3, 5)
84 : (7, 3)
85 : (3, 7)
88 : (6, 2)
89 : (2, 6)
90 : (9, 7)
91 : (7, 9)
92 : (2, 3)
93 : (3, 2)
94 : (1, 6)
95 : (6, 1)
4 : (10, 6)
5 : (6, 10)
6 : (7, 12)
7 : (12, 7)
8 : (0, 1)
9 : (1, 0)
10 : (5, 3)
11 : (3, 5)
12 : (1, 8)
13 : (8, 1)
14 : (2, 17)
15 : (17, 2)
16 : (6, 7)
17 : (7, 6)
18 : (0, 6)
19 : (6, 0)
20 : (4, 4)
21 : (4, 4)
22 : (0, 5)
23 : (5, 0)
28 : (3, 4)
29 : (4, 3)
30 : (4, 4)
31 : (4, 4)
32 : (5, 7)
33 : (7, 5)
34 : (6, 5)
35 : (5, 6)
36 : (6, 5)
37 : (5, 6)
38 : (3, 8)
39 : (8, 3)
40 : (9, 5)
41 : (5, 9)
42 : (3, 2)
43 : (2, 3)
44 : (5, 2)
45 : (2, 5)
52 : (7, 4)
53 : (4, 7)
54 : (9, 4)
55 : (4, 9)
56 : (11, 0)
57 : (0, 11)
58 : (4, 4)
59 : (4, 4)
62 : (1, 0)
63 : (0, 1)
64 : (1, 3)
65 : (3, 1)
66 : (3, 4)
67 : (4, 3)
72 : (1, 7)
73 : (7, 1)
74 : (7, 3)
75 : (3, 7)
76 : (4, 1)
77 : (1, 4)
78 : (2, 9)
79 : (9, 2)
82 : (4, 11)
83 : (11, 4)
84 : (4, 9)
85 : (9, 4)
86 : (6, 8)
87 : (8, 6)
64 : (4, 6)
65 : (6, 4)
66 : (6, 8)
67 : (8, 6)
79 : (6, 5)
76 : (6, 5)
77 : (5, 6)
14 : (4, 10)
15 : (10, 4)
80 : (2, 5)
81 : (5, 2)
82 : (2, 3)
83 : (3, 2)
20 : (6, 2)
21 : (2, 6)
22 : (1, 10)
23 : (10, 1)
26 : (0, 6)
27 : (6, 0)
28 : (2, 3)
29 : (3, 2)
30 : (3, 1)
31 : (1, 3)
42 : (6, 2)
43 : (2, 6)
78 : (5, 6)
52 : (3, 4)
53 : (4, 3)
54 : (7, 2)
55 : (2, 7)
56 : (2, 6)
57 : (6, 2)
58 : (0, 0)
59 : (0, 0)
0 : (7, 6)
1 : (6, 7)
2 : (10, 4)
3 : (4, 10)
4 : (9, 3)
5 : (3, 9)
6 : (7, 3)
7 : (3, 7)
8 : (4, 1)
9 : (1, 4)
10 : (4, 7)
11 : (7, 4)
12 : (1, 7)
13 : (7, 1)
14 : (4, 4)
15 : (4, 4)
16 : (4, 5)
17 : (5, 4)
18 : (12, 2)
19 : (2, 12)
20 : (3, 1)
21 : (1, 3)
22 : (6, 7)
23 : (7, 6)
24 : (5, 4)
25 : (4, 5)
26 : (3, 10)
27 : (10, 3)
28 : (1, 7)
29 : (7, 1)
30 : (7, 2)
31 : (2, 7)
40 : (3, 4)
41 : (4, 3)
42 : (7, 4)
43 : (4, 7)
52 : (4, 8)
53 : (8, 4)
54 : (3, 5)
55 : (5, 3)
56 : (4, 7)
57 : (7, 4)
58 : (11, 5)
59 : (5, 11)
62 : (7, 5)
63 : (5, 7)
68 : (6, 2)
69 : (2, 6)
70 : (2, 5)
71 : (5, 2)
72 : (8, 5)
73 : (5, 8)
74 : (5, 0)
75 : (0, 5)
78 : (4, 2)
79 : (2, 4)
84 : (0, 0)
85 : (0, 0)
86 : (0, 6)
87 : (6, 0)
88 : (5, 6)
89 : (6, 5)
90 : (8, 1)
91 : (1, 8)
92 : (3, 4)
93 : (4, 3)
94 : (5, 2)
95 : (2, 5)
96 : (3, 5)
97 : (5, 3)
98 : (2, 4)
99 : (4, 2)
0 : (4, 1)
1 : (1, 4)
2 : (1, 0)
3 : (0, 1)
8 : (4, 8)
9 : (8, 4)
10 : (5, 6)
11 : (6, 5)
12 : (6, 4)
13 : (4, 6)
14 : (6, 4)
15 : (4, 6)
24 : (9, 8)
25 : (8, 9)
26 : (2, 0)
27 : (0, 2)
28 : (4, 5)
29 : (5, 4)
30 : (8, 2)
31 : (2, 8)
36 : (7, 5)
37 : (5, 7)
38 : (4, 8)
39 : (8, 4)
40 : (6, 6)
41 : (6, 6)
44 : (6, 4)
45 : (4, 6)
46 : (5, 4)
47 : (4, 5)
58 : (2, 3)
59 : (3, 2)
64 : (4, 8)
65 : (8, 4)
66 : (1, 8)
67 : (8, 1)
68 : (2, 9)
69 : (9, 2)
70 : (3, 3)
71 : (3, 3)
74 : (4, 4)
75 : (4, 4)
76 : (10, 5)
77 : (5, 10)
78 : (6, 6)
79 : (6, 6)
82 : (3, 9)
83 : (9, 3)
96 : (2, 0)
97 : (0, 2)
98 : (1, 6)
99 : (6, 1)
2 : (5, 10)
3 : (10, 5)
6 : (3, 9)
7 : (9, 3)
8 : (0, 5)
9 : (5, 0)
10 : (4, 6)
11 : (6, 4)
12 : (1, 1)
13 : (1, 1)
14 : (5, 6)
15 : (6, 5)
16 : (1, 5)
17 : (5, 1)
20 : (1, 1)
21 : (1, 1)
22 : (6, 2)
23 : (2, 6)
26 : (7, 6)
27 : (6, 7)
28 : (5, 7)
29 : (7, 5)
30 : (6, 0)
31 : (0, 6)
40 : (4, 3)
41 : (3, 4)
42 : (7, 0)
43 : (0, 7)
44 : (1, 5)
45 : (5, 1)
46 : (0, 2)
47 : (2, 0)
48 : (6, 5)
49 : (5, 6)
50 : (8, 8)
51 : (8, 8)
52 : (5, 5)
53 : (5, 5)
54 : (4, 7)
55 : (7, 4)
56 : (3, 6)
57 : (6, 3)
58 : (5, 8)
59 : (8, 5)
64 : (7, 6)
65 : (6, 7)
70 : (5, 2)
71 : (2, 5)
74 : (2, 5)
75 : (5, 2)
76 : (2, 7)
77 : (7, 2)
86 : (5, 1)
87 : (1, 5)
88 : (1, 3)
89 : (3, 1)
90 : (3, 0)
91 : (0, 3)
96 : (5, 3)
97 : (3, 5)
0 : (6, 2)
1 : (2, 6)
8 : (6, 6)
9 : (6, 6)
10 : (6, 3)
11 : (3, 6)
16 : (2, 9)
17 : (9, 2)
18 : (5, 7)
19 : (7, 5)
22 : (9, 4)
23 : (4, 9)
28 : (3, 3)
29 : (3, 3)
30 : (4, 3)
31 : (3, 4)
38 : (4, 4)
39 : (4, 4)
40 : (3, 4)
41 : (4, 3)
42 : (7, 4)
43 : (4, 7)
44 : (4, 9)
45 : (9, 4)
46 : (4, 8)
47 : (8, 4)
48 : (8, 5)
49 : (5, 8)
50 : (3, 8)
51 : (8, 3)
52 : (2, 6)
53 : (6, 2)
54 : (5, 5)
55 : (5, 5)
64 : (4, 4)
65 : (4, 4)
66 : (11, 3)
67 : (3, 11)
68 : (3, 6)
69 : (6, 3)
70 : (4, 10)
71 : (10, 4)
74 : (0, 3)
75 : (3, 0)
78 : (6, 4)
79 : (4, 6)
80 : (5, 5)
81 : (5, 5)
82 : (2, 3)
83 : (3, 2)
84 : (4, 5)
85 : (5, 4)
86 : (4, 7)
87 : (7, 4)
90 : (4, 8)
91 : (8, 4)
92 : (3, 2)
93 : (2, 3)
94 : (11, 6)
95 : (6, 11)
96 : (5, 4)
97 : (4, 5)
98 : (5, 6)
99 : (6, 5)
4 : (6, 5)
5 : (5, 6)
6 : (4, 3)
7 : (3, 4)
8 : (0, 5)
9 : (5, 0)
10 : (3, 1)
11 : (1, 3)
12 : (0, 1)
13 : (1, 0)
16 : (0, 3)
17 : (3, 0)
18 : (8, 7)
19 : (7, 8)
20 : (9, 4)
21 : (4, 9)
22 : (3, 3)
23 : (3, 3)
36 : (2, 6)
37 : (6, 2)
38 : (7, 3)
39 : (3, 7)
44 : (1, 2)
45 : (2, 1)
46 : (6, 4)
47 : (4, 6)
52 : (5, 4)
53 : (4, 5)
54 : (1, 1)
55 : (1, 1)
60 : (4, 2)
61 : (2, 4)
62 : (5, 3)
63 : (3, 5)
64 : (1, 4)
65 : (4, 1)
66 : (6, 11)
67 : (11, 6)
72 : (2, 6)
73 : (6, 2)
74 : (3, 2)
75 : (2, 3)
76 : (8, 7)
77 : (7, 8)
78 : (4, 6)
79 : (6, 4)
80 : (11, 5)
81 : (5, 11)
82 : (2, 5)
83 : (5, 2)
96 : (3, 10)
97 : (10, 3)
98 : (3, 7)
99 : (7, 3)
   	            entropy            	              diff             	       kills       
   	-------------------------------	-------------------------------	-------------------
gen	min	avg      	max    	min     	avg    	max    	min	avg  	max
0  	0  	0        	0      	0.480978	1.14233	2.02665	0  	1.98 	13 
1  	0  	0        	0      	0.632944	1.31926	2.02665	0  	1.68 	16 
2  	0  	0.0288771	1.44386	0.997214	1.48298	2.09326	0  	1.94 	17 
3  	0  	0.0520018	1.30004	0.923259	1.67712	2.14914	0  	2.22 	17 
4  	0  	0.104004 	1.30004	1.21002 	1.8235 	2.203  	0  	1.96 	12 
5  	0  	0.16315  	1.62256	1.146   	1.73757	2.203  	0  	3.38 	21 
6  	0  	0.304904 	1.90887	1.20024 	1.67941	2.203  	0  	3.94 	21 
7  	0  	0.268927 	1.83659	1.20447 	1.62793	2.203  	0  	5    	21 
8  	0  	0.421337 	1.9419 	1.14349 	1.64529	2.203  	0  	6.1  	24 
9  	0  	0.52524  	2      	1.08543 	1.5869 	2.19959	0  	7.9  	22 
10 	0  	0.639875 	2      	1.0734  	1.56677	2.19959	0  	7.6  	22 
11 	0  	1.1964   	2      	1.11763 	1.53958	2.19959	0  	8.18 	27 
12 	0  	1.49537  	2      	1.19721 	1.49795	1.88955	0  	8.02 	20 
13 	0  	1.63841  	2      	1.21002 	1.58247	1.8826 	1  	9.8  	19 
14 	0  	1.8014   	2      	1.43452 	1.64131	1.8826 	0  	10.18	16 
15 	0  	1.69798  	2      	1.45372 	1.68624	1.93759	0  	9.78 	16 
16 	0  	1.76836  	2      	1.48744 	1.70908	2.13184	1  	9.84 	17 
17 	0  	1.69583  	2      	1.49311 	1.7177 	2.0271 	2  	9.3  	16 
18 	0  	1.86871  	2      	1.48424 	1.72086	1.90929	2  	9.9  	17 
19 	0  	1.79165  	2      	1.48424 	1.72289	2.09775	1  	8.8  	17 