Gen : 0
0 : (11, 6)
1 : (6, 11)
2 : (0, 14)
3 : (14, 0)
4 : (0, 9)
5 : (9, 0)
6 : (15, 5)
7 : (5, 15)
8 : (9, 11)
9 : (11, 9)
10 : (14, 6)
11 : (6, 14)
12 : (20, 0)
13 : (0, 20)
14 : (12, 4)
15 : (4, 12)
16 : (13, 8)
17 : (7, 13)
18 : (0, 20)
19 : (20, 0)
20 : (13, 7)
21 : (7, 13)
22 : (6, 8)
23 : (8, 6)
24 : (6, 11)
25 : (11, 6)
26 : (6, 6)
27 : (6, 6)
28 : (1, 9)
29 : (9, 1)
30 : (7, 1)
31 : (1, 7)
32 : (10, 0)
33 : (0, 10)
34 : (0, 20)
35 : (20, 0)
36 : (6, 10)
37 : (10, 6)
38 : (9, 7)
39 : (7, 9)
40 : (0, 20)
41 : (20, 0)
42 : (5, 12)
43 : (12, 5)
44 : (9, 1)
45 : (1, 9)
46 : (3, 0)
47 : (0, 3)
48 : (18, 2)
49 : (2, 18)
50 : (18, 2)
51 : (2, 18)
52 : (18, 0)
53 : (0, 18)
54 : (11, 10)
55 : (9, 11)
56 : (8, 0)
57 : (0, 8)
58 : (2, 7)
59 : (7, 2)
60 : (20, 0)
61 : (0, 20)
62 : (6, 14)
63 : (14, 6)
64 : (10, 0)
65 : (0, 10)
66 : (1, 0)
67 : (0, 1)
68 : (11, 1)
69 : (1, 11)
70 : (15, 5)
71 : (5, 15)
72 : (0, 11)
73 : (11, 0)
74 : (9, 11)
75 : (11, 9)
76 : (1, 19)
77 : (19, 1)
78 : (0, 3)
79 : (3, 0)
80 : (10, 7)
81 : (7, 10)
82 : (3, 11)
83 : (11, 3)
84 : (15, 5)
85 : (5, 15)
86 : (0, 20)
87 : (20, 0)
88 : (0, 17)
89 : (17, 0)
90 : (5, 15)
91 : (15, 5)
92 : (2, 15)
93 : (15, 2)
94 : (1, 19)
95 : (19, 1)
96 : (0, 20)
97 : (20, 0)
98 : (1, 19)
99 : (19, 1)
*********************************************************
Gen : 1
2 : (0, 5)
3 : (5, 0)
4 : (13, 7)
5 : (7, 13)
8 : (4, 4)
9 : (4, 4)
10 : (9, 0)
11 : (0, 9)
12 : (6, 6)
13 : (6, 6)
14 : (3, 13)
15 : (13, 3)
16 : (2, 0)
17 : (0, 2)
22 : (8, 12)
23 : (12, 8)
24 : (20, 0)
25 : (0, 20)
26 : (20, 0)
27 : (0, 20)
36 : (0, 16)
37 : (16, 0)
38 : (0, 20)
39 : (20, 0)
40 : (1, 9)
41 : (9, 1)
44 : (7, 13)
45 : (13, 7)
46 : (5, 15)
47 : (15, 5)
48 : (0, 11)
49 : (11, 0)
50 : (18, 2)
51 : (2, 18)
54 : (16, 4)
55 : (4, 16)
56 : (0, 17)
57 : (17, 0)
58 : (12, 8)
59 : (8, 12)
60 : (7, 4)
61 : (4, 7)
64 : (0, 11)
65 : (11, 0)
68 : (1, 0)
69 : (0, 1)
70 : (1, 10)
71 : (10, 1)
72 : (4, 14)
73 : (14, 4)
78 : (7, 13)
79 : (13, 7)
80 : (19, 1)
81 : (1, 20)
82 : (14, 6)
83 : (6, 14)
84 : (6, 14)
85 : (14, 6)
90 : (4, 16)
91 : (16, 4)
92 : (18, 2)
93 : (2, 18)
94 : (5, 5)
95 : (5, 5)
96 : (7, 13)
97 : (13, 7)
*********************************************************
Gen : 2
0 : (19, 1)
1 : (1, 19)
6 : (16, 4)
7 : (4, 16)
10 : (3, 17)
11 : (17, 3)
12 : (13, 7)
13 : (7, 13)
14 : (12, 6)
15 : (6, 12)
16 : (4, 1)
17 : (1, 4)
20 : (6, 14)
21 : (14, 6)
22 : (5, 7)
23 : (7, 5)
24 : (15, 4)
25 : (4, 15)
28 : (7, 5)
29 : (5, 7)
30 : (16, 4)
31 : (4, 16)
38 : (13, 4)
39 : (4, 13)
40 : (14, 6)
41 : (6, 14)
42 : (8, 12)
43 : (12, 8)
46 : (14, 6)
47 : (6, 14)
48 : (10, 10)
49 : (10, 10)
50 : (10, 6)
51 : (6, 10)
52 : (19, 1)
53 : (1, 19)
54 : (11, 1)
55 : (1, 11)
56 : (6, 3)
57 : (3, 6)
60 : (4, 16)
61 : (16, 4)
62 : (5, 15)
63 : (15, 5)
64 : (12, 7)
65 : (7, 12)
68 : (19, 1)
69 : (1, 19)
70 : (2, 5)
71 : (5, 2)
72 : (5, 0)
73 : (0, 5)
74 : (8, 4)
75 : (4, 8)
82 : (6, 4)
83 : (4, 6)
84 : (15, 5)
85 : (5, 15)
86 : (17, 3)
87 : (3, 17)
88 : (9, 8)
89 : (8, 9)
90 : (11, 9)
91 : (9, 11)
92 : (17, 3)
93 : (3, 17)
94 : (10, 8)
95 : (8, 11)
96 : (5, 15)
97 : (15, 5)
98 : (11, 9)
99 : (9, 11)
*********************************************************
Gen : 3
0 : (13, 0)
1 : (0, 13)
6 : (2, 4)
7 : (4, 3)
8 : (2, 2)
9 : (2, 2)
10 : (3, 2)
11 : (2, 3)
14 : (18, 2)
15 : (2, 18)
16 : (4, 2)
17 : (2, 4)
18 : (17, 3)
19 : (3, 17)
20 : (9, 11)
21 : (11, 9)
22 : (13, 7)
23 : (7, 13)
26 : (13, 7)
27 : (7, 13)
30 : (14, 6)
31 : (6, 14)
34 : (6, 9)
35 : (9, 6)
40 : (7, 13)
41 : (13, 7)
42 : (6, 14)
43 : (14, 6)
44 : (11, 9)
45 : (9, 11)
50 : (6, 14)
51 : (14, 6)
52 : (10, 0)
53 : (0, 10)
54 : (7, 6)
55 : (6, 7)
56 : (16, 4)
57 : (4, 16)
58 : (1, 0)
59 : (0, 1)
60 : (17, 3)
61 : (3, 17)
62 : (6, 14)
63 : (14, 6)
64 : (18, 2)
65 : (2, 18)
66 : (8, 7)
67 : (7, 8)
68 : (13, 7)
69 : (7, 13)
70 : (4, 0)
71 : (0, 4)
72 : (10, 10)
73 : (10, 10)
74 : (3, 17)
75 : (17, 3)
76 : (15, 5)
77 : (5, 15)
78 : (11, 9)
79 : (9, 11)
80 : (6, 14)
81 : (14, 6)
90 : (5, 15)
91 : (15, 5)
92 : (11, 4)
93 : (4, 11)
94 : (13, 7)
95 : (7, 13)
98 : (13, 7)
99 : (7, 13)
*********************************************************
Gen : 4
0 : (6, 8)
1 : (8, 6)
2 : (12, 8)
3 : (8, 12)
6 : (0, 3)
7 : (3, 0)
8 : (15, 0)
9 : (0, 15)
14 : (14, 6)
15 : (6, 14)
16 : (0, 20)
17 : (20, 0)
18 : (20, 0)
19 : (0, 20)
22 : (4, 16)
23 : (16, 4)
24 : (7, 10)
25 : (10, 7)
26 : (14, 6)
27 : (6, 14)
34 : (3, 10)
35 : (10, 3)
36 : (15, 5)
37 : (5, 15)
38 : (6, 14)
39 : (14, 6)
40 : (10, 6)
41 : (6, 10)
44 : (8, 4)
45 : (4, 8)
46 : (13, 7)
47 : (7, 13)
48 : (7, 5)
49 : (5, 7)
50 : (8, 4)
51 : (4, 8)
56 : (19, 1)
57 : (1, 19)
58 : (5, 13)
59 : (13, 5)
60 : (10, 10)
61 : (10, 10)
62 : (8, 12)
63 : (12, 8)
64 : (11, 9)
65 : (9, 11)
68 : (14, 6)
69 : (6, 14)
70 : (19, 1)
71 : (1, 19)
74 : (12, 8)
75 : (8, 12)
76 : (13, 3)
77 : (3, 13)
80 : (15, 5)
81 : (5, 15)
84 : (17, 3)
85 : (3, 17)
86 : (13, 7)
87 : (7, 13)
88 : (12, 8)
89 : (8, 12)
90 : (5, 12)
91 : (12, 5)
92 : (8, 13)
93 : (12, 8)
94 : (12, 8)
95 : (8, 12)
96 : (7, 8)
97 : (8, 7)
98 : (4, 8)
99 : (8, 4)
*********************************************************
Gen : 5
0 : (9, 3)
1 : (3, 9)
2 : (0, 20)
3 : (20, 0)
4 : (11, 9)
5 : (9, 11)
6 : (9, 11)
7 : (11, 9)
8 : (15, 5)
9 : (5, 15)
10 : (14, 6)
11 : (6, 14)
14 : (16, 0)
15 : (0, 16)
16 : (12, 8)
17 : (8, 12)
22 : (16, 4)
23 : (4, 16)
26 : (2, 0)
27 : (0, 2)
28 : (10, 8)
29 : (8, 10)
30 : (18, 2)
31 : (2, 18)
32 : (6, 1)
33 : (1, 6)
34 : (3, 7)
35 : (7, 3)
38 : (6, 7)
39 : (7, 6)
40 : (12, 8)
41 : (8, 12)
42 : (5, 15)
43 : (15, 5)
44 : (13, 7)
45 : (7, 13)
46 : (6, 0)
47 : (0, 6)
48 : (10, 10)
49 : (10, 10)
50 : (16, 4)
51 : (4, 16)
52 : (5, 15)
53 : (15, 5)
56 : (10, 10)
57 : (10, 10)
60 : (11, 9)
61 : (9, 11)
64 : (17, 3)
65 : (3, 17)
66 : (15, 5)
67 : (5, 15)
68 : (15, 5)
69 : (5, 15)
70 : (11, 9)
71 : (9, 11)
72 : (12, 8)
73 : (8, 12)
74 : (12, 8)
75 : (8, 12)
76 : (8, 4)
77 : (4, 8)
80 : (13, 6)
81 : (6, 13)
82 : (14, 6)
83 : (6, 14)
84 : (14, 6)
85 : (6, 14)
86 : (5, 13)
87 : (13, 5)
90 : (13, 2)
91 : (2, 13)
94 : (19, 1)
95 : (1, 19)
98 : (12, 2)
99 : (2, 12)
*********************************************************
Gen : 6
0 : (15, 5)
1 : (5, 15)
2 : (14, 6)
3 : (6, 14)
6 : (0, 4)
7 : (4, 0)
10 : (4, 0)
11 : (0, 4)
12 : (10, 10)
13 : (10, 11)
14 : (4, 1)
15 : (1, 4)
18 : (2, 15)
19 : (15, 2)
20 : (7, 13)
21 : (13, 7)
22 : (0, 20)
23 : (20, 0)
24 : (13, 7)
25 : (7, 13)
26 : (13, 7)
27 : (7, 13)
28 : (12, 8)
29 : (8, 12)
32 : (11, 9)
33 : (9, 11)
34 : (9, 4)
35 : (4, 9)
38 : (12, 8)
39 : (8, 12)
40 : (12, 6)
41 : (6, 12)
42 : (4, 16)
43 : (16, 4)
46 : (9, 11)
47 : (11, 9)
48 : (10, 10)
49 : (10, 10)
52 : (12, 8)
53 : (8, 12)
54 : (9, 11)
55 : (11, 9)
56 : (6, 4)
57 : (4, 6)
58 : (1, 1)
59 : (1, 1)
60 : (11, 8)
61 : (8, 11)
62 : (1, 0)
63 : (0, 1)
64 : (9, 5)
65 : (5, 9)
68 : (5, 15)
69 : (15, 5)
70 : (13, 2)
71 : (2, 13)
72 : (8, 12)
73 : (12, 8)
74 : (8, 2)
75 : (2, 8)
82 : (16, 4)
83 : (4, 16)
84 : (5, 2)
85 : (2, 5)
88 : (9, 4)
89 : (4, 9)
92 : (13, 7)
93 : (7, 13)
94 : (9, 11)
95 : (11, 9)
96 : (8, 12)
97 : (12, 8)
*********************************************************
Gen : 7
2 : (15, 5)
3 : (5, 15)
4 : (5, 15)
5 : (15, 5)
6 : (10, 3)
7 : (3, 10)
8 : (7, 13)
9 : (13, 7)
10 : (4, 8)
11 : (8, 4)
14 : (7, 7)
15 : (7, 7)
16 : (13, 7)
17 : (7, 13)
20 : (11, 9)
21 : (9, 11)
22 : (12, 8)
23 : (8, 12)
24 : (8, 3)
25 : (3, 8)
28 : (13, 7)
29 : (7, 13)
32 : (14, 6)
33 : (6, 15)
36 : (8, 12)
37 : (12, 8)
38 : (15, 5)
39 : (5, 15)
40 : (3, 0)
41 : (0, 3)
42 : (12, 8)
43 : (8, 12)
48 : (16, 4)
49 : (4, 16)
50 : (19, 1)
51 : (1, 19)
52 : (7, 4)
53 : (4, 7)
54 : (10, 10)
55 : (10, 10)
56 : (20, 0)
57 : (0, 20)
58 : (8, 11)
59 : (11, 8)
62 : (10, 10)
63 : (10, 10)
66 : (17, 3)
67 : (3, 17)
68 : (14, 6)
69 : (6, 14)
70 : (3, 6)
71 : (6, 3)
72 : (7, 13)
73 : (13, 7)
74 : (10, 10)
75 : (10, 10)
76 : (7, 13)
77 : (13, 7)
78 : (1, 1)
79 : (1, 1)
80 : (5, 3)
81 : (3, 5)
82 : (5, 7)
83 : (7, 6)
84 : (6, 13)
85 : (13, 6)
88 : (15, 5)
89 : (5, 15)
90 : (0, 1)
91 : (1, 0)
92 : (8, 2)
93 : (2, 8)
*********************************************************
Gen : 8
0 : (2, 1)
1 : (1, 2)
2 : (15, 5)
3 : (5, 15)
4 : (14, 6)
5 : (6, 14)
8 : (6, 8)
9 : (8, 6)
10 : (12, 3)
11 : (3, 12)
12 : (20, 0)
13 : (0, 20)
14 : (4, 16)
15 : (16, 4)
16 : (10, 9)
17 : (9, 10)
20 : (1, 19)
21 : (19, 1)
22 : (7, 1)
23 : (1, 7)
26 : (7, 4)
27 : (4, 7)
28 : (5, 11)
29 : (11, 5)
30 : (0, 20)
31 : (20, 0)
34 : (8, 12)
35 : (12, 8)
40 : (16, 4)
41 : (4, 16)
42 : (17, 3)
43 : (3, 17)
50 : (0, 20)
51 : (20, 0)
54 : (14, 6)
55 : (6, 14)
56 : (11, 4)
57 : (4, 11)
60 : (1, 19)
61 : (19, 1)
62 : (6, 12)
63 : (12, 7)
64 : (10, 9)
65 : (9, 10)
66 : (2, 7)
67 : (7, 2)
68 : (3, 17)
69 : (17, 3)
70 : (1, 19)
71 : (19, 1)
72 : (15, 6)
73 : (5, 15)
74 : (14, 6)
75 : (6, 14)
76 : (4, 15)
77 : (15, 4)
78 : (15, 5)
79 : (5, 15)
82 : (10, 10)
83 : (10, 10)
84 : (1, 1)
85 : (1, 1)
86 : (17, 3)
87 : (3, 17)
90 : (1, 5)
91 : (5, 1)
92 : (10, 1)
93 : (1, 10)
94 : (15, 5)
95 : (5, 15)
98 : (7, 13)
99 : (13, 7)
*********************************************************
Gen : 9
2 : (2, 18)
3 : (18, 2)
10 : (15, 1)
11 : (1, 15)
12 : (10, 3)
13 : (3, 10)
14 : (9, 11)
15 : (11, 9)
16 : (13, 4)
17 : (4, 13)
18 : (13, 7)
19 : (7, 13)
20 : (10, 7)
21 : (7, 10)
22 : (12, 8)
23 : (8, 12)
24 : (5, 1)
25 : (1, 5)
26 : (0, 20)
27 : (20, 0)
28 : (18, 2)
29 : (2, 18)
30 : (15, 5)
31 : (5, 15)
32 : (4, 16)
33 : (16, 4)
36 : (15, 5)
37 : (5, 15)
38 : (1, 4)
39 : (4, 1)
40 : (6, 14)
41 : (14, 6)
42 : (8, 3)
43 : (3, 8)
44 : (14, 6)
45 : (6, 14)
52 : (20, 0)
53 : (0, 20)
54 : (6, 0)
55 : (0, 6)
56 : (7, 13)
57 : (13, 7)
58 : (13, 4)
59 : (4, 13)
60 : (5, 15)
61 : (15, 5)
62 : (15, 5)
63 : (5, 15)
64 : (6, 9)
65 : (9, 6)
66 : (5, 15)
67 : (15, 5)
68 : (15, 5)
69 : (5, 15)
70 : (14, 6)
71 : (6, 14)
72 : (14, 6)
73 : (6, 14)
74 : (12, 8)
75 : (8, 12)
76 : (12, 8)
77 : (8, 12)
78 : (17, 3)
79 : (3, 17)
84 : (12, 8)
85 : (8, 12)
88 : (13, 7)
89 : (7, 13)
90 : (2, 16)
91 : (16, 2)
96 : (16, 4)
97 : (4, 16)
98 : (17, 3)
99 : (3, 17)
*********************************************************
Gen : 10
0 : (11, 2)
1 : (2, 11)
2 : (14, 6)
3 : (6, 14)
4 : (12, 8)
5 : (8, 12)
8 : (0, 1)
9 : (1, 0)
10 : (10, 10)
11 : (10, 10)
12 : (8, 12)
13 : (12, 8)
14 : (1, 0)
15 : (0, 1)
16 : (12, 8)
17 : (8, 12)
22 : (3, 14)
23 : (14, 3)
30 : (17, 3)
31 : (3, 17)
32 : (7, 5)
33 : (5, 7)
38 : (3, 7)
39 : (7, 3)
42 : (14, 5)
43 : (5, 14)
44 : (6, 14)
45 : (14, 6)
46 : (3, 2)
47 : (2, 3)
48 : (18, 2)
49 : (2, 18)
50 : (12, 8)
51 : (8, 12)
56 : (6, 13)
57 : (13, 6)
58 : (8, 10)
59 : (10, 8)
60 : (0, 1)
61 : (1, 0)
64 : (2, 0)
65 : (0, 2)
68 : (14, 6)
69 : (6, 14)
70 : (20, 0)
71 : (0, 20)
74 : (2, 14)
75 : (14, 2)
76 : (2, 5)
77 : (5, 2)
78 : (3, 2)
79 : (2, 3)
80 : (13, 7)
81 : (7, 13)
82 : (10, 10)
83 : (10, 10)
84 : (7, 5)
85 : (5, 7)
88 : (13, 4)
89 : (4, 13)
90 : (5, 8)
91 : (8, 5)
92 : (8, 12)
93 : (12, 8)
94 : (7, 2)
95 : (2, 7)
96 : (11, 2)
97 : (2, 11)
*********************************************************
Gen : 11
0 : (13, 7)
1 : (7, 13)
4 : (17, 3)
5 : (3, 17)
6 : (4, 2)
7 : (2, 4)
8 : (10, 6)
9 : (6, 10)
10 : (9, 5)
11 : (5, 9)
14 : (10, 10)
15 : (10, 10)
16 : (14, 6)
17 : (6, 14)
18 : (17, 3)
19 : (3, 17)
22 : (13, 7)
23 : (7, 13)
24 : (11, 9)
25 : (9, 11)
30 : (4, 0)
31 : (0, 4)
32 : (14, 6)
33 : (6, 14)
34 : (3, 3)
35 : (3, 3)
36 : (12, 8)
37 : (8, 12)
38 : (9, 9)
39 : (9, 9)
40 : (12, 8)
41 : (8, 12)
44 : (6, 2)
45 : (2, 6)
46 : (18, 2)
47 : (2, 18)
50 : (9, 4)
51 : (4, 9)
52 : (12, 8)
53 : (8, 12)
56 : (11, 9)
57 : (9, 11)
58 : (12, 8)
59 : (8, 12)
64 : (20, 0)
65 : (0, 20)
66 : (0, 1)
67 : (1, 0)
68 : (4, 16)
69 : (16, 4)
70 : (12, 8)
71 : (8, 12)
74 : (9, 11)
75 : (11, 9)
80 : (8, 8)
81 : (8, 8)
82 : (1, 13)
83 : (13, 1)
84 : (11, 9)
85 : (9, 11)
86 : (9, 11)
87 : (11, 9)
88 : (14, 6)
89 : (6, 14)
92 : (10, 10)
93 : (10, 10)
94 : (10, 6)
95 : (6, 10)
96 : (14, 6)
97 : (6, 14)
98 : (12, 8)
99 : (8, 12)
*********************************************************
Gen : 12
0 : (4, 0)
1 : (0, 4)
2 : (13, 7)
3 : (7, 13)
4 : (12, 8)
5 : (8, 12)
6 : (12, 8)
7 : (8, 12)
8 : (8, 5)
9 : (5, 8)
10 : (10, 10)
11 : (10, 10)
14 : (5, 3)
15 : (3, 5)
16 : (11, 9)
17 : (9, 11)
20 : (20, 0)
21 : (0, 20)
22 : (14, 6)
23 : (6, 14)
24 : (5, 4)
25 : (4, 5)
28 : (1, 19)
29 : (19, 1)
32 : (13, 7)
33 : (7, 13)
34 : (12, 8)
35 : (8, 12)
36 : (6, 9)
37 : (9, 6)
40 : (15, 5)
41 : (5, 15)
42 : (5, 6)
43 : (6, 5)
44 : (18, 2)
45 : (2, 18)
46 : (5, 7)
47 : (7, 5)
48 : (18, 2)
49 : (2, 18)
50 : (19, 1)
51 : (1, 19)
52 : (9, 11)
53 : (11, 9)
54 : (8, 11)
55 : (11, 8)
58 : (3, 1)
59 : (1, 3)
62 : (0, 1)
63 : (1, 0)
64 : (14, 6)
65 : (6, 14)
66 : (4, 14)
67 : (14, 4)
72 : (5, 15)
73 : (15, 5)
74 : (4, 16)
75 : (16, 4)
76 : (20, 0)
77 : (0, 20)
78 : (7, 13)
79 : (13, 7)
80 : (12, 6)
81 : (6, 12)
82 : (9, 4)
83 : (4, 9)
86 : (13, 7)
87 : (7, 13)
88 : (15, 5)
89 : (5, 15)
94 : (1, 0)
95 : (0, 1)
98 : (2, 11)
99 : (11, 2)
*********************************************************
Gen : 13
0 : (13, 4)
1 : (4, 13)
2 : (5, 5)
3 : (5, 5)
4 : (12, 5)
5 : (5, 12)
6 : (10, 10)
7 : (10, 10)
8 : (14, 6)
9 : (6, 14)
10 : (9, 11)
11 : (11, 9)
14 : (15, 5)
15 : (5, 15)
16 : (11, 7)
17 : (7, 11)
18 : (12, 8)
19 : (8, 12)
20 : (9, 8)
21 : (8, 9)
22 : (5, 15)
23 : (15, 5)
24 : (12, 8)
25 : (8, 12)
26 : (7, 8)
27 : (8, 7)
30 : (11, 4)
31 : (3, 11)
34 : (6, 4)
35 : (4, 6)
38 : (18, 2)
39 : (2, 18)
44 : (10, 10)
45 : (10, 10)
52 : (10, 10)
53 : (10, 10)
54 : (14, 6)
55 : (6, 14)
56 : (1, 18)
57 : (18, 1)
58 : (12, 8)
59 : (8, 12)
60 : (8, 8)
61 : (8, 8)
62 : (9, 11)
63 : (11, 9)
64 : (15, 5)
65 : (5, 15)
66 : (12, 8)
67 : (8, 12)
68 : (7, 13)
69 : (13, 7)
70 : (11, 9)
71 : (9, 11)
72 : (14, 5)
73 : (5, 14)
74 : (19, 1)
75 : (1, 19)
76 : (13, 7)
77 : (7, 13)
78 : (16, 4)
79 : (3, 16)
80 : (10, 10)
81 : (10, 10)
82 : (12, 7)
83 : (7, 12)
84 : (12, 8)
85 : (8, 12)
90 : (10, 10)
91 : (10, 10)
92 : (5, 15)
93 : (15, 5)
94 : (13, 7)
95 : (7, 13)
96 : (11, 9)
97 : (9, 11)
98 : (2, 3)
99 : (3, 2)
*********************************************************
Gen : 14
2 : (5, 1)
3 : (1, 5)
4 : (9, 3)
5 : (3, 9)
10 : (10, 10)
11 : (10, 10)
16 : (11, 9)
17 : (9, 11)
18 : (7, 13)
19 : (13, 7)
20 : (4, 3)
21 : (3, 4)
22 : (7, 13)
23 : (13, 7)
24 : (10, 9)
25 : (9, 10)
26 : (8, 12)
27 : (12, 8)
28 : (13, 7)
29 : (7, 13)
34 : (7, 12)
35 : (12, 7)
36 : (8, 12)
37 : (12, 8)
38 : (9, 11)
39 : (11, 9)
40 : (7, 0)
41 : (0, 7)
42 : (5, 6)
43 : (6, 5)
46 : (3, 7)
47 : (7, 3)
48 : (16, 4)
49 : (4, 16)
50 : (13, 7)
51 : (7, 13)
54 : (0, 20)
55 : (20, 0)
56 : (14, 6)
57 : (6, 14)
58 : (9, 11)
59 : (11, 9)
60 : (11, 7)
61 : (7, 11)
64 : (4, 4)
65 : (4, 4)
66 : (15, 5)
67 : (5, 15)
68 : (8, 12)
69 : (12, 8)
70 : (10, 10)
71 : (10, 10)
72 : (7, 13)
73 : (13, 7)
74 : (7, 7)
75 : (7, 7)
78 : (11, 4)
79 : (4, 11)
80 : (12, 8)
81 : (8, 12)
82 : (2, 2)
83 : (2, 2)
84 : (6, 14)
85 : (14, 6)
88 : (9, 9)
89 : (9, 9)
90 : (6, 4)
91 : (4, 6)
92 : (11, 9)
93 : (9, 11)
96 : (4, 5)
97 : (5, 4)
98 : (11, 9)
99 : (9, 11)
*********************************************************
Gen : 15
0 : (11, 9)
1 : (9, 11)
2 : (4, 16)
3 : (16, 4)
4 : (1, 19)
5 : (19, 1)
6 : (7, 13)
7 : (13, 7)
8 : (10, 2)
9 : (2, 10)
