Results
[[11, 15], [9, 5], [10, 9], [11, 15]]
[[15, 11], [5, 9], [7, 13], [15, 11]]
[[14, 11], [6, 9], [8, 14], [14, 11]]
[[10, 12], [10, 8], [10, 11], [10, 12]]
[[11, 13], [9, 7], [11, 11], [11, 13]]

kills 1) first bot 2) second bot
[11, 15, 15, 11, 14, 11, 10, 12, 11, 13]
[9, 5, 5, 9, 6, 9, 10, 8, 9, 7]

dies 1) first bot 2) second bot
[10, 9, 7, 13, 8, 14, 10, 11, 11, 11]
[11, 15, 15, 11, 14, 11, 10, 12, 11, 13]

kill [1)mean , 2)var]
1) [12.3, 7.7]
2) [3.3444444444444446, 3.3444444444444446]

dies [1)mean , 2)var]
1) [10.4, 12.3]
2) [4.488888888888889, 3.3444444444444446]

fitness (entropy + total kill + suicides) [1)mean , 2)var]
1) 2.6997753613930353
2) 0.0251571178490559
