Gen : 0
0 : (22, 18, 0.0408, 316.1806, 1.8333, 0.0756)
1 : (18, 22, 0.0, 280.3934, 1.2727, 0.0097)
2 : (3, 12, 0.1467, 346.311, 1.5, 0.0191)
3 : (11, 4, 0.0, 485.8923, 2.5, 0.0138)
4 : (22, 18, 0.1385, 221.0866, 2.2, 0.0493)
5 : (18, 22, 0.0, 306.9532, 1.6667, 0.0154)
6 : (27, 13, 0.0634, 349.8873, 3.375, 0.0305)
7 : (13, 28, 0.0183, 540.6147, 1.7143, 0.0114)
8 : (22, 18, 0.0859, 398.729, 1.6923, 0.087)
9 : (18, 22, 0.0, 374.0737, 1.4167, 0.0219)
10 : (18, 22, 0.0326, 322.9924, 2.0, 0.0682)
11 : (22, 18, 0.0, 305.6227, 2.3333, 0.0145)
12 : (26, 14, 0.0424, 246.1591, 2.5, 0.0378)
13 : (14, 26, 0.0, 459.2688, 1.4, 0.0108)
14 : (31, 10, 0.1784, 400.9744, 4.1429, 0.029)
15 : (9, 31, 0.0098, 664.3516, 1.5, 0.016)
16 : (21, 19, 0.1422, 406.5263, 1.75, 0.0625)
17 : (19, 21, 0.0, 329.6491, 1.6364, 0.0177)
18 : (18, 23, 0.0475, 340.3057, 1.8889, 0.0535)
19 : (22, 19, 0.0056, 397.4967, 2.4444, 0.0252)
20 : (24, 16, 0.0601, 347.4836, 1.8333, 0.092)
21 : (16, 24, 0.0, 376.9388, 1.2308, 0.0189)
22 : (19, 14, 0.0703, 388.7681, 1.9, 0.0705)
23 : (14, 19, 0.0, 350.3157, 1.4444, 0.0152)
24 : (25, 15, 0.1036, 539.7521, 2.5, 0.0587)
25 : (15, 25, 0.0, 289.1058, 1.5556, 0.0155)
26 : (23, 18, 0.0807, 321.1715, 1.9091, 0.0637)
27 : (17, 23, 0.0, 306.1541, 1.4167, 0.0174)
28 : (26, 14, 0.1034, 339.3429, 2.6667, 0.0477)
29 : (14, 26, 0.0, 251.5134, 1.4, 0.0118)
30 : (19, 21, 0.0599, 526.9694, 1.4545, 0.072)
31 : (21, 19, 0.013, 535.8097, 1.75, 0.0253)
32 : (18, 22, 0.1813, 240.2726, 1.5, 0.0656)
33 : (22, 18, 0.0, 399.6177, 1.75, 0.0275)
34 : (26, 15, 0.0952, 545.6263, 2.5556, 0.0859)
35 : (14, 26, 0.0, 444.576, 1.4, 0.0166)
36 : (26, 14, 0.0623, 426.701, 2.6, 0.0568)
37 : (14, 26, 0.0, 426.2894, 1.3333, 0.0118)
38 : (26, 14, 0.1729, 486.2464, 2.6, 0.0861)
39 : (14, 26, 0.0, 556.8078, 1.2, 0.0167)
40 : (17, 23, 0.0652, 265.99, 2.125, 0.0454)
41 : (23, 17, 0.0, 267.716, 2.625, 0.0211)
42 : (25, 15, 0.0163, 345.1783, 2.875, 0.0544)
43 : (15, 25, 0.0, 537.316, 1.875, 0.0268)
44 : (23, 18, 0.1727, 443.4685, 2.5556, 0.0629)
45 : (17, 23, 0.0, 349.3431, 2.0, 0.0182)
46 : (24, 16, 0.1471, 417.3473, 2.1818, 0.0746)
47 : (16, 24, 0.0, 298.0864, 1.5, 0.0138)
48 : (22, 17, 0.3219, 397.2435, 1.8182, 0.0614)
49 : (17, 22, 0.0, 380.8591, 1.5455, 0.0124)
50 : (32, 8, 0.1179, 324.9016, 4.3333, 0.0482)
51 : (8, 32, 0.0, 373.8481, 1.3333, 0.0208)
52 : (21, 19, 0.1852, 477.2237, 2.1, 0.0726)
53 : (19, 21, 0.0, 441.1164, 1.5556, 0.0228)
54 : (22, 19, 0.1264, 294.7395, 2.0, 0.0181)
55 : (18, 22, 0.0, 593.0376, 1.8889, 0.0159)
56 : (26, 14, 0.0527, 375.317, 2.2727, 0.0858)
57 : (14, 26, 0.0, 395.9218, 1.2727, 0.0139)
58 : (11, 30, 0.0552, 286.1572, 1.375, 0.0561)
59 : (29, 11, 0.0, 447.4078, 3.2857, 0.025)
60 : (17, 23, 0.4493, 345.8364, 1.4545, 0.0668)
61 : (23, 17, 0.0, 437.9218, 1.9167, 0.0183)
62 : (17, 12, 0.0287, 301.7404, 1.6667, 0.0418)
63 : (12, 17, 0.0, 571.6811, 1.3333, 0.0219)
64 : (16, 24, 0.0732, 338.7627, 1.1818, 0.0732)
65 : (24, 16, 0.0, 292.0745, 2.0, 0.0148)
66 : (16, 25, 0.075, 398.4402, 1.4545, 0.0592)
67 : (24, 17, 0.0, 354.0385, 2.0909, 0.0199)
68 : (18, 22, 0.0488, 261.6784, 2.25, 0.0389)
69 : (22, 18, 0.0, 331.8544, 2.7143, 0.017)
70 : (29, 11, 0.1914, 409.5629, 3.1111, 0.0477)
71 : (11, 30, 0.0589, 799.9857, 1.2222, 0.0161)
72 : (16, 24, 0.0813, 387.3135, 1.25, 0.0358)
73 : (24, 16, 0.0095, 553.2162, 2.0, 0.0179)
74 : (29, 11, 0.0361, 492.1537, 3.2222, 0.0913)
75 : (11, 29, 0.0, 158.3907, 1.25, 0.0112)
76 : (22, 18, 0.0541, 568.3188, 1.75, 0.0585)
77 : (18, 22, 0.0, 355.058, 1.3846, 0.0181)
78 : (19, 21, 0.1291, 582.741, 1.6364, 0.0697)
79 : (21, 19, 0.0, 362.013, 1.75, 0.0232)
80 : (22, 18, 0.0176, 306.3363, 2.2, 0.034)
81 : (18, 22, 0.0065, 510.1306, 1.6, 0.0231)
82 : (18, 22, 0.1147, 420.7195, 1.3, 0.0643)
83 : (22, 18, 0.0, 266.1914, 2.0, 0.0182)
84 : (24, 16, 0.0624, 300.6154, 2.6667, 0.05)
85 : (16, 24, 0.0077, 364.8005, 1.6667, 0.0153)
86 : (33, 7, 0.0584, 353.6888, 4.7143, 0.0336)
87 : (7, 33, 0.0, 258.4444, 1.0, 0.0058)
88 : (25, 15, 0.0616, 375.8301, 2.1, 0.0453)
89 : (15, 26, 0.0, 357.5237, 1.3636, 0.0189)
90 : (22, 19, 0.134, 395.9881, 1.75, 0.0667)
91 : (18, 22, 0.0, 331.9138, 1.6364, 0.0161)
92 : (28, 12, 0.0796, 387.4026, 2.375, 0.0573)
93 : (12, 29, 0.0, 273.9096, 1.5, 0.0143)
94 : (17, 23, 0.2458, 476.3576, 1.7778, 0.0698)
95 : (23, 17, 0.0, 327.1172, 2.3, 0.0162)
96 : (32, 8, 0.0477, 324.7655, 4.2857, 0.0511)
97 : (8, 32, 0.0, 541.3234, 1.1429, 0.0165)
98 : (13, 27, 0.0506, 331.5859, 1.1818, 0.06)
99 : (27, 13, 0.0, 480.9856, 2.0909, 0.0275)
100 : (19, 21, 0.0559, 348.8892, 1.9, 0.0461)
101 : (21, 19, 0.0, 637.2496, 1.9, 0.0238)
102 : (19, 21, 0.0209, 552.8948, 2.25, 0.0581)
103 : (21, 19, 0.0, 258.7362, 2.3333, 0.0111)
104 : (27, 13, 0.0669, 475.1683, 3.5714, 0.0603)
105 : (13, 27, 0.0, 322.8076, 1.8571, 0.0139)
106 : (9, 31, 0.0082, 415.5175, 1.8, 0.0456)
107 : (31, 9, 0.0, 305.2094, 6.0, 0.0153)
108 : (25, 17, 0.1477, 378.6386, 2.3, 0.0717)
109 : (15, 25, 0.0, 361.3308, 1.5, 0.0188)
110 : (18, 22, 0.256, 349.441, 1.5455, 0.0437)
111 : (22, 18, 0.0131, 480.9052, 2.0, 0.015)
112 : (16, 24, 0.206, 277.3837, 1.4545, 0.0692)
113 : (24, 16, 0.0, 381.16, 1.9091, 0.0251)
114 : (23, 17, 0.018, 329.1269, 2.2, 0.0415)
115 : (17, 23, 0.0, 594.6046, 1.7, 0.0262)
116 : (18, 22, 0.1399, 434.0961, 1.8, 0.0795)
117 : (22, 18, 0.0, 374.3746, 1.6667, 0.0269)
118 : (24, 16, 0.1079, 688.0209, 2.4, 0.0726)
119 : (16, 24, 0.0, 243.7656, 1.4, 0.0112)
120 : (18, 22, 0.0586, 376.055, 2.0, 0.0704)
121 : (22, 18, 0.0125, 522.1773, 2.625, 0.0234)
122 : (28, 12, 0.0344, 348.9334, 2.5455, 0.0541)
123 : (12, 28, 0.0, 554.4049, 1.0, 0.0182)
124 : (27, 13, 0.1221, 431.0916, 3.125, 0.099)
125 : (13, 27, 0.0, 254.4413, 1.625, 0.0114)
126 : (14, 14, 0.1111, 62.9557, 1.8571, 0.0164)
127 : (14, 14, 0.0, 300.2167, 1.75, 0.0083)
128 : (21, 19, 0.141, 363.1348, 2.2222, 0.0637)
129 : (19, 21, 0.0, 414.4216, 2.1111, 0.0226)
130 : (24, 13, 0.0317, 344.0549, 2.5556, 0.0279)
131 : (13, 25, 0.0077, 582.4326, 1.4444, 0.0181)
132 : (22, 18, 0.0561, 364.4993, 2.75, 0.0816)
133 : (18, 22, 0.0, 466.6727, 2.0, 0.0215)
134 : (0, 3, 0.0, 0.0, 0.0, 0.0)
135 : (3, 0, 0.0, 696.7841, 0.0, 0.0156)
136 : (12, 28, 0.0167, 645.6688, 1.5714, 0.0405)
137 : (28, 12, 0.0053, 346.6745, 3.5, 0.0089)
138 : (25, 15, 0.072, 352.375, 2.5, 0.0603)
139 : (15, 25, 0.0, 339.4726, 1.4444, 0.0151)
140 : (19, 21, 0.12, 574.3113, 1.5833, 0.0542)
141 : (21, 19, 0.0059, 515.9598, 1.6667, 0.0178)
142 : (25, 15, 0.1309, 465.1474, 1.9, 0.0811)
143 : (15, 25, 0.0, 348.1334, 1.3636, 0.014)
144 : (18, 22, 0.0821, 119.3972, 1.7, 0.0664)
145 : (22, 18, 0.0, 304.7509, 2.0, 0.0169)
146 : (21, 19, 0.15, 430.0759, 1.9091, 0.0749)
147 : (19, 22, 0.0, 263.4469, 1.5, 0.0239)
148 : (23, 17, 0.1562, 252.2461, 2.4444, 0.0575)
149 : (17, 23, 0.0, 377.7997, 1.8889, 0.0155)
150 : (13, 19, 0.0742, 306.2307, 1.4444, 0.0436)
151 : (19, 13, 0.0, 275.2431, 1.75, 0.0092)
152 : (19, 21, 0.1508, 379.9801, 1.5833, 0.0795)
153 : (21, 19, 0.0, 434.0114, 1.7273, 0.016)
154 : (26, 14, 0.0622, 331.5436, 2.3636, 0.0849)
155 : (14, 26, 0.0, 246.9662, 1.0909, 0.019)
156 : (10, 30, 0.0, 265.7946, 1.1111, 0.0581)
157 : (30, 10, 0.0, 362.4657, 3.2222, 0.0099)
158 : (18, 22, 0.1624, 364.1699, 1.8, 0.048)
159 : (22, 18, 0.0, 231.0188, 2.2222, 0.0146)
160 : (28, 12, 0.1111, 405.5381, 2.6, 0.0636)
161 : (12, 28, 0.0, 399.7219, 1.0909, 0.0117)
162 : (17, 24, 0.0293, 294.7664, 1.4545, 0.0641)
163 : (23, 17, 0.0, 463.6269, 2.0909, 0.0314)
164 : (23, 18, 0.1147, 525.5925, 2.0909, 0.0484)
165 : (17, 23, 0.0, 361.7755, 1.4545, 0.0195)
166 : (17, 23, 0.0461, 461.7594, 1.5455, 0.0768)
167 : (23, 18, 0.0, 384.0653, 2.2, 0.0198)
168 : (20, 20, 0.0287, 335.3547, 1.8182, 0.0829)
169 : (20, 20, 0.0, 462.2512, 1.7273, 0.0281)
170 : (25, 15, 0.0595, 535.0547, 2.5, 0.0712)
171 : (15, 25, 0.0, 179.0473, 1.3, 0.013)
172 : (23, 17, 0.1926, 249.3751, 1.6429, 0.0323)
173 : (17, 23, 0.0075, 627.733, 1.2308, 0.0155)
174 : (29, 11, 0.1007, 415.0491, 3.375, 0.1166)
175 : (11, 29, 0.0, 220.7274, 1.375, 0.0138)
176 : (19, 21, 0.0741, 550.9384, 1.3333, 0.0671)
177 : (21, 19, 0.0, 395.0964, 1.75, 0.0253)
178 : (18, 14, 0.1178, 351.8322, 2.25, 0.0356)
179 : (14, 20, 0.0, 269.3221, 1.4444, 0.0107)
180 : (17, 23, 0.8092, 205.5636, 1.4167, 0.0867)
181 : (23, 18, 0.0, 485.3924, 1.8333, 0.022)
182 : (27, 14, 0.1941, 465.4648, 2.6, 0.0627)
183 : (13, 27, 0.0, 354.0251, 1.4444, 0.015)
184 : (26, 14, 0.175, 432.9823, 2.6, 0.0834)
185 : (14, 26, 0.0, 235.1452, 1.2, 0.0214)
186 : (26, 14, 0.0947, 352.5799, 3.25, 0.0755)
187 : (14, 26, 0.0, 365.3944, 1.8571, 0.0163)
188 : (19, 22, 0.0288, 171.3535, 1.7, 0.0418)
189 : (21, 19, 0.0, 360.3995, 2.1, 0.0152)
190 : (17, 21, 0.1798, 414.9662, 1.7, 0.0426)
191 : (21, 17, 0.017, 390.9454, 2.0, 0.0106)
192 : (20, 21, 0.1034, 404.2465, 2.0, 0.0822)
193 : (20, 20, 0.0, 358.1227, 1.6667, 0.0158)
194 : (23, 17, 0.084, 559.5798, 2.3, 0.0619)
195 : (17, 23, 0.0, 294.3335, 1.6, 0.0187)
196 : (5, 8, 0.2067, 700.873, 1.3333, 0.0638)
197 : (8, 6, 0.0, 315.6535, 2.6667, 0.0075)
198 : (18, 16, 0.0472, 495.6904, 1.5, 0.0608)
199 : (16, 18, 0.0, 378.3375, 1.4545, 0.0203)
200 : (14, 26, 0.003, 315.8353, 1.2727, 0.0477)
201 : (26, 14, 0.0264, 498.1693, 2.2727, 0.0456)
202 : (28, 12, 0.0, 375.6875, 4.5, 0.0547)
203 : (12, 28, 0.0, 301.925, 1.7143, 0.0308)
204 : (16, 24, 0.0, 433.1315, 1.4, 0.0256)
205 : (24, 16, 0.0, 417.4028, 2.4, 0.0261)
206 : (19, 21, 0.0, 423.0631, 2.1111, 0.0466)
207 : (21, 19, 0.0, 425.4695, 2.0, 0.0451)
208 : (13, 27, 0.0, 325.7621, 1.3333, 0.0479)
209 : (27, 13, 0.0, 288.882, 3.0, 0.035)
210 : (20, 14, 0.0032, 474.3089, 2.1111, 0.0512)
211 : (14, 20, 0.008, 469.833, 1.5556, 0.0309)
212 : (20, 20, 0.0, 329.5813, 1.4286, 0.0634)
213 : (20, 20, 0.0, 531.4636, 1.3571, 0.0345)
214 : (14, 26, 0.0, 360.7634, 1.4, 0.0362)
215 : (26, 14, 0.0381, 608.978, 2.4, 0.0315)
216 : (26, 14, 0.0, 521.0123, 2.1667, 0.0597)
217 : (14, 26, 0.0, 405.7025, 1.1818, 0.0313)
218 : (10, 30, 0.0017, 369.9918, 1.4286, 0.056)
219 : (30, 10, 0.0, 399.4461, 4.0, 0.0241)
220 : (21, 19, 0.0, 460.578, 3.0, 0.0726)
221 : (19, 21, 0.0068, 373.0832, 2.0, 0.0372)
222 : (21, 19, 0.0, 384.339, 2.1, 0.05)
223 : (19, 21, 0.0, 289.7378, 1.8889, 0.0239)
224 : (13, 16, 0.0, 483.5988, 1.5, 0.0251)
225 : (16, 13, 0.0, 434.8863, 1.7778, 0.0298)
226 : (24, 16, 0.0, 444.9402, 2.6667, 0.0589)
227 : (16, 24, 0.0, 276.8732, 1.875, 0.0224)
228 : (16, 25, 0.0, 423.4711, 1.3333, 0.0514)
229 : (24, 16, 0.0, 399.4916, 2.0909, 0.0227)
230 : (23, 17, 0.0, 421.8794, 3.2857, 0.0575)
231 : (17, 23, 0.0, 342.6762, 1.8571, 0.042)
232 : (23, 19, 0.0, 390.4499, 2.0909, 0.055)
233 : (17, 23, 0.0, 455.7309, 1.7778, 0.0193)
234 : (24, 16, 0.0, 344.1532, 2.5556, 0.0805)
235 : (16, 24, 0.009, 458.6038, 1.7778, 0.0392)
236 : (21, 19, 0.0, 440.2644, 1.9, 0.0621)
237 : (19, 22, 0.0, 244.0627, 1.9, 0.0567)
238 : (12, 28, 0.0072, 511.1396, 1.3333, 0.0489)
239 : (28, 12, 0.0047, 409.5267, 2.8889, 0.0289)
240 : (8, 32, 0.0, 406.4545, 1.1429, 0.0517)
241 : (32, 8, 0.0, 444.0438, 4.2857, 0.036)
242 : (17, 23, 0.0071, 360.2464, 1.5455, 0.0298)
243 : (23, 17, 0.0, 436.1056, 1.9091, 0.0245)
244 : (21, 19, 0.0, 367.6295, 2.3333, 0.0451)
245 : (19, 21, 0.0203, 473.7074, 2.0, 0.0265)
246 : (18, 22, 0.0, 399.3978, 2.0, 0.0596)
247 : (22, 18, 0.0, 270.6808, 2.3333, 0.022)
248 : (7, 7, 0.0, 456.6125, 1.25, 0.0528)
249 : (7, 7, 0.0, 339.9134, 1.75, 0.0102)
250 : (14, 26, 0.0, 477.2373, 1.5556, 0.0423)
251 : (26, 14, 0.0051, 475.3113, 2.5556, 0.0331)
252 : (25, 15, 0.0, 337.7579, 2.0909, 0.0557)
253 : (15, 25, 0.0284, 520.4572, 1.3636, 0.0324)
254 : (12, 29, 0.0, 386.3537, 1.5, 0.0623)
255 : (28, 12, 0.0, 365.3225, 3.25, 0.0314)
256 : (18, 22, 0.0, 462.8952, 2.25, 0.0387)
257 : (22, 18, 0.0057, 400.8693, 2.5, 0.035)
258 : (14, 26, 0.0031, 403.1836, 1.3, 0.03)
259 : (26, 14, 0.0, 282.6642, 2.3636, 0.0202)
260 : (15, 25, 0.0077, 487.049, 1.625, 0.0357)
261 : (25, 16, 0.0, 469.4117, 2.5, 0.0292)
262 : (22, 18, 0.0, 328.9633, 2.5, 0.1062)
263 : (18, 22, 0.0, 373.9364, 2.0, 0.0312)
264 : (9, 19, 0.0119, 467.6609, 1.125, 0.0299)
265 : (19, 9, 0.0421, 518.6947, 2.25, 0.0293)
266 : (17, 20, 0.0039, 419.3636, 1.4167, 0.0469)
267 : (20, 17, 0.0, 312.3194, 1.4167, 0.0192)
268 : (15, 25, 0.0, 391.3271, 1.1818, 0.0573)
269 : (25, 15, 0.0312, 644.3012, 2.0833, 0.0433)
270 : (21, 19, 0.0, 382.6983, 2.5, 0.0385)
271 : (19, 21, 0.0, 340.8095, 2.1111, 0.0238)
272 : (13, 5, 0.0, 348.1599, 2.75, 0.0598)
273 : (5, 13, 0.0, 457.1052, 1.25, 0.0123)
274 : (10, 11, 0.0, 343.1316, 2.5, 0.0364)
275 : (11, 10, 0.0703, 657.8953, 2.25, 0.0319)
276 : (10, 30, 0.0, 497.0024, 1.1111, 0.0429)
277 : (30, 10, 0.0048, 533.3149, 3.25, 0.0362)
278 : (8, 32, 0.0, 493.7851, 1.1429, 0.046)
279 : (32, 8, 0.0, 451.6254, 4.0, 0.0346)
280 : (20, 21, 0.0, 432.4566, 2.375, 0.0946)
281 : (20, 20, 0.0, 362.9208, 2.2222, 0.0603)
282 : (20, 20, 0.0, 325.6396, 2.2222, 0.0531)
283 : (20, 20, 0.0, 350.3374, 2.1111, 0.0291)
284 : (14, 27, 0.0032, 414.2014, 1.625, 0.0421)
285 : (26, 14, 0.0103, 375.762, 2.8889, 0.0245)
286 : (31, 9, 0.0085, 448.2473, 3.4286, 0.0748)
287 : (9, 31, 0.0, 274.8871, 1.2857, 0.0317)
288 : (10, 30, 0.0, 440.792, 1.25, 0.0549)
289 : (30, 10, 0.0233, 579.2742, 3.25, 0.0511)
290 : (15, 25, 0.0, 439.7785, 1.4, 0.0623)
291 : (25, 15, 0.0098, 426.4962, 2.5, 0.0353)
292 : (17, 23, 0.0, 354.0031, 1.5455, 0.0465)
293 : (23, 17, 0.0, 273.8139, 1.8182, 0.0452)
294 : (14, 26, 0.0, 476.0159, 1.1667, 0.0653)
295 : (26, 14, 0.0, 539.843, 2.1818, 0.0327)
296 : (19, 21, 0.0, 376.4817, 1.5833, 0.0522)
297 : (21, 19, 0.0, 351.372, 1.8182, 0.0309)
298 : (18, 24, 0.0073, 420.0351, 1.3077, 0.0483)
299 : (22, 18, 0.0, 370.6108, 1.8333, 0.0432)
300 : (14, 26, 0.0027, 520.1829, 1.5556, 0.0417)
301 : (26, 15, 0.0149, 385.4272, 2.7778, 0.0294)
302 : (17, 24, 0.0, 328.11, 1.8571, 0.0686)
303 : (23, 17, 0.0, 421.4228, 2.875, 0.0291)
304 : (23, 17, 0.0, 410.1917, 2.375, 0.0607)
305 : (17, 23, 0.0, 359.1879, 1.8889, 0.0418)
306 : (8, 20, 0.0, 308.0625, 1.1667, 0.0336)
307 : (20, 8, 0.0658, 619.4488, 2.8571, 0.0381)
308 : (14, 26, 0.0, 343.8477, 1.2727, 0.0839)
309 : (26, 14, 0.0, 336.9467, 2.5, 0.0306)
310 : (10, 24, 0.0, 468.3452, 1.4286, 0.0461)
311 : (24, 10, 0.0, 471.1503, 2.7143, 0.0206)
312 : (18, 22, 0.0, 436.73, 1.6364, 0.0711)
313 : (22, 18, 0.0, 378.3685, 1.6, 0.0274)
314 : (26, 15, 0.0024, 421.046, 2.6, 0.0623)
315 : (14, 26, 0.0, 460.7126, 1.2222, 0.0329)
316 : (26, 15, 0.002, 390.995, 2.4, 0.0414)
317 : (14, 26, 0.0, 304.0103, 1.5556, 0.0238)
318 : (12, 29, 0.0, 456.8499, 1.3333, 0.0469)
319 : (28, 12, 0.0048, 489.9724, 2.7778, 0.0287)
320 : (20, 20, 0.0, 365.8593, 1.5455, 0.047)
321 : (20, 20, 0.013, 468.3333, 1.8182, 0.0278)
322 : (13, 27, 0.0, 427.6108, 2.0, 0.054)
323 : (27, 13, 0.0103, 517.3185, 3.8571, 0.0329)
324 : (24, 18, 0.0, 407.7033, 2.6667, 0.0391)
325 : (16, 24, 0.0163, 352.124, 1.8571, 0.0186)
326 : (19, 21, 0.0, 499.3217, 1.5, 0.0496)
327 : (21, 19, 0.0, 428.1583, 1.75, 0.0352)
328 : (23, 17, 0.0, 418.0926, 1.5333, 0.0724)
329 : (17, 23, 0.015, 423.0059, 1.0, 0.0346)
330 : (16, 24, 0.0, 373.2608, 1.3636, 0.0453)
331 : (24, 16, 0.0481, 536.8553, 2.0, 0.036)
332 : (22, 18, 0.0, 386.9441, 1.5714, 0.0584)
333 : (18, 22, 0.0082, 510.3882, 1.3077, 0.0247)
334 : (6, 35, 0.0, 387.2179, 1.5, 0.0491)
335 : (34, 6, 0.0, 467.7496, 8.3333, 0.0367)
336 : (22, 19, 0.0, 324.9724, 2.0, 0.0628)
337 : (18, 22, 0.022, 448.4684, 1.6, 0.0296)
338 : (19, 21, 0.0, 500.8315, 1.3333, 0.0444)
339 : (21, 19, 0.0318, 635.1297, 1.6154, 0.0358)
340 : (17, 23, 0.0051, 383.6121, 1.5455, 0.0445)
341 : (23, 17, 0.0345, 602.6642, 1.9, 0.0306)
342 : (28, 12, 0.0, 343.4592, 2.8889, 0.0499)
343 : (12, 28, 0.0183, 440.6078, 1.3333, 0.0252)
344 : (23, 17, 0.0, 432.9823, 2.3, 0.0723)
345 : (17, 23, 0.0068, 377.768, 1.5, 0.0282)
346 : (11, 29, 0.0, 396.8017, 1.375, 0.0765)
347 : (29, 11, 0.0, 351.5649, 4.0, 0.0286)
348 : (24, 16, 0.0, 310.1795, 2.1818, 0.078)
349 : (16, 24, 0.0419, 639.7827, 1.5, 0.0276)
350 : (8, 32, 0.009, 450.8222, 1.4, 0.0335)
351 : (32, 8, 0.0, 508.6315, 5.3333, 0.0337)
352 : (13, 27, 0.0, 376.1352, 1.4444, 0.0447)
353 : (27, 13, 0.0, 297.0287, 2.6667, 0.0425)
354 : (20, 20, 0.0, 473.1279, 2.5, 0.0528)
355 : (20, 20, 0.007, 578.0867, 2.375, 0.0361)
356 : (31, 9, 0.0, 393.6623, 3.375, 0.0357)
357 : (9, 31, 0.0, 325.82, 1.125, 0.0196)
358 : (14, 26, 0.0, 442.2173, 1.625, 0.0364)
359 : (26, 14, 0.0326, 483.2944, 2.8889, 0.0372)
360 : (21, 21, 0.0082, 424.3748, 1.4286, 0.0425)
361 : (19, 21, 0.0, 380.1629, 1.3571, 0.0221)
362 : (21, 19, 0.0, 331.8028, 2.2222, 0.0732)
363 : (19, 21, 0.0, 332.7405, 1.9, 0.0313)
364 : (0, 2, 0.0, 599.6759, 0.0, 0.013)
365 : (2, 0, 0.0, 524.2889, 0.0, 0.0121)
366 : (17, 19, 0.0, 403.6533, 1.7, 0.0465)
367 : (19, 17, 0.0239, 581.5793, 2.0, 0.0335)
368 : (24, 16, 0.0108, 432.5616, 1.9091, 0.0702)
369 : (16, 24, 0.0757, 651.5217, 1.3333, 0.0345)
370 : (9, 17, 0.0, 273.3555, 1.5, 0.0653)
371 : (17, 9, 0.0, 259.2392, 4.25, 0.0303)
372 : (5, 32, 0.0, 289.6031, 1.25, 0.0522)
373 : (32, 5, 0.0482, 479.044, 7.75, 0.0404)
374 : (18, 22, 0.0, 288.3653, 1.7778, 0.0689)
375 : (22, 18, 0.0127, 403.6814, 2.2, 0.0374)
376 : (23, 19, 0.002, 452.5956, 2.4444, 0.0464)
377 : (17, 23, 0.0, 438.77, 1.8889, 0.0173)
378 : (20, 20, 0.0031, 502.3588, 2.2222, 0.0462)
379 : (20, 20, 0.0065, 437.9744, 2.0, 0.0294)
380 : (8, 10, 0.0, 488.9583, 1.2, 0.0424)
381 : (10, 8, 0.04, 510.7714, 2.0, 0.011)
382 : (12, 19, 0.0, 372.293, 1.375, 0.0456)
383 : (19, 12, 0.0, 373.8096, 2.1111, 0.0226)
384 : (14, 26, 0.0, 194.6799, 1.75, 0.076)
385 : (26, 14, 0.0051, 349.6239, 3.2857, 0.049)
386 : (14, 26, 0.0, 333.2477, 1.4, 0.0507)
387 : (26, 14, 0.0509, 626.7656, 2.0, 0.0292)
388 : (27, 13, 0.0, 483.079, 3.5, 0.0547)
389 : (13, 27, 0.0, 337.1868, 1.8571, 0.0143)
390 : (25, 15, 0.0, 403.9244, 2.2727, 0.0603)
391 : (15, 25, 0.0, 337.4707, 1.2727, 0.0213)
392 : (13, 27, 0.0135, 509.741, 1.625, 0.0286)
393 : (27, 13, 0.0052, 471.3218, 3.25, 0.0346)
394 : (21, 19, 0.0029, 380.7029, 1.5385, 0.0477)
395 : (19, 21, 0.0, 241.444, 1.4615, 0.0203)
396 : (18, 22, 0.0, 384.8014, 1.6364, 0.0535)
397 : (22, 18, 0.0, 365.9554, 1.9091, 0.0216)
398 : (12, 14, 0.0032, 446.2374, 1.7143, 0.0343)
399 : (14, 12, 0.0089, 339.0333, 1.8571, 0.0177)
400 : (19, 21, 0.0, 210.2985, 1.7, 0.0215)
401 : (21, 19, 0.0, 446.751, 1.9091, 0.0529)
402 : (6, 27, 0.0, 242.2945, 1.2, 0.0088)
403 : (27, 6, 0.0, 488.1825, 4.0, 0.0442)
404 : (16, 24, 0.0, 159.178, 1.3636, 0.0151)
405 : (24, 16, 0.0, 367.0295, 2.0, 0.0415)
406 : (22, 18, 0.0, 280.8376, 2.4444, 0.0179)
407 : (18, 22, 0.0209, 554.1546, 1.75, 0.0455)
408 : (14, 27, 0.0, 239.9705, 1.4444, 0.0155)
409 : (26, 15, 0.0, 491.408, 2.6, 0.0541)
410 : (7, 33, 0.0, 272.8822, 1.4, 0.0093)
411 : (33, 7, 0.0, 404.4182, 5.4, 0.0361)
412 : (14, 26, 0.0, 286.2227, 1.2727, 0.0111)
413 : (26, 14, 0.0, 464.6353, 2.5, 0.0397)
414 : (14, 27, 0.0, 288.3459, 1.375, 0.014)
415 : (26, 14, 0.0, 506.4381, 3.25, 0.0474)
416 : (29, 11, 0.0, 282.0481, 3.2222, 0.0181)
417 : (11, 29, 0.0, 376.5707, 1.1111, 0.0456)
418 : (14, 19, 0.0, 416.5619, 1.4, 0.0116)
419 : (19, 14, 0.0, 483.8985, 1.8, 0.0287)
420 : (25, 16, 0.0, 326.0658, 2.875, 0.0226)
421 : (15, 26, 0.0, 473.5001, 1.6667, 0.0413)
422 : (2, 7, 0.0, 227.9905, 1.0, 0.0018)
423 : (7, 2, 0.0, 489.5244, 4.0, 0.0246)
424 : (11, 29, 0.0, 294.3523, 1.375, 0.0155)
425 : (29, 11, 0.0, 618.6863, 3.5, 0.0466)
426 : (13, 27, 0.0, 364.3851, 1.3, 0.0168)
427 : (27, 13, 0.0, 620.3906, 2.6, 0.0679)
428 : (17, 24, 0.0, 147.9137, 1.5455, 0.0231)
429 : (23, 17, 0.0, 525.0897, 1.8182, 0.041)
430 : (19, 21, 0.0, 281.9993, 2.0, 0.0158)
431 : (21, 19, 0.0, 576.1952, 2.1, 0.0485)
432 : (8, 32, 0.0, 313.3933, 1.0, 0.0106)
433 : (32, 8, 0.0086, 513.8299, 3.7143, 0.0422)
434 : (0, 5, 0.0, 369.0659, 0.0, 0.0013)
435 : (5, 0, 0.0, 1088.0532, 0.0, 0.1047)
436 : (15, 25, 0.0, 252.3489, 1.5, 0.023)
437 : (25, 15, 0.0052, 504.7455, 2.4, 0.053)
438 : (19, 21, 0.0, 332.7929, 2.375, 0.018)
439 : (21, 19, 0.0, 553.2781, 2.125, 0.0488)
440 : (9, 31, 0.0, 233.9604, 1.3333, 0.0192)
441 : (31, 9, 0.0047, 401.2946, 4.4286, 0.0753)
442 : (7, 33, 0.0, 261.4989, 1.0, 0.0163)
443 : (33, 7, 0.0, 565.5089, 4.1429, 0.0407)
444 : (15, 25, 0.0, 187.3444, 1.4444, 0.0213)
445 : (25, 15, 0.0, 466.512, 2.7778, 0.0572)
446 : (12, 28, 0.0, 193.7081, 1.7143, 0.0188)
447 : (28, 12, 0.0, 360.4769, 4.5, 0.0412)
448 : (14, 26, 0.0, 440.3206, 1.625, 0.0128)
449 : (26, 14, 0.0374, 785.0186, 3.25, 0.0541)
450 : (17, 23, 0.0, 222.7067, 1.6667, 0.0162)
451 : (23, 17, 0.0, 424.5862, 2.5556, 0.044)
452 : (14, 26, 0.0, 298.8139, 1.4, 0.0155)
453 : (26, 14, 0.0, 527.1398, 2.7778, 0.0442)
454 : (12, 28, 0.0, 351.4663, 1.3333, 0.0167)
455 : (28, 12, 0.0, 590.8438, 2.5556, 0.0457)
456 : (10, 30, 0.0, 333.16, 1.25, 0.0116)
457 : (30, 10, 0.0044, 582.5645, 3.625, 0.0555)
458 : (16, 26, 0.0, 209.5029, 1.6, 0.0303)
459 : (24, 16, 0.0057, 660.4643, 2.625, 0.0523)
460 : (19, 21, 0.0, 304.9926, 1.5833, 0.0161)
461 : (21, 19, 0.0055, 539.873, 1.6667, 0.0435)
462 : (15, 25, 0.0, 368.6319, 1.6667, 0.0169)
463 : (25, 15, 0.0, 614.1257, 2.6667, 0.0608)
464 : (22, 18, 0.0, 234.3773, 2.4444, 0.0212)
465 : (18, 22, 0.0, 347.3374, 1.75, 0.0404)
466 : (7, 33, 0.0, 195.9585, 1.2, 0.0165)
467 : (33, 7, 0.0, 500.1026, 5.5, 0.0429)
468 : (17, 23, 0.0, 226.7375, 1.4167, 0.0162)
469 : (23, 17, 0.0059, 584.6129, 1.8333, 0.0424)
470 : (21, 18, 0.0, 283.9454, 1.7273, 0.0146)
471 : (18, 22, 0.0, 406.4484, 1.6364, 0.0347)
472 : (7, 32, 0.0, 177.8073, 1.0, 0.0057)
473 : (32, 7, 0.004, 748.1755, 3.2857, 0.0562)
474 : (12, 28, 0.0, 263.6452, 1.5, 0.011)
475 : (28, 12, 0.0, 684.0963, 3.8571, 0.0512)
476 : (14, 26, 0.0, 229.8983, 1.4, 0.0171)
477 : (26, 14, 0.0, 661.0471, 2.6667, 0.0539)
478 : (14, 26, 0.0, 262.6, 1.4, 0.0206)
479 : (26, 14, 0.0051, 478.4194, 2.7778, 0.0404)
480 : (5, 35, 0.0, 113.6752, 1.0, 0.0202)
481 : (35, 5, 0.0041, 586.6838, 7.0, 0.0437)
482 : (25, 15, 0.0, 324.8298, 2.0909, 0.0201)
483 : (15, 25, 0.0, 371.5257, 1.25, 0.0335)
484 : (20, 20, 0.0, 338.4813, 2.2222, 0.0156)
485 : (20, 20, 0.006, 618.1125, 2.375, 0.0369)
486 : (19, 21, 0.0, 231.2889, 1.4615, 0.0162)
487 : (21, 19, 0.0, 554.5187, 1.5385, 0.0603)
488 : (8, 11, 0.0, 292.2055, 2.0, 0.0089)
489 : (11, 8, 0.0, 551.1979, 2.0, 0.0336)
490 : (19, 21, 0.0, 320.8475, 2.125, 0.0353)
491 : (21, 19, 0.0, 345.446, 2.3333, 0.0558)
492 : (19, 21, 0.0, 293.0425, 1.6364, 0.0199)
493 : (21, 19, 0.0, 530.3925, 1.75, 0.0461)
494 : (15, 25, 0.0, 282.5519, 1.5, 0.018)
495 : (25, 15, 0.0078, 631.5768, 2.2, 0.076)
496 : (16, 24, 0.0, 260.2062, 1.4545, 0.0107)
497 : (24, 16, 0.0, 458.1721, 2.2, 0.0278)
498 : (15, 25, 0.0, 205.1312, 1.5, 0.012)
499 : (25, 16, 0.0, 548.0544, 2.4, 0.0384)
500 : (14, 26, 0.0, 312.1267, 1.75, 0.0238)
501 : (26, 14, 0.0056, 497.9095, 2.5, 0.0356)
502 : (16, 24, 0.0, 222.6476, 1.3333, 0.0245)
503 : (24, 16, 0.0, 307.8846, 1.9167, 0.0515)
504 : (14, 26, 0.0, 288.2333, 1.75, 0.019)
505 : (26, 14, 0.0, 565.6637, 3.125, 0.0353)
506 : (11, 29, 0.0, 237.5451, 1.375, 0.0117)
507 : (29, 11, 0.0, 547.425, 3.375, 0.0483)
508 : (14, 26, 0.0, 297.1555, 1.3, 0.0287)
509 : (26, 15, 0.0, 407.957, 2.1667, 0.0612)
510 : (6, 8, 0.0, 309.0551, 1.5, 0.0052)
511 : (8, 6, 0.0, 557.2802, 1.5, 0.0228)
512 : (5, 14, 0.0, 189.4652, 1.25, 0.0046)
513 : (14, 5, 0.0, 430.9805, 3.0, 0.0333)
514 : (18, 22, 0.0, 264.3006, 1.6364, 0.0195)
515 : (22, 18, 0.0, 487.395, 2.0, 0.041)
516 : (14, 26, 0.0, 241.435, 1.0909, 0.0158)
517 : (26, 14, 0.0, 473.5102, 2.1667, 0.0578)
518 : (20, 20, 0.0, 247.459, 1.6364, 0.0232)
519 : (20, 20, 0.0, 496.5623, 1.8182, 0.0547)
520 : (21, 19, 0.0, 233.8154, 1.9091, 0.0294)
521 : (19, 21, 0.0, 486.7452, 1.6, 0.0332)
522 : (21, 19, 0.0, 220.7888, 2.1, 0.0298)
523 : (19, 21, 0.0, 484.0792, 2.0, 0.0421)
524 : (14, 26, 0.0, 297.8781, 1.4, 0.0193)
525 : (26, 14, 0.0101, 528.2951, 2.3, 0.0533)
526 : (13, 27, 0.0, 289.7501, 1.3, 0.0152)
527 : (27, 13, 0.0, 513.347, 2.8889, 0.0426)
528 : (14, 26, 0.0, 299.2501, 1.2727, 0.0117)
529 : (26, 14, 0.0, 417.9775, 2.2727, 0.0378)
530 : (11, 29, 0.0, 215.3696, 1.1111, 0.0203)
531 : (29, 11, 0.0, 509.3221, 2.9, 0.0588)
532 : (12, 28, 0.0, 300.4419, 1.1, 0.0181)
533 : (28, 12, 0.0044, 559.106, 2.5455, 0.0598)
534 : (22, 18, 0.0, 254.6611, 2.2, 0.0136)
535 : (18, 22, 0.006, 472.5513, 1.7778, 0.0431)
536 : (18, 22, 0.0, 273.3636, 1.6364, 0.0341)
537 : (22, 18, 0.0, 491.2909, 2.1, 0.0451)
538 : (25, 15, 0.0, 276.1503, 2.375, 0.0334)
539 : (15, 25, 0.0, 542.5332, 1.6667, 0.0385)
540 : (13, 27, 0.0, 300.6453, 1.625, 0.0138)
541 : (27, 14, 0.0, 566.2369, 3.2857, 0.0552)
542 : (14, 26, 0.0, 260.9358, 1.5556, 0.014)
543 : (26, 14, 0.0042, 538.5629, 2.875, 0.0539)
544 : (15, 25, 0.0, 292.0719, 1.5, 0.0176)
545 : (25, 15, 0.0, 629.4804, 2.1, 0.0517)
546 : (18, 22, 0.0, 269.5701, 1.3077, 0.0158)
547 : (22, 18, 0.0, 543.8781, 1.5714, 0.0454)
548 : (15, 25, 0.0, 239.69, 1.6667, 0.0194)
549 : (25, 15, 0.0, 630.7313, 2.375, 0.0711)
550 : (15, 26, 0.0, 212.5298, 1.2727, 0.0138)
551 : (25, 15, 0.0, 740.3061, 2.2727, 0.0513)
552 : (15, 25, 0.0, 299.517, 1.4444, 0.0155)
553 : (25, 15, 0.0, 423.0621, 2.5, 0.0606)
554 : (17, 23, 0.0, 367.5625, 1.5455, 0.0206)
555 : (23, 17, 0.0054, 545.0182, 1.9091, 0.0459)
556 : (16, 24, 0.0, 304.4686, 1.5, 0.0298)
557 : (24, 16, 0.0055, 512.18, 2.4, 0.0533)
558 : (21, 19, 0.0, 384.546, 2.0, 0.0203)
559 : (19, 21, 0.0222, 548.7316, 1.9, 0.0461)
560 : (29, 11, 0.0, 276.6493, 3.2222, 0.0199)
561 : (11, 29, 0.0, 629.1573, 1.25, 0.0439)
562 : (17, 23, 0.0, 231.0605, 1.7778, 0.0188)
563 : (23, 17, 0.0, 601.6248, 2.5556, 0.047)
564 : (17, 23, 0.0, 301.1942, 1.7, 0.026)
565 : (23, 17, 0.0, 508.4486, 2.2, 0.0643)
566 : (13, 27, 0.0, 145.6608, 1.4444, 0.0224)
567 : (27, 13, 0.0149, 494.9466, 2.4444, 0.0498)
568 : (24, 16, 0.0, 324.5709, 3.4286, 0.0236)
569 : (16, 24, 0.0, 490.8545, 2.0, 0.0471)
570 : (14, 26, 0.0, 250.1432, 1.4, 0.0145)
571 : (26, 14, 0.0051, 463.9193, 2.4, 0.0396)
572 : (15, 25, 0.0, 244.3525, 1.3636, 0.0096)
573 : (25, 15, 0.0, 395.6436, 2.1818, 0.0491)
574 : (13, 29, 0.0, 323.1634, 1.625, 0.0197)
575 : (27, 13, 0.0, 562.434, 2.8571, 0.0453)
576 : (9, 31, 0.0, 384.3741, 1.5, 0.0117)
577 : (31, 9, 0.0, 345.3351, 3.5, 0.041)
578 : (11, 29, 0.0, 379.6085, 1.375, 0.021)
579 : (29, 11, 0.0051, 440.6295, 3.5, 0.0314)
580 : (17, 23, 0.0, 338.7729, 1.8889, 0.0143)
581 : (23, 17, 0.0, 433.6847, 2.5, 0.0465)
582 : (16, 25, 0.0, 224.1506, 1.3333, 0.0409)
583 : (24, 16, 0.0107, 578.7485, 2.2, 0.0414)
584 : (11, 29, 0.0, 192.496, 1.5714, 0.0114)
585 : (29, 11, 0.0045, 445.928, 3.2857, 0.0533)
586 : (16, 24, 0.0, 232.5076, 1.75, 0.0247)
587 : (24, 16, 0.0257, 657.2474, 2.6667, 0.0475)
588 : (8, 11, 0.0, 328.8465, 1.6, 0.0067)
589 : (11, 8, 0.0, 597.649, 2.25, 0.0434)
590 : (22, 18, 0.0, 287.297, 2.0, 0.0152)
591 : (18, 22, 0.0068, 523.403, 1.5455, 0.0572)
592 : (18, 22, 0.0, 339.1544, 2.0, 0.01)
593 : (22, 18, 0.0, 445.5256, 2.3333, 0.0512)
594 : (13, 27, 0.0, 231.3786, 1.4444, 0.0207)
595 : (27, 13, 0.0, 605.8242, 2.8889, 0.0527)
596 : (18, 22, 0.0, 270.5281, 1.5455, 0.021)
597 : (22, 18, 0.0, 522.8797, 2.0, 0.0641)
598 : (22, 18, 0.0, 311.0194, 2.2, 0.0228)
599 : (18, 22, 0.0, 494.7289, 1.6667, 0.0466)
600 : (18, 14, 0.0, 545.5797, 1.4545, 0.039)
601 : (13, 18, 0.0, 401.7335, 1.1818, 0.0262)
602 : (5, 9, 0.0, 401.5371, 1.25, 0.0564)
603 : (9, 5, 0.0, 354.5772, 2.0, 0.0287)
604 : (22, 21, 0.0, 414.7749, 2.3333, 0.0338)
605 : (18, 22, 0.0, 483.306, 2.25, 0.0345)
606 : (17, 24, 0.0, 290.2594, 1.5, 0.0645)
607 : (23, 17, 0.0, 363.8242, 2.3, 0.04)
608 : (17, 24, 0.0, 278.1693, 1.8889, 0.0341)
609 : (23, 17, 0.0, 342.3829, 3.1429, 0.0373)
610 : (18, 23, 0.0, 404.9748, 1.4167, 0.0325)
611 : (22, 18, 0.0, 423.1752, 2.0, 0.0364)
612 : (21, 21, 0.0, 488.1013, 1.6154, 0.1057)
613 : (19, 21, 0.0, 173.1371, 1.3636, 0.0367)
614 : (24, 18, 0.0, 320.7248, 1.9167, 0.0778)
615 : (16, 24, 0.0, 352.8025, 1.4545, 0.0331)
616 : (19, 22, 0.0256, 539.1999, 2.1111, 0.0807)
617 : (21, 19, 0.0059, 321.8985, 2.5, 0.0298)
618 : (16, 24, 0.0, 370.6297, 1.5556, 0.064)
619 : (24, 16, 0.0, 423.4252, 2.4, 0.0501)
620 : (11, 11, 0.0, 458.2847, 1.375, 0.0255)
621 : (10, 11, 0.0095, 248.5146, 1.2857, 0.0364)
622 : (18, 23, 0.0133, 569.5469, 2.0, 0.0275)
623 : (22, 18, 0.0054, 403.737, 1.75, 0.0297)
624 : (24, 15, 0.0, 511.4965, 1.8182, 0.0418)
625 : (13, 24, 0.0, 281.7257, 1.3, 0.0244)
626 : (21, 22, 0.0, 313.7518, 1.8, 0.0414)
627 : (19, 21, 0.0, 325.0077, 2.1111, 0.0344)
628 : (21, 18, 0.0, 655.0253, 1.8889, 0.0871)
629 : (18, 21, 0.0, 322.6683, 2.0, 0.029)
630 : (20, 20, 0.0, 417.7248, 1.7273, 0.0734)
631 : (20, 20, 0.0, 339.4852, 1.6667, 0.0437)
632 : (14, 26, 0.0, 336.3545, 1.1818, 0.0586)
633 : (26, 14, 0.0, 400.8838, 2.3636, 0.0483)
634 : (15, 25, 0.0, 323.6421, 1.75, 0.0203)
635 : (25, 15, 0.0, 385.1307, 2.7778, 0.0376)
636 : (19, 21, 0.0, 383.6023, 1.7273, 0.0707)
637 : (21, 20, 0.0, 338.6201, 1.7273, 0.0415)
638 : (16, 24, 0.0, 243.3892, 1.3636, 0.0192)
639 : (24, 16, 0.0, 506.5809, 2.0, 0.0415)
640 : (17, 23, 0.0, 440.6696, 1.8889, 0.0188)
641 : (23, 17, 0.0, 297.3156, 2.75, 0.0375)
642 : (11, 29, 0.0, 369.9424, 1.2857, 0.0579)
643 : (29, 11, 0.0, 396.6657, 3.625, 0.0457)
644 : (10, 7, 0.0, 496.4055, 2.0, 0.0087)
645 : (7, 10, 0.0, 241.6459, 2.3333, 0.0128)
646 : (29, 12, 0.0051, 353.0328, 3.125, 0.0638)
647 : (11, 29, 0.0, 273.6222, 1.2222, 0.0222)
648 : (14, 26, 0.0, 584.5307, 1.1818, 0.0348)
649 : (26, 14, 0.0, 394.6951, 2.1667, 0.0473)
650 : (25, 17, 0.0099, 647.6295, 2.625, 0.1187)
651 : (15, 25, 0.0, 324.61, 2.1429, 0.0473)
652 : (16, 14, 0.0, 429.3539, 2.1429, 0.0427)
653 : (13, 16, 0.0, 246.578, 1.625, 0.0302)
654 : (23, 18, 0.0, 459.8485, 2.375, 0.044)
655 : (17, 23, 0.0, 358.6965, 1.8889, 0.0329)
656 : (14, 26, 0.0, 429.6593, 1.4444, 0.0513)
657 : (26, 14, 0.0046, 462.2564, 2.6, 0.036)
658 : (16, 25, 0.0, 285.9884, 1.7778, 0.0831)
659 : (24, 16, 0.0122, 318.9698, 2.75, 0.0473)
660 : (17, 23, 0.0, 309.5359, 1.8889, 0.0655)
661 : (23, 17, 0.0, 407.0423, 2.2222, 0.0296)
662 : (14, 17, 0.0, 384.9502, 2.3333, 0.026)
663 : (16, 14, 0.0, 305.6024, 2.2, 0.023)
664 : (21, 19, 0.0, 501.0523, 1.8182, 0.0241)
665 : (19, 21, 0.006, 391.7099, 1.5833, 0.0425)
666 : (26, 15, 0.0111, 497.3517, 2.5, 0.038)
667 : (14, 27, 0.0073, 351.9852, 1.4, 0.0292)
668 : (31, 11, 0.0034, 476.33, 3.125, 0.0375)
669 : (9, 31, 0.0, 334.3136, 1.2857, 0.0238)
670 : (10, 30, 0.0, 369.6095, 1.4286, 0.0223)
671 : (30, 10, 0.0, 323.1041, 4.0, 0.0399)
672 : (17, 25, 0.0, 513.9913, 1.7, 0.035)
673 : (23, 17, 0.0, 376.3592, 2.625, 0.0331)
674 : (21, 19, 0.0137, 442.3928, 2.3333, 0.0372)
675 : (19, 21, 0.0, 337.2441, 2.25, 0.0431)
676 : (23, 17, 0.0, 389.8027, 1.9167, 0.033)
677 : (17, 23, 0.0, 329.9106, 1.3333, 0.0346)
678 : (19, 21, 0.0, 503.3209, 1.4615, 0.0344)
679 : (21, 19, 0.0, 322.6119, 1.6667, 0.0447)
680 : (17, 26, 0.0, 339.7194, 1.3077, 0.0402)
681 : (23, 17, 0.0, 296.2433, 2.2, 0.0402)
682 : (18, 25, 0.0, 372.7242, 1.1429, 0.0298)
683 : (22, 18, 0.0, 309.9893, 1.5714, 0.0395)
684 : (19, 21, 0.0, 457.0759, 1.5455, 0.0238)
685 : (21, 19, 0.0, 334.759, 1.9091, 0.0398)
686 : (19, 22, 0.0, 519.8087, 1.5833, 0.0995)
687 : (21, 19, 0.0, 433.4322, 1.5833, 0.0294)
688 : (19, 21, 0.0, 415.8584, 1.8, 0.0267)
689 : (21, 19, 0.0, 308.2654, 2.1, 0.0385)
690 : (3, 2, 0.0, 614.5842, 1.5, 0.0355)
691 : (2, 3, 0.0, 312.1394, 1.0, 0.0154)
692 : (14, 26, 0.0, 475.5776, 1.4, 0.0723)
693 : (26, 14, 0.0, 446.2946, 2.5, 0.0671)
694 : (17, 20, 0.0, 524.1544, 2.1429, 0.047)
695 : (20, 17, 0.0, 388.7257, 2.5, 0.0204)
696 : (2, 3, 0.0, 512.0076, 2.0, 0.0686)
697 : (2, 2, 0.0, 617.5243, 1.0, 0.0129)
698 : (30, 12, 0.0, 432.613, 2.6, 0.0314)
699 : (10, 30, 0.0, 279.1556, 1.1111, 0.0218)
700 : (15, 26, 0.014, 401.2614, 1.5, 0.0264)
701 : (25, 15, 0.0, 452.3292, 2.4, 0.0413)
702 : (20, 21, 0.0111, 414.1242, 1.7273, 0.0351)
703 : (20, 20, 0.0, 280.8471, 1.6667, 0.0341)
704 : (18, 22, 0.0, 349.9295, 1.7, 0.0612)
705 : (22, 18, 0.0, 328.1669, 2.2, 0.0321)
706 : (20, 20, 0.0, 503.7098, 2.5714, 0.0301)
707 : (20, 20, 0.0, 355.6072, 2.5, 0.0352)
708 : (30, 11, 0.0, 547.4917, 2.9, 0.0274)
709 : (10, 30, 0.0, 327.5212, 1.1111, 0.0253)
710 : (14, 26, 0.0, 507.8148, 1.5556, 0.0878)
711 : (26, 15, 0.0, 398.2832, 2.6667, 0.0519)
712 : (14, 17, 0.0, 526.6426, 2.1667, 0.0406)
713 : (17, 14, 0.0, 342.8767, 2.4286, 0.038)
714 : (9, 6, 0.0, 266.0782, 4.0, 0.0868)
715 : (6, 9, 0.0, 460.8364, 6.0, 0.019)
716 : (11, 29, 0.0, 569.6545, 1.375, 0.0291)
717 : (29, 11, 0.0, 462.5307, 3.25, 0.0439)
718 : (26, 15, 0.0, 494.2685, 2.6, 0.0787)
719 : (14, 26, 0.0, 337.6129, 1.5, 0.0373)
720 : (14, 26, 0.0, 282.309, 1.3, 0.0225)
721 : (26, 14, 0.0, 314.1787, 2.3636, 0.0547)
722 : (22, 17, 0.0, 328.8716, 1.8182, 0.0809)
723 : (17, 22, 0.0, 260.1998, 1.5455, 0.0195)
724 : (24, 18, 0.0, 387.6216, 2.0, 0.0623)
725 : (16, 24, 0.0, 344.2838, 1.4, 0.0297)
726 : (14, 27, 0.0, 330.857, 1.5, 0.0266)
727 : (26, 14, 0.0, 428.03, 3.25, 0.0435)
728 : (27, 15, 0.0, 384.3666, 2.2727, 0.038)
729 : (13, 27, 0.0, 255.9829, 1.3, 0.0268)
730 : (24, 17, 0.0, 448.5423, 2.3, 0.0385)
731 : (16, 25, 0.0, 331.9355, 1.4545, 0.0325)
732 : (29, 12, 0.0086, 472.7171, 3.2222, 0.0567)
733 : (11, 29, 0.0098, 301.4233, 1.2857, 0.0259)
734 : (19, 21, 0.0, 494.3457, 1.8, 0.035)
735 : (21, 19, 0.0, 356.2492, 1.9091, 0.0445)
736 : (24, 16, 0.0105, 557.18, 2.2222, 0.0302)
737 : (16, 24, 0.0, 267.7101, 1.7778, 0.0332)
738 : (14, 26, 0.0, 469.1755, 1.5556, 0.0403)
739 : (26, 14, 0.0, 336.68, 2.7778, 0.0461)
740 : (12, 18, 0.0, 396.822, 1.5714, 0.0246)
741 : (17, 12, 0.0, 414.1292, 2.125, 0.033)
742 : (18, 22, 0.0, 289.7693, 1.5, 0.0284)
743 : (22, 18, 0.0, 305.074, 1.9091, 0.0351)
744 : (17, 23, 0.0, 507.5517, 1.7, 0.0593)
745 : (23, 17, 0.0, 379.4344, 2.2, 0.043)
746 : (21, 19, 0.0, 260.5243, 2.1, 0.017)
747 : (19, 21, 0.0, 358.093, 1.8, 0.0283)
748 : (19, 22, 0.0, 487.7154, 1.5455, 0.0354)
749 : (21, 19, 0.0, 293.2118, 1.75, 0.0396)
750 : (20, 21, 0.0, 474.1017, 2.5714, 0.0345)
751 : (20, 20, 0.0, 420.6496, 2.8571, 0.0368)
752 : (19, 21, 0.0, 422.1478, 1.5833, 0.03)
753 : (21, 19, 0.0, 326.7809, 1.6667, 0.0376)
754 : (20, 20, 0.0, 337.5099, 2.4286, 0.0948)
755 : (20, 20, 0.0, 285.7859, 2.8571, 0.0302)
756 : (29, 12, 0.0, 347.8791, 3.5, 0.0417)
757 : (11, 29, 0.0, 428.9069, 1.375, 0.0259)
758 : (21, 19, 0.0, 405.3538, 1.5455, 0.0711)
759 : (19, 21, 0.0, 417.5432, 1.7273, 0.0394)
760 : (25, 15, 0.0107, 519.3747, 3.125, 0.0668)
761 : (15, 25, 0.0, 338.1425, 1.75, 0.0559)
762 : (19, 21, 0.0, 397.9403, 1.8, 0.0262)
763 : (21, 19, 0.0, 381.6618, 1.9091, 0.0419)
764 : (26, 14, 0.0, 505.9984, 2.3636, 0.0266)
765 : (14, 26, 0.0, 452.1033, 1.1818, 0.0299)
766 : (3, 37, 0.0, 505.316, 1.0, 0.0405)
767 : (37, 3, 0.0, 460.6234, 10.6667, 0.0221)
768 : (29, 13, 0.0, 514.7153, 3.2222, 0.0564)
769 : (11, 29, 0.0, 282.7736, 1.6667, 0.0281)
770 : (18, 14, 0.0, 455.8344, 2.0, 0.0724)
771 : (13, 18, 0.0065, 353.714, 1.625, 0.0281)
772 : (18, 22, 0.0, 474.5223, 1.5, 0.038)
773 : (22, 18, 0.0, 235.6113, 1.9091, 0.0372)
774 : (22, 19, 0.0, 293.566, 1.8333, 0.0394)
775 : (18, 22, 0.0, 415.3614, 1.4545, 0.032)
776 : (20, 20, 0.0, 369.0352, 1.4444, 0.0355)
777 : (20, 20, 0.013, 423.173, 2.0, 0.035)
778 : (17, 23, 0.0, 354.7018, 1.7, 0.0792)
779 : (23, 17, 0.0, 455.9772, 2.3333, 0.0573)
780 : (13, 27, 0.0, 344.6575, 1.3, 0.0197)
781 : (27, 13, 0.0, 295.9541, 2.4, 0.0511)
782 : (27, 13, 0.0, 415.8916, 3.0, 0.0324)
783 : (13, 27, 0.0, 360.6675, 1.3333, 0.0355)
784 : (20, 20, 0.0, 506.0468, 2.0, 0.021)
785 : (20, 20, 0.0, 277.8265, 1.7, 0.0366)
786 : (18, 22, 0.0, 380.0503, 1.8, 0.0584)
787 : (22, 18, 0.0, 375.1484, 2.0, 0.0335)
788 : (14, 23, 0.0, 335.727, 1.4, 0.0294)
789 : (23, 14, 0.0, 464.53, 2.0, 0.0263)
790 : (26, 16, 0.0, 385.5105, 2.3636, 0.0714)
791 : (14, 26, 0.0, 332.2747, 1.625, 0.0256)
792 : (25, 15, 0.0115, 428.4221, 2.0833, 0.0554)
793 : (15, 25, 0.0, 317.3336, 1.2727, 0.02)
794 : (9, 4, 0.0, 199.4734, 2.25, 0.0858)
795 : (4, 9, 0.0, 289.9752, 1.0, 0.0274)
796 : (19, 21, 0.0, 370.927, 2.375, 0.0929)
797 : (21, 19, 0.0, 353.1212, 2.2857, 0.0385)
798 : (18, 23, 0.0, 524.5931, 2.25, 0.0785)
799 : (22, 18, 0.0, 215.975, 2.5, 0.0345)
800 : (20, 20, 0.0358, 622.3235, 1.7778, 0.0286)
801 : (20, 20, 0.0, 107.8654, 2.2222, 0.0045)
802 : (21, 19, 0.0096, 462.9252, 1.7273, 0.0367)
803 : (19, 21, 0.0, 78.7196, 1.5833, 0.0073)
804 : (22, 20, 0.007, 457.8416, 2.1, 0.0404)
805 : (18, 22, 0.0, 65.5662, 1.8, 0.0071)
806 : (11, 26, 0.0, 414.1, 1.25, 0.0337)
807 : (23, 11, 0.0, 80.9221, 2.5556, 0.0116)
808 : (19, 22, 0.0203, 437.9019, 2.1111, 0.0446)
809 : (21, 19, 0.0, 56.3364, 2.8571, 0.0157)
810 : (31, 9, 0.0033, 469.9965, 3.2222, 0.0481)
811 : (9, 31, 0.0, 66.9647, 1.0, 0.0091)
812 : (20, 21, 0.0243, 515.019, 2.2222, 0.0302)
813 : (20, 20, 0.0, 61.3374, 2.0, 0.0081)
814 : (22, 18, 0.0094, 426.3538, 2.4444, 0.0408)
815 : (18, 22, 0.0, 74.9252, 2.125, 0.007)
816 : (12, 29, 0.0155, 330.7014, 1.0, 0.0479)
817 : (28, 18, 0.0, 58.8414, 1.9286, 0.0167)
818 : (16, 25, 0.0049, 392.1842, 1.4545, 0.041)
819 : (24, 16, 0.0, 73.3986, 2.0, 0.0104)
820 : (15, 19, 0.0, 360.0707, 2.1429, 0.0517)
821 : (17, 16, 0.0, 67.5726, 2.3333, 0.0107)
822 : (22, 20, 0.0344, 533.109, 2.1, 0.0431)
823 : (18, 22, 0.0, 83.1319, 2.0, 0.0117)
824 : (18, 23, 0.0047, 555.6302, 1.5556, 0.0363)
825 : (22, 18, 0.0, 68.7365, 2.4444, 0.0146)
826 : (16, 24, 0.0065, 433.0083, 1.6667, 0.0262)
827 : (24, 16, 0.0, 102.7061, 2.6667, 0.0057)
828 : (22, 20, 0.0219, 424.2601, 2.4444, 0.05)
829 : (18, 22, 0.0, 86.2554, 2.125, 0.011)
830 : (19, 21, 0.0247, 559.3401, 2.7143, 0.0427)
831 : (21, 19, 0.0, 89.299, 3.0, 0.0113)
832 : (15, 25, 0.0456, 550.0185, 1.3636, 0.0264)
833 : (25, 16, 0.0, 77.6185, 2.1818, 0.0068)
834 : (18, 23, 0.005, 398.8132, 1.8, 0.0397)
835 : (22, 18, 0.0, 96.7751, 2.3333, 0.0074)
836 : (20, 22, 0.0143, 559.9266, 1.9, 0.039)
837 : (20, 20, 0.0, 73.4458, 1.8182, 0.0093)
838 : (15, 26, 0.0, 465.2811, 1.2727, 0.0416)
839 : (25, 15, 0.0, 62.1469, 2.2727, 0.0121)
840 : (22, 19, 0.0812, 681.3737, 2.0, 0.0443)
841 : (18, 22, 0.0, 96.68, 1.6364, 0.0058)
842 : (10, 11, 0.0, 558.8682, 3.0, 0.0344)
843 : (11, 10, 0.0, 97.9896, 3.6667, 0.0032)
844 : (12, 27, 0.0087, 349.4748, 1.5, 0.0318)
845 : (25, 12, 0.0, 58.8361, 2.5, 0.0084)
846 : (27, 15, 0.0233, 503.234, 2.1818, 0.0474)
847 : (13, 27, 0.0, 76.2334, 1.1818, 0.0205)
848 : (19, 15, 0.0049, 453.3027, 2.375, 0.03)
849 : (15, 19, 0.0, 86.5858, 1.8571, 0.0039)
850 : (22, 19, 0.0037, 415.1884, 1.75, 0.0585)
851 : (18, 22, 0.0, 90.3017, 1.5, 0.0105)
852 : (30, 13, 0.0171, 500.326, 3.0, 0.0449)
853 : (10, 30, 0.0, 54.4025, 1.2857, 0.0116)
854 : (19, 22, 0.0146, 557.6076, 2.1111, 0.0584)
855 : (21, 19, 0.0, 66.683, 2.2222, 0.016)
856 : (4, 2, 0.0, 364.0913, 4.0, 0.0157)
857 : (2, 4, 0.0, 86.7043, 1.0, 0.0093)
858 : (16, 24, 0.0065, 458.6507, 1.2727, 0.0402)
859 : (24, 16, 0.0, 64.8718, 2.0, 0.0131)
860 : (11, 31, 0.0212, 498.3071, 1.375, 0.0416)
861 : (29, 11, 0.0, 92.8762, 3.5, 0.012)
862 : (24, 17, 0.0143, 393.0521, 1.9167, 0.0503)
863 : (16, 24, 0.0, 94.3065, 1.4545, 0.0089)
864 : (16, 23, 0.0506, 617.8126, 1.6667, 0.0471)
865 : (22, 16, 0.0, 71.9426, 2.4444, 0.0132)
866 : (15, 26, 0.0585, 582.4842, 1.5556, 0.041)
867 : (25, 15, 0.0, 60.9499, 2.5, 0.0159)
868 : (14, 28, 0.0, 411.9734, 2.0, 0.0586)
869 : (26, 14, 0.0151, 118.9782, 3.4, 0.0091)
870 : (20, 20, 0.0524, 643.752, 1.6364, 0.0387)
871 : (20, 20, 0.0065, 89.8264, 1.8182, 0.0103)
872 : (21, 20, 0.0091, 473.9399, 2.3333, 0.0385)
873 : (19, 21, 0.0, 74.2993, 2.25, 0.0102)
874 : (25, 15, 0.0334, 592.829, 1.9091, 0.049)
875 : (15, 25, 0.0, 70.7205, 1.3636, 0.0138)
876 : (14, 26, 0.0577, 583.6385, 1.4, 0.0423)
877 : (26, 14, 0.0, 62.6253, 2.5, 0.0149)
878 : (14, 22, 0.008, 404.6716, 1.8571, 0.0395)
879 : (22, 14, 0.0, 83.4334, 2.75, 0.0138)
880 : (12, 28, 0.0, 463.6899, 1.3333, 0.0343)
881 : (28, 12, 0.0, 81.5796, 2.7778, 0.0203)
882 : (19, 22, 0.0148, 339.8419, 2.375, 0.0445)
883 : (20, 19, 0.0, 61.5588, 2.2857, 0.0153)
884 : (20, 21, 0.0439, 690.2617, 1.7273, 0.0389)
885 : (20, 20, 0.0, 55.0674, 1.6667, 0.0078)
886 : (18, 23, 0.0108, 558.3187, 1.6364, 0.038)
887 : (22, 18, 0.0, 51.7581, 2.0, 0.0118)
888 : (24, 17, 0.011, 421.0857, 2.625, 0.0692)
889 : (16, 24, 0.0, 94.3053, 2.0, 0.0078)
890 : (20, 21, 0.0131, 409.0544, 2.1111, 0.0343)
891 : (20, 20, 0.0, 68.6891, 2.0, 0.012)
892 : (21, 20, 0.0, 389.0951, 1.75, 0.0417)
893 : (19, 21, 0.0, 68.2738, 1.4545, 0.0108)
894 : (20, 20, 0.0233, 569.2216, 1.9, 0.0531)
895 : (20, 20, 0.0, 82.6026, 1.8182, 0.009)
896 : (16, 18, 0.0133, 437.2244, 1.5, 0.0381)
897 : (18, 16, 0.0, 78.463, 1.8, 0.0074)
898 : (26, 15, 0.0132, 430.074, 2.5, 0.058)
899 : (14, 26, 0.0, 86.8112, 1.5556, 0.0103)
900 : (26, 16, 0.0114, 417.2267, 2.2727, 0.0238)
901 : (14, 26, 0.0, 50.6115, 1.4, 0.0138)
902 : (11, 29, 0.0, 397.6126, 1.125, 0.0244)
903 : (29, 11, 0.0, 104.5031, 3.2222, 0.0057)
904 : (22, 18, 0.0436, 550.7922, 2.4444, 0.0419)
905 : (18, 22, 0.0, 79.6254, 2.125, 0.0103)
906 : (13, 27, 0.0286, 528.168, 1.4444, 0.0261)
907 : (27, 14, 0.0, 71.1805, 2.875, 0.0112)
908 : (16, 24, 0.0114, 355.4979, 1.4545, 0.0396)
909 : (20, 16, 0.0, 73.6387, 1.9, 0.0072)
910 : (10, 4, 0.0186, 631.9937, 2.3333, 0.0266)
911 : (4, 10, 0.0, 99.4965, 1.3333, 0.0024)
912 : (19, 21, 0.0, 439.6638, 1.9, 0.0354)
913 : (21, 19, 0.0, 54.4398, 2.0, 0.0047)
914 : (19, 22, 0.0195, 363.4333, 1.7273, 0.0475)
915 : (21, 19, 0.0, 56.9432, 1.8182, 0.0092)
916 : (14, 26, 0.0178, 553.1631, 1.75, 0.0411)
917 : (26, 14, 0.0, 92.2783, 3.125, 0.0199)
918 : (8, 13, 0.0073, 324.8585, 1.6, 0.0287)
919 : (13, 8, 0.0, 85.7161, 2.2, 0.0119)
920 : (15, 27, 0.0033, 384.0975, 1.5, 0.0433)
921 : (25, 15, 0.0, 60.2633, 2.4, 0.017)
922 : (27, 16, 0.0073, 425.887, 2.6, 0.0527)
923 : (13, 27, 0.0, 94.1286, 1.4444, 0.0075)
924 : (19, 21, 0.0469, 575.3265, 1.7778, 0.0414)
925 : (21, 19, 0.0, 74.8031, 2.3333, 0.009)
926 : (23, 19, 0.0277, 427.8405, 2.75, 0.0522)
927 : (17, 23, 0.0, 58.4349, 2.125, 0.0162)
928 : (23, 18, 0.0087, 399.7843, 2.3, 0.0636)
929 : (17, 23, 0.0, 77.7425, 1.7778, 0.0123)
930 : (15, 17, 0.0291, 597.2403, 2.3333, 0.0311)
931 : (16, 15, 0.0, 67.2608, 2.6667, 0.0101)
932 : (20, 20, 0.0, 501.208, 2.2222, 0.0391)
933 : (20, 21, 0.0, 50.2846, 1.9, 0.0094)
934 : (22, 19, 0.036, 572.4031, 1.75, 0.0368)
935 : (18, 22, 0.0, 68.297, 1.5, 0.0139)
936 : (16, 26, 0.0138, 505.3875, 1.5556, 0.052)
937 : (24, 16, 0.0, 74.9971, 2.4, 0.0175)
938 : (14, 27, 0.0129, 657.2538, 1.1667, 0.0344)
939 : (26, 14, 0.0, 75.925, 2.0833, 0.0152)
940 : (9, 22, 0.0, 437.4041, 1.5, 0.0451)
941 : (19, 9, 0.0, 80.9023, 3.0, 0.006)
942 : (19, 22, 0.0256, 477.5337, 1.7273, 0.0452)
943 : (21, 19, 0.0, 82.4345, 1.5455, 0.013)
944 : (22, 19, 0.0, 352.6421, 2.4286, 0.0502)
945 : (18, 22, 0.0, 82.5071, 2.5714, 0.0094)
946 : (2, 7, 0.0, 418.7863, 1.0, 0.0159)
947 : (7, 2, 0.0, 99.0025, 2.0, 0.0095)
948 : (23, 18, 0.008, 407.925, 1.9167, 0.0571)
949 : (17, 23, 0.0, 58.1685, 1.4545, 0.0126)
950 : (26, 14, 0.0, 462.8303, 2.3636, 0.0359)
951 : (14, 26, 0.0, 46.6888, 1.3, 0.0145)
952 : (15, 25, 0.0, 388.0847, 1.3636, 0.0418)
953 : (25, 17, 0.0, 52.368, 1.7273, 0.0126)
954 : (23, 19, 0.0179, 456.3483, 2.625, 0.0425)
955 : (17, 23, 0.0, 122.257, 2.4286, 0.0103)
956 : (21, 21, 0.0387, 479.894, 1.8, 0.0427)
957 : (19, 21, 0.0, 72.5816, 1.9, 0.0093)
958 : (14, 28, 0.0, 276.0229, 1.2727, 0.0365)
959 : (26, 14, 0.0, 78.3381, 1.9, 0.0126)
960 : (22, 19, 0.0, 369.9012, 1.6923, 0.0391)
961 : (18, 33, 0.0, 108.2354, 1.3077, 0.0432)
962 : (12, 29, 0.0, 569.6638, 1.2222, 0.0324)
963 : (28, 12, 0.0, 85.5204, 2.8, 0.0141)
964 : (17, 24, 0.0387, 530.2424, 1.3077, 0.0346)
965 : (23, 17, 0.0, 72.7639, 1.75, 0.0079)
966 : (21, 20, 0.0097, 541.7676, 1.7273, 0.041)
967 : (19, 22, 0.0, 72.8975, 1.7273, 0.0109)
968 : (20, 23, 0.0035, 476.3568, 1.7273, 0.0783)
969 : (20, 20, 0.0, 86.5913, 1.8182, 0.011)
970 : (21, 22, 0.0133, 371.6597, 1.6154, 0.0358)
971 : (19, 21, 0.0, 64.4118, 1.5, 0.0107)
972 : (19, 23, 0.024, 451.4391, 1.8, 0.0359)
973 : (21, 19, 0.0, 45.12, 2.1, 0.011)
974 : (19, 21, 0.0, 414.7244, 1.6364, 0.039)
975 : (21, 19, 0.0, 62.3253, 1.75, 0.0094)
976 : (16, 24, 0.0, 353.4648, 1.4545, 0.0281)
977 : (24, 16, 0.0, 113.5535, 2.0909, 0.0086)
978 : (14, 28, 0.0, 362.6411, 1.4, 0.0456)
979 : (26, 14, 0.0, 56.857, 2.5556, 0.0134)
980 : (21, 19, 0.0228, 512.1116, 2.3333, 0.0427)
981 : (19, 21, 0.0, 93.0972, 1.8889, 0.0137)
982 : (13, 28, 0.0062, 484.0009, 1.4444, 0.0348)
983 : (27, 13, 0.0, 76.482, 2.7778, 0.0083)
984 : (10, 9, 0.0175, 445.6892, 1.8, 0.0343)
985 : (8, 10, 0.0, 50.8252, 1.6, 0.0086)
986 : (8, 30, 0.0, 263.5973, 1.3333, 0.035)
987 : (27, 8, 0.0, 63.7855, 4.3333, 0.0131)
988 : (21, 21, 0.0203, 402.3454, 1.75, 0.0362)
989 : (19, 21, 0.0, 77.3949, 1.3636, 0.0091)
990 : (27, 14, 0.0037, 369.7831, 2.1667, 0.0362)
991 : (13, 27, 0.0, 38.3709, 1.1818, 0.0085)
992 : (18, 22, 0.0378, 674.64, 1.5, 0.0271)
993 : (22, 18, 0.0, 57.4919, 1.5, 0.0119)
994 : (16, 26, 0.0346, 464.9447, 2.0, 0.0397)
995 : (24, 16, 0.0, 63.2256, 3.0, 0.0176)
996 : (25, 17, 0.0225, 487.7694, 2.5, 0.0581)
997 : (15, 25, 0.0, 44.6371, 1.875, 0.0094)
998 : (18, 23, 0.0106, 425.1247, 1.6364, 0.04)
999 : (22, 18, 0.0, 69.0442, 1.7273, 0.014)
1000 : (13, 27, 0.0, 355.7666, 1.625, 0.0516)
1001 : (27, 13, 0.0105, 440.7335, 3.125, 0.0469)
1002 : (15, 25, 0.0062, 404.719, 1.3, 0.0429)
1003 : (25, 15, 0.007, 452.9787, 2.5, 0.0491)
1004 : (12, 28, 0.0, 491.9557, 1.5, 0.0629)
1005 : (28, 12, 0.0047, 473.3803, 3.375, 0.026)
1006 : (18, 22, 0.0067, 665.2186, 2.0, 0.0604)
1007 : (22, 18, 0.0121, 521.0432, 2.1111, 0.0374)
1008 : (21, 15, 0.0079, 482.0619, 2.2857, 0.0621)
1009 : (15, 21, 0.0, 366.3854, 1.875, 0.032)
1010 : (20, 20, 0.0099, 650.0596, 2.0, 0.0374)
1011 : (20, 20, 0.0038, 469.0919, 2.0, 0.0476)
1012 : (19, 21, 0.0, 621.6202, 1.3571, 0.0735)
1013 : (21, 19, 0.0151, 366.5692, 1.4615, 0.0496)
1014 : (32, 9, 0.017, 581.5675, 3.875, 0.0493)
1015 : (8, 32, 0.0, 299.6631, 1.1429, 0.0255)
1016 : (17, 23, 0.0, 450.0894, 1.7778, 0.041)
1017 : (23, 18, 0.0157, 533.438, 2.0909, 0.0513)
1018 : (26, 14, 0.0, 647.2404, 2.375, 0.0365)
1019 : (14, 26, 0.0043, 517.209, 1.5556, 0.0475)
1020 : (15, 25, 0.0, 478.2802, 1.5556, 0.0505)
1021 : (25, 16, 0.0049, 394.2695, 2.5, 0.0431)
1022 : (25, 15, 0.0, 707.1948, 2.0909, 0.0584)
1023 : (15, 25, 0.0, 598.5758, 1.3636, 0.0346)
1024 : (16, 24, 0.0, 336.2428, 1.6, 0.0409)
1025 : (24, 16, 0.0099, 486.2657, 2.3333, 0.051)
1026 : (15, 25, 0.011, 539.9913, 1.6667, 0.0571)
1027 : (25, 15, 0.0063, 482.3413, 2.2222, 0.0545)
1028 : (15, 25, 0.033, 742.0467, 1.5, 0.0502)
1029 : (25, 15, 0.0, 414.8207, 2.5556, 0.061)
1030 : (16, 24, 0.0, 437.671, 2.0, 0.0595)
1031 : (24, 16, 0.0117, 578.9047, 2.875, 0.0471)
1032 : (13, 27, 0.0124, 502.0123, 1.125, 0.0619)
1033 : (27, 13, 0.0321, 443.33, 3.0, 0.0357)
1034 : (30, 10, 0.0, 533.2328, 4.1429, 0.0452)
1035 : (10, 30, 0.0, 465.3541, 1.4286, 0.037)
1036 : (22, 18, 0.0, 332.3653, 2.0, 0.0543)
1037 : (18, 22, 0.0, 512.5532, 1.7, 0.0644)
1038 : (12, 28, 0.0138, 458.3748, 1.5, 0.028)
1039 : (28, 12, 0.0, 447.583, 3.125, 0.0815)
1040 : (20, 20, 0.0, 525.8814, 1.5385, 0.0701)
1041 : (20, 20, 0.0, 407.3048, 1.4615, 0.0389)
1042 : (20, 20, 0.0055, 625.1638, 2.4286, 0.0484)
1043 : (20, 20, 0.0175, 497.7661, 2.5, 0.0411)
1044 : (19, 21, 0.0159, 458.053, 1.9, 0.0673)
1045 : (21, 19, 0.0078, 425.017, 2.0, 0.0517)
1046 : (24, 16, 0.0, 643.6534, 2.4, 0.078)
1047 : (16, 25, 0.0, 426.7423, 1.4, 0.0427)
1048 : (16, 25, 0.0082, 570.2322, 2.1429, 0.0514)
1049 : (24, 16, 0.0, 377.3941, 3.0, 0.054)
1050 : (20, 20, 0.0065, 638.6752, 1.4286, 0.0676)
1051 : (20, 20, 0.0, 528.8157, 1.4615, 0.0518)
1052 : (25, 15, 0.0141, 606.8862, 2.0909, 0.0503)
1053 : (15, 25, 0.0154, 573.1166, 1.25, 0.0459)
1054 : (25, 15, 0.0214, 715.9067, 1.9167, 0.055)
1055 : (15, 27, 0.0034, 305.0755, 1.25, 0.0316)
1056 : (16, 24, 0.0, 510.4011, 1.6, 0.0529)
1057 : (24, 16, 0.0, 448.4955, 2.3333, 0.0485)
1058 : (18, 22, 0.011, 679.8165, 1.8, 0.0427)
1059 : (22, 19, 0.0226, 510.4081, 1.9, 0.0411)
1060 : (17, 23, 0.0, 519.5521, 1.6, 0.0409)
1061 : (23, 17, 0.0162, 471.9659, 2.0909, 0.0369)
1062 : (23, 17, 0.0093, 685.0664, 1.7692, 0.0447)
1063 : (17, 23, 0.0077, 394.2213, 1.3333, 0.0679)
1064 : (17, 23, 0.0, 531.2764, 2.125, 0.0515)
1065 : (23, 17, 0.0074, 357.0655, 2.8571, 0.0338)
1066 : (16, 25, 0.0129, 521.0281, 1.2308, 0.0602)
1067 : (24, 16, 0.0265, 392.02, 1.8333, 0.0326)
1068 : (21, 19, 0.0061, 637.5942, 1.8889, 0.0716)
1069 : (19, 22, 0.0, 438.6471, 1.9, 0.0533)
1070 : (21, 19, 0.0, 635.3826, 1.5, 0.0403)
1071 : (19, 21, 0.0264, 418.069, 1.3077, 0.0301)
1072 : (33, 7, 0.0106, 742.3892, 6.2, 0.0683)
1073 : (7, 33, 0.0076, 354.4139, 1.4, 0.0369)
1074 : (14, 26, 0.0129, 569.6661, 1.1667, 0.055)
1075 : (26, 14, 0.0053, 422.1382, 1.8333, 0.0476)
1076 : (24, 16, 0.0228, 547.8964, 2.375, 0.0542)
1077 : (16, 24, 0.0149, 451.3346, 2.0, 0.0345)
1078 : (16, 24, 0.0, 517.1962, 1.5, 0.0663)
1079 : (24, 16, 0.0, 520.6771, 2.1818, 0.044)
1080 : (20, 20, 0.0048, 426.1748, 2.375, 0.0653)
1081 : (20, 20, 0.014, 410.0575, 2.2222, 0.0504)
1082 : (19, 21, 0.0052, 579.0039, 1.5455, 0.0503)
1083 : (21, 20, 0.0033, 359.5757, 1.6154, 0.0446)
1084 : (25, 15, 0.0, 509.8077, 1.9167, 0.0552)
1085 : (15, 26, 0.0, 222.8463, 1.25, 0.0275)
1086 : (22, 18, 0.0097, 474.3698, 1.6667, 0.0938)
1087 : (18, 22, 0.0339, 525.2639, 2.0, 0.0575)
1088 : (19, 21, 0.0182, 479.5275, 2.375, 0.0353)
1089 : (21, 19, 0.0038, 465.8279, 2.8571, 0.0632)
1090 : (27, 13, 0.0, 640.0739, 3.125, 0.0651)
1091 : (13, 27, 0.018, 426.9079, 1.4444, 0.0321)
1092 : (17, 23, 0.0, 696.7831, 1.3333, 0.0497)
1093 : (23, 17, 0.0067, 466.5166, 1.9167, 0.0659)
1094 : (19, 21, 0.0274, 708.4824, 2.375, 0.0785)
1095 : (21, 19, 0.0108, 454.8358, 2.375, 0.0446)
1096 : (24, 16, 0.0054, 646.1875, 2.0909, 0.0407)
1097 : (16, 24, 0.0043, 511.5679, 1.3333, 0.0385)
1098 : (28, 12, 0.009, 675.7313, 2.5, 0.0441)
1099 : (12, 28, 0.0108, 467.678, 1.5, 0.0411)
1100 : (24, 16, 0.0091, 514.3594, 2.5556, 0.0408)
1101 : (16, 24, 0.0031, 325.8921, 1.7778, 0.0379)
1102 : (19, 21, 0.0, 423.2609, 1.4615, 0.0557)
1103 : (21, 19, 0.0, 466.7767, 1.6667, 0.0624)
1104 : (17, 23, 0.0237, 740.3487, 1.8889, 0.0558)
1105 : (23, 17, 0.0, 498.6046, 2.0, 0.0523)
1106 : (20, 20, 0.0171, 641.0527, 2.0, 0.0683)
1107 : (20, 20, 0.0, 469.9636, 2.0, 0.0417)
1108 : (21, 20, 0.0124, 683.8732, 1.8182, 0.1035)
1109 : (19, 21, 0.0069, 445.4561, 1.9, 0.044)
1110 : (22, 18, 0.0089, 516.3336, 1.75, 0.0487)
1111 : (18, 22, 0.0069, 464.6461, 1.3846, 0.0372)
1112 : (15, 25, 0.0, 657.5551, 1.6667, 0.0412)
1113 : (25, 16, 0.0253, 450.9855, 2.1111, 0.0485)
1114 : (20, 20, 0.0, 549.3412, 1.8, 0.0634)
1115 : (20, 20, 0.0124, 526.1443, 1.8182, 0.0381)
1116 : (16, 24, 0.0, 530.7975, 1.3, 0.0529)
1117 : (24, 17, 0.0049, 441.8888, 2.4, 0.044)
1118 : (19, 21, 0.0058, 536.73, 1.9, 0.0664)
1119 : (21, 19, 0.0063, 442.1165, 2.1111, 0.0458)
1120 : (19, 21, 0.0, 465.478, 2.1111, 0.0704)
1121 : (21, 20, 0.0, 482.5205, 2.5, 0.0691)
1122 : (20, 20, 0.0, 555.0153, 1.7273, 0.0361)
1123 : (20, 20, 0.0099, 421.894, 1.8182, 0.0536)
1124 : (15, 25, 0.0, 496.5042, 1.75, 0.0466)
1125 : (25, 15, 0.0033, 508.6372, 2.7778, 0.0551)
1126 : (11, 29, 0.0, 453.7936, 1.1111, 0.0588)
1127 : (29, 11, 0.0139, 482.6173, 3.2222, 0.0497)
1128 : (23, 17, 0.0156, 780.0799, 2.2, 0.0763)
1129 : (17, 23, 0.0148, 440.7191, 1.5455, 0.0328)
1130 : (23, 17, 0.0162, 613.4611, 1.9091, 0.0532)
1131 : (17, 23, 0.0158, 461.4694, 1.4167, 0.0589)
1132 : (15, 15, 0.0072, 508.9864, 1.875, 0.0465)
1133 : (15, 16, 0.0, 360.3249, 1.5556, 0.0345)
1134 : (18, 22, 0.0051, 544.9052, 2.5714, 0.0662)
1135 : (22, 18, 0.0, 454.9887, 3.0, 0.0322)
1136 : (19, 21, 0.0061, 502.702, 1.5, 0.0605)
1137 : (21, 19, 0.0, 394.5828, 1.75, 0.0305)
1138 : (15, 25, 0.0, 652.6094, 1.5, 0.0537)
1139 : (25, 15, 0.0026, 518.4639, 2.1, 0.0696)
1140 : (21, 19, 0.0056, 509.0937, 1.6, 0.0352)
1141 : (19, 21, 0.0061, 551.3812, 1.7273, 0.0417)
1142 : (22, 18, 0.0, 491.5363, 1.5833, 0.0462)
1143 : (18, 22, 0.029, 502.6636, 1.5, 0.0362)
1144 : (14, 26, 0.0063, 525.9219, 1.4444, 0.0438)
1145 : (26, 14, 0.0029, 418.8149, 2.8889, 0.0491)
1146 : (29, 11, 0.0183, 717.2783, 4.1429, 0.0583)
1147 : (11, 29, 0.0457, 363.6573, 1.4286, 0.0229)
1148 : (24, 16, 0.0102, 666.8885, 3.4286, 0.0563)
1149 : (16, 26, 0.0066, 302.0698, 2.0, 0.0442)
1150 : (25, 15, 0.0, 540.0388, 2.2, 0.0526)
1151 : (15, 25, 0.0085, 487.049, 1.3636, 0.038)
1152 : (14, 26, 0.0339, 651.2569, 1.625, 0.0625)
1153 : (26, 14, 0.033, 511.9217, 2.8889, 0.0284)
1154 : (27, 13, 0.0043, 544.2158, 2.3636, 0.0525)
1155 : (13, 27, 0.0, 422.2507, 1.1818, 0.0469)
1156 : (25, 15, 0.0097, 693.175, 2.0833, 0.0558)
1157 : (15, 26, 0.0, 385.8075, 1.2727, 0.0337)
1158 : (22, 18, 0.0, 461.9544, 2.1, 0.049)
1159 : (18, 22, 0.0041, 531.9485, 1.6364, 0.0605)
1160 : (19, 21, 0.022, 521.6515, 1.7273, 0.0625)
1161 : (21, 19, 0.0042, 507.0593, 1.8182, 0.0454)
1162 : (24, 16, 0.0, 564.0307, 2.3, 0.075)
1163 : (16, 25, 0.017, 500.6782, 1.4545, 0.0458)
1164 : (14, 26, 0.0, 445.6844, 1.75, 0.0625)
1165 : (26, 15, 0.0049, 349.4444, 2.7778, 0.0507)
1166 : (14, 27, 0.0, 413.489, 1.75, 0.0486)
1167 : (26, 14, 0.0104, 434.6392, 3.125, 0.0444)
1168 : (12, 28, 0.0, 553.7521, 1.2, 0.042)
1169 : (28, 13, 0.0232, 467.7745, 2.7778, 0.0556)
1170 : (20, 20, 0.011, 669.0585, 2.0, 0.0402)
1171 : (20, 20, 0.0, 352.5799, 1.6667, 0.0303)
1172 : (21, 4, 0.0237, 854.7491, 5.25, 0.0448)
1173 : (4, 21, 0.0495, 348.089, 1.0, 0.0168)
1174 : (19, 21, 0.0, 616.4653, 1.3333, 0.0421)
1175 : (21, 19, 0.0035, 362.2505, 1.75, 0.0426)
1176 : (4, 36, 0.0, 318.3702, 1.0, 0.0301)
1177 : (36, 4, 0.0221, 386.1335, 6.25, 0.0238)
1178 : (19, 21, 0.0265, 680.851, 1.7273, 0.0498)
1179 : (21, 19, 0.0, 352.7615, 1.8182, 0.0575)
1180 : (22, 19, 0.0117, 546.9946, 1.8333, 0.0596)
1181 : (18, 23, 0.0039, 477.1104, 1.4167, 0.0589)
1182 : (20, 20, 0.0265, 846.6884, 2.1111, 0.0725)
1183 : (20, 20, 0.0138, 423.1662, 2.2222, 0.0338)
1184 : (27, 13, 0.0, 446.034, 2.6, 0.0502)
1185 : (13, 27, 0.0, 457.4486, 1.3, 0.063)
1186 : (22, 16, 0.036, 817.5162, 2.0, 0.0455)
1187 : (16, 22, 0.0096, 292.0752, 2.0, 0.0432)
1188 : (12, 28, 0.0, 540.0104, 1.2, 0.0435)
1189 : (28, 12, 0.003, 424.2616, 2.4, 0.0563)
1190 : (22, 18, 0.0, 445.364, 2.7143, 0.0674)
1191 : (18, 23, 0.0, 339.9157, 2.5714, 0.0487)
1192 : (23, 17, 0.0, 430.9763, 2.0, 0.0545)
1193 : (17, 23, 0.021, 649.1875, 1.4167, 0.0599)
1194 : (19, 21, 0.0058, 446.7335, 2.125, 0.0637)
1195 : (21, 19, 0.0, 378.7603, 2.625, 0.0444)
1196 : (23, 17, 0.0, 436.4353, 3.8333, 0.064)
1197 : (17, 24, 0.004, 391.9512, 2.0, 0.0494)
1198 : (17, 23, 0.0148, 655.3561, 1.6667, 0.0723)
1199 : (23, 17, 0.0216, 430.1307, 2.5556, 0.0426)
1200 : (23, 18, 0.0112, 449.0554, 1.5, 0.0322)
1201 : (17, 23, 0.0, 324.4652, 1.3077, 0.0448)
1202 : (20, 20, 0.0, 524.8188, 1.4545, 0.028)
1203 : (20, 21, 0.0132, 488.4869, 1.6667, 0.0496)
1204 : (24, 17, 0.0111, 388.692, 1.8333, 0.0402)
1205 : (16, 24, 0.0082, 325.4255, 1.3333, 0.0397)
1206 : (25, 15, 0.0105, 485.7611, 2.0833, 0.0452)
1207 : (15, 25, 0.0085, 427.3416, 1.1818, 0.0357)
1208 : (25, 15, 0.0, 361.7103, 2.0, 0.0245)
1209 : (15, 25, 0.0241, 440.8166, 1.25, 0.0424)
1210 : (20, 20, 0.0067, 444.2557, 2.7143, 0.03)
1211 : (20, 20, 0.0121, 602.0693, 2.5, 0.0425)
1212 : (24, 16, 0.0, 472.8022, 2.3, 0.0259)
1213 : (16, 24, 0.0217, 438.9882, 1.6, 0.0401)
1214 : (10, 21, 0.0085, 307.5216, 1.4286, 0.0194)
1215 : (21, 10, 0.0, 589.898, 2.8571, 0.0453)
1216 : (23, 17, 0.0059, 414.3938, 2.0, 0.0449)
1217 : (17, 23, 0.0093, 450.2892, 1.4167, 0.0534)
1218 : (26, 15, 0.0089, 616.8828, 2.8889, 0.0604)
1219 : (14, 26, 0.036, 469.1823, 1.625, 0.0426)
1220 : (26, 14, 0.0, 527.4587, 2.3636, 0.0379)
1221 : (14, 26, 0.0, 388.6232, 1.2, 0.0343)
1222 : (14, 26, 0.0, 450.2234, 1.5556, 0.0242)
1223 : (26, 15, 0.0, 259.5966, 2.5, 0.0575)
1224 : (16, 14, 0.0129, 454.3982, 2.1429, 0.0305)
1225 : (13, 16, 0.0, 430.9244, 2.1667, 0.0281)
1226 : (17, 23, 0.0, 444.9688, 2.125, 0.0304)
1227 : (23, 17, 0.0, 456.8785, 2.625, 0.0327)
1228 : (24, 16, 0.0053, 444.6072, 2.3, 0.0516)
1229 : (16, 24, 0.0, 421.7122, 1.4545, 0.0431)
1230 : (21, 19, 0.0, 498.897, 2.1, 0.0307)
1231 : (19, 21, 0.0141, 467.0066, 1.7, 0.0382)
1232 : (24, 16, 0.0056, 490.7041, 2.0, 0.0427)
1233 : (16, 24, 0.0156, 549.1083, 1.4545, 0.0396)
1234 : (20, 20, 0.0, 358.1895, 2.0, 0.0357)
1235 : (20, 22, 0.0, 302.7726, 1.6364, 0.0549)
1236 : (12, 10, 0.0, 588.3169, 2.0, 0.0242)
1237 : (10, 12, 0.0212, 599.6724, 1.5, 0.0368)
1238 : (20, 20, 0.0, 321.8121, 2.2222, 0.0286)
1239 : (20, 20, 0.0069, 451.3241, 1.6667, 0.0391)
1240 : (25, 15, 0.026, 594.2532, 2.7778, 0.0521)
1241 : (15, 25, 0.0085, 390.3539, 1.5556, 0.0432)
1242 : (23, 17, 0.0545, 620.5784, 2.3333, 0.0349)
1243 : (17, 23, 0.0132, 527.3951, 1.8889, 0.0484)
1244 : (22, 18, 0.0, 358.3742, 2.8571, 0.0369)
1245 : (18, 22, 0.0065, 504.5025, 2.25, 0.0508)
1246 : (27, 17, 0.0, 296.5368, 1.7333, 0.0392)
1247 : (13, 27, 0.0, 412.2792, 1.0, 0.0265)
1248 : (23, 17, 0.0, 416.2942, 1.7692, 0.0365)
1249 : (17, 23, 0.016, 457.2192, 1.3333, 0.0468)
1250 : (26, 14, 0.0254, 470.1007, 2.3, 0.0325)
1251 : (14, 26, 0.0087, 427.0273, 1.4, 0.0352)
1252 : (18, 19, 0.0, 421.3661, 1.7778, 0.0325)
1253 : (19, 18, 0.0, 385.096, 1.9, 0.0407)
1254 : (21, 19, 0.0251, 328.8908, 1.4286, 0.0346)
1255 : (19, 21, 0.0071, 446.1708, 1.3571, 0.0433)
1256 : (26, 14, 0.0162, 466.2034, 3.8333, 0.0303)
1257 : (14, 26, 0.0322, 489.4478, 2.0, 0.0378)
1258 : (22, 20, 0.0, 491.0284, 1.9091, 0.0407)
1259 : (18, 22, 0.0, 420.57, 1.6364, 0.056)
1260 : (18, 22, 0.0, 470.2707, 1.6364, 0.0219)
1261 : (22, 18, 0.0, 458.9239, 1.9091, 0.0423)
1262 : (27, 13, 0.0154, 537.814, 3.125, 0.0334)
1263 : (13, 27, 0.0, 420.1203, 1.625, 0.0483)
1264 : (27, 13, 0.0, 405.9169, 3.0, 0.0286)
1265 : (13, 27, 0.0, 376.8074, 1.1111, 0.0296)
1266 : (19, 22, 0.0, 447.4001, 1.5, 0.0311)
1267 : (21, 19, 0.0, 452.7494, 1.9091, 0.0533)
1268 : (27, 13, 0.0, 385.2, 2.5, 0.0406)
1269 : (13, 27, 0.0192, 451.932, 1.3, 0.0419)
1270 : (19, 23, 0.0054, 289.1862, 1.9, 0.0385)
1271 : (21, 20, 0.0, 342.5773, 2.2222, 0.0398)
1272 : (22, 20, 0.0049, 413.5596, 2.0, 0.0374)
1273 : (18, 22, 0.0069, 404.409, 1.7, 0.0497)
1274 : (19, 21, 0.0, 343.2429, 1.5833, 0.028)
1275 : (21, 19, 0.0061, 333.6587, 1.8182, 0.0296)
1276 : (25, 16, 0.0156, 604.6266, 1.9231, 0.0298)
1277 : (15, 25, 0.0, 417.1079, 1.1818, 0.0385)
1278 : (23, 17, 0.0059, 470.188, 2.4444, 0.0376)
1279 : (17, 23, 0.0072, 406.224, 1.7, 0.0343)
1280 : (20, 21, 0.0099, 399.3825, 1.6667, 0.0383)
1281 : (20, 20, 0.0, 389.2125, 1.9, 0.0474)
1282 : (18, 22, 0.0313, 607.6402, 1.6364, 0.037)
1283 : (22, 18, 0.0189, 432.1195, 1.9091, 0.0667)
1284 : (11, 29, 0.0175, 291.6484, 1.1, 0.0208)
1285 : (29, 11, 0.0247, 528.8611, 1.8, 0.0423)
1286 : (17, 23, 0.0, 413.9448, 1.7, 0.0301)
1287 : (23, 17, 0.0189, 432.6016, 2.2, 0.0522)
1288 : (17, 15, 0.0, 378.6883, 1.3636, 0.0326)
1289 : (15, 17, 0.0, 270.2952, 1.3636, 0.0367)
1290 : (20, 20, 0.0069, 622.4513, 1.9, 0.0346)
1291 : (20, 21, 0.0, 253.6232, 1.8182, 0.0709)
1292 : (23, 17, 0.0427, 498.6117, 2.3, 0.0266)
1293 : (17, 23, 0.0, 360.3634, 1.6667, 0.0386)
1294 : (18, 17, 0.0428, 546.9918, 1.7778, 0.0339)
1295 : (17, 18, 0.0082, 492.336, 1.7, 0.0534)
1296 : (21, 19, 0.0, 492.6893, 1.5455, 0.0355)
1297 : (19, 21, 0.0065, 355.3501, 1.7273, 0.0436)
1298 : (21, 19, 0.0, 457.5296, 1.75, 0.0446)
1299 : (19, 21, 0.0069, 459.3623, 1.6364, 0.0597)
1300 : (27, 13, 0.0, 477.1486, 2.6, 0.0451)
1301 : (13, 27, 0.0, 389.646, 1.3, 0.0376)
1302 : (26, 14, 0.0167, 511.6044, 2.8889, 0.0381)
1303 : (14, 26, 0.0, 367.334, 1.4444, 0.0349)
1304 : (30, 10, 0.0237, 470.4683, 3.75, 0.0507)
1305 : (10, 30, 0.027, 535.5566, 1.0, 0.0319)
1306 : (19, 21, 0.0148, 436.5401, 2.0, 0.0306)
1307 : (21, 19, 0.0, 337.0619, 2.3333, 0.0487)
1308 : (30, 10, 0.0085, 329.5776, 3.75, 0.0343)
1309 : (10, 32, 0.0074, 416.766, 1.2857, 0.0328)
1310 : (26, 15, 0.0101, 356.3779, 2.2727, 0.0514)
1311 : (14, 26, 0.0, 424.2021, 1.4, 0.0419)
1312 : (25, 17, 0.0, 376.1185, 2.5, 0.041)
1313 : (15, 25, 0.0, 354.7869, 1.625, 0.0396)
1314 : (27, 13, 0.0, 511.977, 3.375, 0.042)
1315 : (13, 30, 0.0, 311.6334, 1.5, 0.0438)
1316 : (17, 23, 0.0074, 436.8805, 1.7, 0.0228)
1317 : (23, 18, 0.0, 445.403, 1.9091, 0.0403)
1318 : (19, 13, 0.0264, 614.0046, 1.5455, 0.032)
1319 : (13, 19, 0.0215, 371.9729, 1.1818, 0.0337)
1320 : (25, 14, 0.0146, 402.5517, 2.4, 0.0329)
1321 : (14, 25, 0.0, 395.1613, 1.2727, 0.0304)
1322 : (16, 24, 0.0, 387.0132, 1.6, 0.0297)
1323 : (24, 16, 0.0216, 479.1696, 2.3, 0.0495)
1324 : (23, 17, 0.0, 441.1222, 2.3, 0.046)
1325 : (17, 23, 0.0228, 627.728, 1.7778, 0.0595)
1326 : (15, 25, 0.0145, 374.4059, 1.3636, 0.0255)
1327 : (25, 15, 0.0159, 555.6498, 2.1818, 0.0502)
1328 : (24, 16, 0.0205, 422.3584, 2.0, 0.0483)
1329 : (16, 24, 0.016, 404.6109, 1.4545, 0.0438)
1330 : (17, 23, 0.0, 349.5592, 1.7778, 0.026)
1331 : (23, 17, 0.0, 328.7749, 2.5556, 0.0567)
1332 : (27, 14, 0.0047, 442.3553, 2.3, 0.0445)
1333 : (13, 27, 0.0, 286.3254, 1.3, 0.0427)
1334 : (24, 16, 0.0, 417.3332, 2.625, 0.0361)
1335 : (16, 24, 0.0, 445.2884, 1.7778, 0.0459)
1336 : (25, 15, 0.0049, 397.6116, 2.1, 0.0408)
1337 : (15, 25, 0.0, 436.2083, 1.3636, 0.044)
1338 : (20, 20, 0.011, 433.3938, 2.375, 0.0378)
1339 : (20, 20, 0.0132, 403.5844, 2.2222, 0.0552)
1340 : (25, 15, 0.0, 441.7596, 2.1818, 0.0447)
1341 : (15, 25, 0.0, 308.1863, 1.3636, 0.0414)
1342 : (22, 18, 0.0061, 370.945, 2.4444, 0.0431)
1343 : (18, 22, 0.0135, 414.6982, 2.0, 0.0543)
1344 : (26, 14, 0.0112, 540.2911, 2.6667, 0.0458)
1345 : (14, 26, 0.008, 439.5397, 1.5556, 0.0463)
1346 : (25, 15, 0.0106, 396.662, 2.0, 0.0268)
1347 : (15, 25, 0.0228, 593.3177, 1.3636, 0.0366)
1348 : (27, 13, 0.0, 521.869, 3.0, 0.0417)
1349 : (13, 28, 0.0, 336.932, 1.0, 0.0377)
1350 : (14, 26, 0.016, 427.5616, 1.5556, 0.0244)
1351 : (26, 14, 0.0, 430.1109, 2.6667, 0.0421)
1352 : (22, 18, 0.0, 424.1373, 2.75, 0.0365)
1353 : (18, 22, 0.0, 394.1286, 2.4286, 0.0359)
1354 : (25, 16, 0.0047, 421.3339, 2.4, 0.051)
1355 : (15, 25, 0.0234, 500.4429, 1.3636, 0.0482)
1356 : (17, 26, 0.0, 306.5995, 1.1429, 0.0373)
1357 : (23, 17, 0.0, 399.7801, 1.7692, 0.0496)
1358 : (29, 11, 0.0, 457.3921, 4.1667, 0.034)
1359 : (11, 29, 0.0099, 342.5731, 1.8333, 0.0326)
1360 : (19, 21, 0.0073, 482.1485, 1.5455, 0.0336)
1361 : (21, 20, 0.0056, 391.9782, 1.75, 0.0635)
1362 : (12, 21, 0.0, 297.122, 1.5, 0.0254)
1363 : (21, 12, 0.0, 382.6621, 2.8571, 0.0368)
1364 : (31, 9, 0.0049, 576.9894, 3.375, 0.0288)
1365 : (9, 31, 0.0, 317.6499, 1.125, 0.0336)
1366 : (17, 26, 0.0141, 331.2589, 1.2727, 0.0297)
1367 : (23, 17, 0.0, 449.5109, 2.0909, 0.0347)
1368 : (16, 24, 0.0058, 371.4261, 1.4545, 0.0318)
1369 : (24, 16, 0.0106, 578.2589, 2.0909, 0.0489)
1370 : (26, 14, 0.0, 343.8996, 2.1818, 0.0326)
1371 : (14, 26, 0.0, 409.0329, 1.2727, 0.0376)
1372 : (23, 18, 0.0052, 374.0044, 3.2857, 0.0293)
1373 : (17, 24, 0.0, 282.8317, 2.3333, 0.0641)
1374 : (19, 21, 0.0, 428.7976, 1.8, 0.0303)
1375 : (21, 19, 0.0062, 420.3696, 2.1, 0.0416)
1376 : (26, 14, 0.0, 486.7135, 2.4444, 0.0441)
1377 : (14, 26, 0.0, 384.6662, 1.4, 0.04)
1378 : (20, 21, 0.0182, 479.4237, 1.5385, 0.0322)
1379 : (20, 20, 0.0071, 390.8685, 1.5833, 0.0673)
1380 : (23, 18, 0.0156, 424.261, 2.2, 0.029)
1381 : (17, 23, 0.0, 405.1744, 1.7, 0.0388)
1382 : (28, 12, 0.0292, 401.891, 3.1111, 0.0581)
1383 : (12, 28, 0.0, 312.2454, 1.2222, 0.0468)
1384 : (21, 19, 0.0356, 434.9481, 4.2, 0.0274)
1385 : (19, 21, 0.0135, 451.9774, 3.6, 0.0426)
1386 : (23, 17, 0.0, 445.373, 2.1111, 0.0388)
1387 : (17, 25, 0.0058, 252.2306, 1.5455, 0.0699)
1388 : (28, 12, 0.0054, 418.2332, 3.125, 0.0361)
1389 : (12, 28, 0.0, 395.3354, 1.5, 0.0366)
1390 : (25, 15, 0.0, 450.4203, 2.3333, 0.0399)
1391 : (15, 25, 0.0321, 509.0667, 1.6667, 0.0465)
1392 : (20, 20, 0.0242, 375.9784, 1.6667, 0.0408)
1393 : (20, 20, 0.0, 475.8579, 1.4167, 0.061)
1394 : (24, 16, 0.0052, 451.9851, 2.625, 0.0285)
1395 : (16, 24, 0.0, 349.2742, 1.7778, 0.0336)
1396 : (25, 15, 0.0318, 629.8636, 2.0909, 0.0406)
1397 : (15, 25, 0.0, 281.8901, 1.3636, 0.0499)
1398 : (9, 31, 0.0, 257.5299, 1.0, 0.0249)
1399 : (31, 9, 0.0, 342.5959, 3.3333, 0.0443)
1400 : (18, 23, 0.0047, 394.8214, 2.0, 0.0342)
1401 : (22, 18, 0.0, 318.1812, 2.625, 0.0168)
1402 : (20, 20, 0.0, 401.5071, 1.8889, 0.0227)
1403 : (20, 20, 0.0, 214.5274, 2.2222, 0.0154)
1404 : (24, 16, 0.0, 459.7818, 2.4444, 0.029)
1405 : (16, 25, 0.0, 329.6986, 1.4545, 0.0122)
1406 : (17, 24, 0.0, 409.0379, 1.7778, 0.0295)
1407 : (23, 17, 0.0, 276.4659, 2.3, 0.0111)
1408 : (31, 9, 0.0, 369.6026, 6.2, 0.0436)
1409 : (9, 31, 0.0, 136.825, 2.0, 0.0172)
1410 : (19, 21, 0.0, 448.5896, 1.9, 0.0219)
1411 : (21, 19, 0.0, 355.4075, 2.0, 0.0133)
1412 : (24, 11, 0.0093, 395.169, 3.0, 0.041)
1413 : (9, 24, 0.0, 230.7809, 1.3333, 0.0159)
1414 : (21, 19, 0.0, 432.976, 1.9091, 0.016)
1415 : (19, 21, 0.0, 308.7258, 1.8, 0.016)
1416 : (26, 15, 0.0, 368.3028, 3.1429, 0.0437)
1417 : (14, 26, 0.0, 241.3057, 1.75, 0.0229)
1418 : (21, 19, 0.0061, 500.6526, 2.375, 0.0282)
1419 : (19, 21, 0.0, 292.3145, 2.375, 0.0125)
1420 : (16, 24, 0.0215, 549.0233, 1.4545, 0.0419)
1421 : (24, 16, 0.0, 323.0225, 2.0, 0.0188)
1422 : (12, 13, 0.0, 630.7705, 1.4286, 0.0396)
1423 : (13, 13, 0.0, 318.7662, 1.8571, 0.0092)
1424 : (16, 17, 0.0261, 637.3558, 1.4545, 0.0295)
1425 : (17, 16, 0.0218, 380.3621, 1.6, 0.0165)
1426 : (15, 25, 0.0, 401.5073, 1.5556, 0.0251)
1427 : (25, 15, 0.0, 270.591, 2.5, 0.0167)
1428 : (13, 27, 0.0096, 642.3245, 1.625, 0.0262)
1429 : (27, 13, 0.0, 414.6584, 3.5714, 0.0277)
1430 : (22, 19, 0.0, 552.1555, 1.9091, 0.0324)
1431 : (18, 22, 0.0, 273.3445, 1.6364, 0.015)
1432 : (23, 17, 0.0, 391.4435, 1.9091, 0.0277)
1433 : (17, 24, 0.0, 227.5763, 1.5455, 0.0184)
1434 : (12, 28, 0.0, 277.6552, 1.5, 0.0212)
1435 : (28, 12, 0.0, 280.7999, 2.875, 0.0267)
1436 : (26, 15, 0.0099, 561.4213, 2.0833, 0.0319)
1437 : (14, 26, 0.0, 188.3422, 1.2727, 0.0171)
1438 : (16, 25, 0.0, 406.6492, 1.5, 0.0216)
1439 : (24, 16, 0.0, 291.6838, 2.1818, 0.0138)
1440 : (15, 25, 0.0, 346.6726, 1.5, 0.029)
1441 : (25, 15, 0.0057, 200.3078, 2.4, 0.012)
1442 : (22, 18, 0.0182, 481.5093, 2.1, 0.0253)
1443 : (18, 22, 0.0, 256.2614, 1.8, 0.0194)
1444 : (2, 0, 0.0, 380.8389, 0.0, 0.0102)
1445 : (0, 2, 0.0, 309.6814, 0.0, 0.0015)
1446 : (20, 20, 0.0175, 591.6663, 1.6667, 0.0424)
1447 : (20, 20, 0.0, 201.8454, 1.5833, 0.0201)
1448 : (24, 16, 0.0051, 510.8835, 2.3, 0.0267)
1449 : (16, 24, 0.0, 265.2834, 1.6, 0.0129)
1450 : (36, 5, 0.0, 475.1119, 3.8, 0.0355)
1451 : (4, 36, 0.0, 138.1699, 1.0, 0.0111)
1452 : (2, 17, 0.0, 462.7693, 1.0, 0.0136)
1453 : (17, 2, 0.0, 374.4157, 3.0, 0.011)
1454 : (30, 10, 0.0195, 529.8765, 3.625, 0.0599)
1455 : (10, 30, 0.0, 203.5288, 1.1111, 0.0192)
1456 : (24, 17, 0.0, 488.6658, 2.1818, 0.0355)
1457 : (16, 24, 0.0, 387.091, 1.6667, 0.0133)
1458 : (20, 22, 0.0148, 428.8108, 1.25, 0.0476)
1459 : (20, 20, 0.0, 482.2296, 1.3571, 0.0528)
1460 : (9, 31, 0.0, 401.5032, 1.125, 0.0225)
1461 : (31, 9, 0.0, 533.7511, 3.375, 0.0281)
1462 : (21, 19, 0.0077, 376.6543, 1.5833, 0.0223)
1463 : (19, 21, 0.0, 248.4576, 1.5833, 0.0139)
1464 : (15, 25, 0.0, 385.6206, 1.25, 0.0134)
1465 : (25, 15, 0.0, 250.8034, 2.0909, 0.0147)
1466 : (11, 30, 0.0, 332.3403, 1.25, 0.0307)
1467 : (29, 11, 0.0, 349.5394, 3.2222, 0.0173)
1468 : (19, 21, 0.0, 675.9701, 1.8, 0.025)
1469 : (21, 19, 0.0, 293.9241, 2.1, 0.0241)
1470 : (25, 15, 0.0, 472.2123, 2.0, 0.0258)
1471 : (15, 25, 0.0085, 291.6169, 1.3636, 0.0089)
1472 : (20, 20, 0.0202, 540.7425, 2.0, 0.0548)
1473 : (20, 20, 0.0, 252.9014, 1.9, 0.0177)
1474 : (11, 29, 0.0066, 418.4593, 1.5714, 0.021)
1475 : (29, 11, 0.0, 312.2769, 3.1429, 0.0175)
1476 : (20, 24, 0.0, 412.2424, 1.6667, 0.0398)
1477 : (20, 20, 0.0, 342.9247, 1.9, 0.0158)
1478 : (10, 30, 0.0212, 612.8033, 1.1111, 0.025)
1479 : (30, 10, 0.0046, 510.3514, 3.2222, 0.0244)
1480 : (21, 20, 0.0124, 485.1958, 1.9, 0.0194)
1481 : (19, 21, 0.0, 386.511, 2.1111, 0.0105)
1482 : (3, 38, 0.0, 289.888, 1.0, 0.0171)
1483 : (37, 3, 0.0, 256.8723, 10.6667, 0.0264)
1484 : (19, 18, 0.0, 637.7753, 1.7778, 0.0245)
1485 : (18, 19, 0.0, 351.7334, 2.0, 0.0112)
1486 : (9, 16, 0.0, 226.8505, 1.125, 0.0162)
1487 : (16, 9, 0.0, 272.2592, 2.1429, 0.0155)
1488 : (16, 24, 0.0, 450.9364, 1.6667, 0.0202)
1489 : (24, 16, 0.0, 253.0685, 2.6667, 0.0168)
1490 : (13, 5, 0.0078, 585.6386, 2.75, 0.0383)
1491 : (5, 13, 0.0, 122.1917, 1.25, 0.0087)
1492 : (27, 13, 0.0129, 561.4005, 2.7, 0.0444)
1493 : (13, 27, 0.0, 231.7238, 1.3333, 0.0139)
1494 : (19, 21, 0.0044, 493.3371, 1.5556, 0.0287)
1495 : (21, 19, 0.0, 315.9305, 2.1, 0.0144)
1496 : (23, 19, 0.0053, 421.2388, 1.9091, 0.0266)
1497 : (17, 23, 0.0, 336.957, 1.4167, 0.0205)
1498 : (12, 15, 0.0, 558.4909, 1.4286, 0.0205)
1499 : (15, 12, 0.0, 267.319, 2.1429, 0.0152)
1500 : (29, 12, 0.0, 492.6915, 4.1429, 0.0304)
1501 : (11, 29, 0.0, 311.5499, 1.6, 0.0154)
1502 : (17, 25, 0.0, 447.7668, 1.7, 0.026)
1503 : (23, 17, 0.0, 295.3559, 1.8, 0.0146)
1504 : (14, 26, 0.0, 384.6795, 1.4, 0.0354)
1505 : (26, 14, 0.0, 266.4427, 2.4, 0.0198)
1506 : (21, 20, 0.0, 469.1393, 1.8182, 0.02)
1507 : (19, 21, 0.0, 251.5604, 1.9, 0.0173)
1508 : (21, 22, 0.0, 298.3965, 1.9091, 0.0451)
1509 : (19, 21, 0.0105, 295.418, 2.0, 0.0245)
1510 : (21, 14, 0.0059, 661.4313, 2.7143, 0.0379)
1511 : (14, 21, 0.0, 352.4542, 1.75, 0.01)
1512 : (19, 21, 0.0, 494.9587, 1.5, 0.0188)
1513 : (21, 19, 0.0, 318.3433, 1.6154, 0.0131)
1514 : (11, 30, 0.0, 336.0712, 1.1, 0.0276)
1515 : (29, 11, 0.0, 517.4692, 2.6, 0.0288)
1516 : (21, 19, 0.0, 419.1684, 1.5833, 0.0296)
1517 : (19, 21, 0.0, 320.4536, 1.4615, 0.0165)
1518 : (20, 20, 0.0, 450.4691, 1.8182, 0.0274)
1519 : (20, 20, 0.0, 261.5342, 1.6364, 0.023)
1520 : (17, 23, 0.0061, 438.6488, 1.8889, 0.0246)
1521 : (23, 17, 0.0, 220.4618, 2.5, 0.0167)
1522 : (18, 22, 0.0, 494.6679, 2.0, 0.0303)
1523 : (22, 18, 0.0, 300.4477, 2.2222, 0.0183)
1524 : (18, 22, 0.0, 354.0945, 1.5, 0.0391)
1525 : (22, 18, 0.0, 224.0171, 2.0, 0.0167)
1526 : (13, 25, 0.0, 472.1342, 1.3333, 0.019)
1527 : (25, 14, 0.0, 259.0814, 2.5, 0.0187)
1528 : (19, 21, 0.0067, 745.6808, 1.4, 0.0405)
1529 : (21, 21, 0.0, 157.914, 1.75, 0.0197)
1530 : (13, 27, 0.0, 433.4367, 1.8571, 0.0359)
1531 : (27, 14, 0.005, 308.9887, 4.3333, 0.0253)
1532 : (7, 34, 0.0, 446.4498, 1.0, 0.0156)
1533 : (33, 7, 0.0, 250.7473, 3.8571, 0.0168)
1534 : (13, 23, 0.0087, 487.7012, 1.625, 0.019)
1535 : (22, 13, 0.0, 344.9852, 3.0, 0.014)
1536 : (35, 5, 0.0032, 463.3835, 6.75, 0.0265)
1537 : (5, 35, 0.0, 281.2025, 1.25, 0.0158)
1538 : (14, 15, 0.041, 534.3211, 1.5556, 0.0334)
1539 : (15, 14, 0.0, 306.7675, 1.4444, 0.0121)
1540 : (13, 27, 0.0, 381.4198, 1.1818, 0.0405)
1541 : (27, 13, 0.0033, 581.582, 2.3636, 0.0397)
1542 : (24, 16, 0.0, 482.5497, 2.3, 0.048)
1543 : (16, 24, 0.0, 166.8907, 1.4545, 0.0194)
1544 : (27, 13, 0.0, 490.8007, 3.25, 0.0328)
1545 : (13, 27, 0.0, 305.7655, 1.4444, 0.0296)
1546 : (21, 19, 0.0, 482.9047, 1.7273, 0.0326)
1547 : (19, 21, 0.0, 292.498, 1.5833, 0.027)
1548 : (17, 23, 0.008, 482.3316, 1.6, 0.0361)
1549 : (23, 17, 0.0, 342.5144, 2.0909, 0.0216)
1550 : (24, 16, 0.0, 520.189, 2.1818, 0.0291)
1551 : (16, 24, 0.0078, 341.5336, 1.5, 0.0144)
1552 : (8, 10, 0.0, 581.9473, 1.25, 0.0187)
1553 : (10, 8, 0.0, 305.7264, 2.0, 0.0117)
1554 : (22, 18, 0.0, 447.1954, 1.75, 0.043)
1555 : (18, 22, 0.0, 266.1023, 1.5, 0.0309)
1556 : (14, 26, 0.0, 514.1125, 1.2727, 0.0246)
1557 : (26, 14, 0.0, 384.7278, 2.5, 0.0246)
1558 : (18, 23, 0.0042, 567.9987, 1.4167, 0.0583)
1559 : (22, 18, 0.0, 220.6173, 1.8333, 0.0202)
1560 : (7, 34, 0.0, 274.0964, 1.2, 0.0276)
1561 : (33, 7, 0.0, 350.2614, 6.6, 0.0376)
1562 : (24, 16, 0.0042, 578.1634, 2.2222, 0.0362)
1563 : (16, 24, 0.0, 288.8561, 1.6, 0.0222)
1564 : (20, 22, 0.0178, 340.6739, 1.7, 0.0312)
1565 : (20, 20, 0.0, 299.3065, 2.0, 0.0163)
1566 : (24, 17, 0.0, 391.0648, 2.0, 0.0669)
1567 : (16, 24, 0.0, 348.2245, 1.5, 0.0277)
1568 : (17, 10, 0.0, 511.4142, 2.6, 0.0298)
1569 : (10, 17, 0.0, 306.4978, 1.6667, 0.0114)
1570 : (21, 19, 0.0, 502.0219, 1.9091, 0.0303)
1571 : (19, 21, 0.0, 177.4969, 1.6364, 0.0135)
1572 : (16, 24, 0.0076, 474.1223, 1.3333, 0.0271)
1573 : (24, 16, 0.0, 275.3688, 2.0, 0.02)
1574 : (17, 17, 0.0074, 488.714, 1.8889, 0.0252)
1575 : (16, 17, 0.0, 184.5878, 1.875, 0.0073)
1576 : (15, 25, 0.0349, 594.1742, 1.5, 0.0289)
1577 : (25, 15, 0.0, 326.9652, 2.3, 0.0396)
1578 : (19, 9, 0.0, 601.1258, 2.3333, 0.0518)
1579 : (9, 19, 0.0, 177.8573, 1.5, 0.014)
1580 : (14, 22, 0.0044, 490.3336, 1.4444, 0.0312)
1581 : (22, 14, 0.0062, 310.8499, 2.2, 0.0121)
1582 : (17, 23, 0.0, 461.8936, 1.4545, 0.0211)
1583 : (23, 17, 0.0, 250.7303, 2.0909, 0.0138)
1584 : (14, 27, 0.0156, 682.5941, 1.75, 0.0272)
1585 : (26, 14, 0.0, 366.9483, 3.0, 0.0323)
1586 : (26, 14, 0.0, 464.2115, 3.5714, 0.0228)
1587 : (14, 26, 0.0, 326.8105, 2.0, 0.0135)
1588 : (19, 21, 0.0072, 532.9423, 1.4545, 0.0316)
1589 : (21, 19, 0.0, 299.374, 1.9091, 0.0186)
1590 : (23, 17, 0.0165, 489.8539, 1.6154, 0.0439)
1591 : (17, 23, 0.0, 196.8342, 1.3077, 0.0287)
1592 : (21, 20, 0.0, 556.6236, 1.8182, 0.0182)
1593 : (19, 21, 0.0, 354.5682, 1.7273, 0.0209)
1594 : (18, 22, 0.0, 453.9796, 1.8889, 0.027)
1595 : (22, 18, 0.0, 335.3966, 2.2, 0.019)
1596 : (12, 30, 0.0, 277.4975, 1.5, 0.0292)
1597 : (28, 12, 0.0, 400.8837, 3.125, 0.0129)
1598 : (17, 23, 0.0, 357.102, 1.5455, 0.0383)
1599 : (23, 17, 0.0, 310.4538, 2.2, 0.0154)
1600 : (13, 27, 0.0082, 439.125, 1.375, 0.0322)
1601 : (27, 14, 0.0145, 448.8917, 2.7, 0.0398)
1602 : (30, 11, 0.0, 439.1288, 2.9, 0.0439)
1603 : (10, 30, 0.0, 329.0679, 1.1111, 0.0162)
1604 : (23, 18, 0.0224, 524.3553, 1.6667, 0.0829)
1605 : (17, 23, 0.0, 437.9836, 1.4167, 0.0398)
1606 : (12, 28, 0.0, 522.265, 1.375, 0.0425)
1607 : (28, 12, 0.0, 579.584, 3.1111, 0.0365)
1608 : (22, 18, 0.0, 404.8794, 1.6154, 0.0531)
1609 : (18, 22, 0.0, 533.1921, 1.3846, 0.0359)
1610 : (27, 13, 0.0, 475.4516, 3.25, 0.0672)
1611 : (13, 27, 0.0, 424.0251, 1.625, 0.0247)
1612 : (22, 18, 0.0, 452.1195, 2.2222, 0.0628)
1613 : (18, 22, 0.0, 440.2469, 2.0, 0.036)
1614 : (18, 22, 0.0198, 460.5397, 1.6364, 0.0421)
1615 : (22, 18, 0.0171, 406.2476, 1.9091, 0.0332)
1616 : (19, 21, 0.0141, 542.3043, 1.5833, 0.0567)
1617 : (21, 19, 0.0, 395.6547, 1.6667, 0.0313)
1618 : (21, 19, 0.0126, 554.5928, 1.7273, 0.0443)
1619 : (19, 21, 0.0129, 409.8259, 1.5833, 0.0348)
1620 : (29, 14, 0.0093, 459.0074, 2.2727, 0.0892)
1621 : (11, 29, 0.0, 301.3698, 1.1, 0.0259)
1622 : (7, 11, 0.0371, 472.6587, 1.75, 0.0381)
1623 : (11, 7, 0.0114, 388.6556, 2.5, 0.0212)
1624 : (20, 20, 0.0407, 466.6406, 2.375, 0.0203)
1625 : (20, 20, 0.0, 446.0021, 2.2222, 0.0339)
1626 : (13, 27, 0.0, 390.5692, 1.3, 0.0757)
1627 : (27, 13, 0.0497, 685.8229, 2.8889, 0.05)
1628 : (23, 17, 0.0, 436.2571, 2.3, 0.0721)
1629 : (17, 23, 0.0, 461.4, 1.6, 0.0378)
1630 : (22, 18, 0.0178, 447.0343, 1.9, 0.0434)
1631 : (18, 22, 0.102, 542.1451, 1.8, 0.0505)
1632 : (26, 14, 0.0315, 524.535, 1.75, 0.0365)
1633 : (14, 26, 0.0, 332.0067, 1.1667, 0.0418)
1634 : (16, 24, 0.0129, 518.1421, 1.5, 0.0696)
1635 : (24, 16, 0.0, 411.3636, 3.4286, 0.0403)
1636 : (9, 31, 0.0212, 412.1402, 1.0, 0.0438)
1637 : (31, 10, 0.0125, 466.8264, 3.4444, 0.0696)
1638 : (16, 25, 0.0364, 580.6522, 1.4545, 0.0278)
1639 : (24, 16, 0.0, 382.0165, 1.7273, 0.0433)
1640 : (24, 16, 0.0114, 340.2856, 2.2, 0.0249)
1641 : (16, 24, 0.0148, 535.5478, 1.6, 0.019)
1642 : (26, 15, 0.0051, 511.9664, 3.7143, 0.1006)
1643 : (14, 26, 0.0, 390.7149, 1.8571, 0.023)
1644 : (16, 24, 0.0059, 482.9812, 2.1667, 0.0395)
1645 : (24, 16, 0.0046, 460.7159, 3.4286, 0.035)
1646 : (15, 25, 0.0156, 553.6625, 1.375, 0.0437)
1647 : (25, 15, 0.0, 516.815, 2.7778, 0.0378)
1648 : (14, 26, 0.0, 382.0977, 1.4, 0.0316)
1649 : (26, 15, 0.0, 373.1995, 1.9091, 0.0477)
1650 : (17, 23, 0.0202, 402.634, 1.5455, 0.0494)
1651 : (23, 17, 0.0049, 416.0904, 2.2, 0.037)
1652 : (17, 23, 0.0057, 568.0947, 1.4167, 0.0806)
1653 : (23, 17, 0.0055, 379.5611, 1.8333, 0.0362)
1654 : (17, 23, 0.0362, 542.2587, 1.875, 0.0833)
1655 : (23, 17, 0.0, 349.9051, 2.875, 0.0294)
1656 : (22, 18, 0.0354, 529.0563, 2.0, 0.0477)
1657 : (18, 25, 0.0, 456.6479, 1.6, 0.026)
1658 : (28, 12, 0.0, 452.8859, 2.7143, 0.0968)
1659 : (12, 28, 0.0102, 479.476, 1.5, 0.032)
1660 : (13, 27, 0.0, 353.1119, 1.4444, 0.0484)
1661 : (27, 13, 0.0, 426.2972, 2.8889, 0.0357)
1662 : (17, 23, 0.0156, 518.5146, 1.5455, 0.0326)
1663 : (23, 17, 0.0666, 520.93, 2.0, 0.0541)
1664 : (18, 22, 0.0, 363.7059, 1.6364, 0.048)
1665 : (22, 18, 0.0, 412.0051, 2.1, 0.0353)
1666 : (16, 24, 0.0, 294.142, 1.6, 0.047)
1667 : (24, 16, 0.0, 367.8865, 2.2, 0.041)
1668 : (8, 32, 0.0, 414.1103, 1.1667, 0.0212)
1669 : (32, 8, 0.033, 393.9435, 4.5714, 0.0838)
1670 : (17, 23, 0.0, 387.1743, 1.4, 0.0245)
1671 : (23, 17, 0.0, 522.3654, 2.0909, 0.0505)
1672 : (22, 18, 0.0268, 447.0097, 1.8182, 0.0646)
1673 : (18, 22, 0.0, 396.3254, 1.6364, 0.031)
1674 : (12, 28, 0.0085, 403.9498, 1.7143, 0.0319)
1675 : (28, 12, 0.0093, 471.3595, 3.2857, 0.0257)
1676 : (18, 22, 0.0, 446.9533, 2.25, 0.022)
1677 : (22, 18, 0.0119, 430.1681, 2.5714, 0.041)
1678 : (10, 30, 0.0, 299.4866, 1.1111, 0.0684)
1679 : (30, 10, 0.0047, 581.1693, 3.0, 0.0553)
1680 : (22, 18, 0.0, 330.5146, 1.9091, 0.0779)
1681 : (18, 22, 0.0, 369.3698, 1.5, 0.0441)
1682 : (10, 16, 0.0218, 371.9948, 2.0, 0.0256)
1683 : (16, 10, 0.0, 550.8752, 3.5, 0.0326)
1684 : (30, 10, 0.0, 652.4341, 9.0, 0.0673)
1685 : (10, 30, 0.0516, 548.0238, 3.3333, 0.0242)
1686 : (2, 3, 0.0, 201.8207, 1.0, 0.0073)
1687 : (3, 2, 0.0, 744.6355, 1.0, 0.0166)
1688 : (19, 21, 0.0, 446.5395, 1.6, 0.0223)
1689 : (21, 19, 0.0, 436.0361, 2.1, 0.0418)
1690 : (11, 29, 0.0, 355.0651, 1.375, 0.0689)
1691 : (29, 11, 0.0381, 596.7382, 3.5, 0.0587)
1692 : (21, 19, 0.0, 507.4866, 2.375, 0.0537)
1693 : (19, 21, 0.0198, 455.0515, 2.1111, 0.0455)
1694 : (18, 22, 0.0445, 692.3313, 1.8, 0.0336)
1695 : (22, 18, 0.0, 413.0436, 2.2222, 0.0339)
1696 : (21, 19, 0.0046, 420.6529, 2.125, 0.0662)
1697 : (19, 21, 0.0, 488.9063, 2.375, 0.0508)
1698 : (24, 16, 0.0, 404.027, 3.0, 0.0707)
1699 : (16, 27, 0.0052, 414.7767, 1.5556, 0.0371)
1700 : (16, 22, 0.0072, 474.0177, 1.6, 0.0408)
1701 : (22, 16, 0.0, 427.4993, 2.0, 0.0248)
1702 : (20, 20, 0.0253, 741.2999, 1.6364, 0.0632)
1703 : (20, 21, 0.0, 294.7816, 1.6667, 0.0527)
1704 : (31, 9, 0.0097, 460.8097, 4.5, 0.0607)
1705 : (9, 31, 0.0, 332.1908, 1.2857, 0.0247)
1706 : (21, 19, 0.0126, 555.9165, 1.75, 0.0582)
1707 : (19, 21, 0.0, 441.7588, 1.5, 0.0311)
1708 : (25, 15, 0.011, 534.8506, 2.2727, 0.0611)
1709 : (15, 28, 0.0, 345.7022, 1.2727, 0.0329)
1710 : (19, 21, 0.0, 314.8322, 1.6, 0.0618)
1711 : (21, 19, 0.0, 408.0444, 2.1, 0.0414)
1712 : (26, 14, 0.0087, 366.4984, 2.4444, 0.0472)
1713 : (14, 26, 0.0, 440.0378, 1.5556, 0.0492)
1714 : (18, 22, 0.0135, 553.8614, 1.6364, 0.0636)
1715 : (22, 18, 0.0194, 589.3591, 2.1, 0.0494)
1716 : (10, 30, 0.0, 197.72, 1.4286, 0.0165)
1717 : (30, 10, 0.0192, 643.2062, 3.2857, 0.0496)
1718 : (16, 24, 0.0, 606.2378, 1.4545, 0.0881)
1719 : (24, 16, 0.0057, 594.1428, 2.3, 0.0423)
1720 : (9, 31, 0.0102, 400.2307, 1.125, 0.0302)
1721 : (31, 9, 0.0135, 356.7452, 3.375, 0.0462)
1722 : (9, 12, 0.0, 528.4817, 1.2857, 0.0293)
1723 : (12, 9, 0.0, 556.5624, 1.5, 0.0255)
1724 : (27, 13, 0.023, 555.5164, 2.8889, 0.0283)
1725 : (13, 27, 0.0085, 433.9039, 1.3, 0.0421)
1726 : (12, 28, 0.0186, 421.3825, 1.2, 0.0753)
1727 : (28, 12, 0.0, 309.1148, 2.7, 0.0476)
1728 : (26, 14, 0.0, 465.3032, 2.3, 0.037)
1729 : (14, 26, 0.0, 272.0933, 1.4, 0.0349)
1730 : (17, 24, 0.0267, 595.9969, 1.5455, 0.0603)
1731 : (23, 17, 0.0, 448.1888, 2.2, 0.0429)
1732 : (12, 28, 0.0, 332.1725, 1.2, 0.0462)
1733 : (28, 13, 0.0, 425.2907, 2.6, 0.0375)
1734 : (16, 26, 0.0371, 589.8433, 1.7778, 0.0653)
1735 : (24, 16, 0.0102, 407.5807, 2.625, 0.0455)
1736 : (24, 16, 0.0, 411.4715, 2.4, 0.0704)
1737 : (16, 25, 0.0132, 496.1753, 1.1, 0.0308)
1738 : (17, 23, 0.0132, 481.2263, 1.4545, 0.0347)
1739 : (23, 17, 0.0, 362.55, 1.9167, 0.0267)
1740 : (15, 25, 0.0283, 420.7273, 1.5556, 0.0374)
1741 : (25, 15, 0.0, 496.1597, 2.5, 0.0369)
1742 : (23, 17, 0.055, 741.2511, 2.1, 0.0444)
1743 : (17, 23, 0.0087, 376.134, 1.5455, 0.0455)
1744 : (22, 19, 0.0343, 597.2558, 1.8333, 0.0367)
1745 : (18, 22, 0.0321, 559.3549, 1.4545, 0.0482)
1746 : (26, 14, 0.0049, 349.0807, 2.2727, 0.0979)
1747 : (14, 26, 0.0, 332.3051, 1.1667, 0.0628)
1748 : (14, 26, 0.0, 333.8498, 1.4, 0.026)
1749 : (26, 14, 0.0106, 487.8478, 2.4444, 0.0574)
1750 : (29, 11, 0.0278, 474.2965, 3.1111, 0.1067)
1751 : (11, 29, 0.0106, 522.53, 1.2222, 0.0363)
1752 : (27, 13, 0.005, 369.9331, 3.7143, 0.0369)
1753 : (13, 27, 0.0, 503.6953, 1.8571, 0.0313)
1754 : (19, 21, 0.0353, 609.9148, 1.8889, 0.0231)
1755 : (21, 19, 0.0, 391.0558, 2.3333, 0.0409)
1756 : (28, 12, 0.0655, 765.8961, 2.625, 0.0689)
1757 : (12, 28, 0.0371, 472.7254, 1.5, 0.046)
1758 : (23, 17, 0.0182, 517.8445, 2.0, 0.0579)
1759 : (17, 23, 0.0, 409.3318, 1.7, 0.0252)
1760 : (18, 10, 0.1036, 726.4512, 2.3333, 0.0479)
1761 : (10, 18, 0.0, 311.3078, 1.6667, 0.0124)
1762 : (14, 27, 0.0, 277.8641, 1.75, 0.0572)
1763 : (26, 14, 0.0049, 485.2084, 3.4286, 0.0436)
1764 : (16, 24, 0.0, 401.9001, 1.4545, 0.0688)
1765 : (24, 16, 0.0, 366.7572, 2.2, 0.0476)
1766 : (5, 3, 0.0424, 587.1015, 4.0, 0.0376)
1767 : (3, 5, 0.033, 903.3293, 1.5, 0.0062)
1768 : (30, 5, 0.0568, 900.8747, 3.25, 0.0737)
1769 : (5, 30, 0.0, 546.4427, 1.25, 0.0106)
1770 : (10, 18, 0.0, 307.9504, 2.0, 0.0273)
1771 : (18, 10, 0.0, 509.0051, 2.4, 0.0336)
1772 : (16, 24, 0.016, 452.7676, 2.2857, 0.0519)
1773 : (24, 16, 0.0, 400.9349, 2.0, 0.0471)
1774 : (25, 15, 0.0313, 546.8149, 2.0909, 0.0646)
1775 : (15, 25, 0.0, 336.377, 1.25, 0.0228)
1776 : (16, 24, 0.0, 391.5472, 1.3636, 0.0523)
1777 : (24, 16, 0.0315, 496.3326, 2.1818, 0.05)
1778 : (28, 12, 0.0108, 535.381, 2.5, 0.0374)
1779 : (12, 28, 0.0, 285.6393, 1.2, 0.0505)
1780 : (21, 19, 0.0, 397.7714, 2.1, 0.0681)
1781 : (19, 21, 0.0202, 584.1434, 2.0, 0.0391)
1782 : (19, 21, 0.0171, 405.3571, 1.8, 0.0549)
1783 : (21, 19, 0.0, 509.2561, 2.1, 0.0356)
1784 : (23, 17, 0.0119, 502.7502, 1.8333, 0.0596)
1785 : (17, 23, 0.0, 365.1705, 1.3077, 0.0291)
1786 : (13, 27, 0.0516, 583.5417, 1.3, 0.0632)
1787 : (27, 13, 0.0, 330.8304, 2.7778, 0.0333)
1788 : (25, 15, 0.0266, 566.4838, 2.7778, 0.0474)
1789 : (15, 25, 0.0, 595.5759, 1.4444, 0.0271)
1790 : (28, 12, 0.0358, 578.8847, 2.7, 0.0542)
1791 : (12, 28, 0.0198, 690.032, 1.2, 0.0362)
1792 : (31, 9, 0.0, 457.2604, 4.4286, 0.0422)
1793 : (9, 31, 0.0, 393.9091, 1.3333, 0.0254)
1794 : (3, 28, 0.0258, 538.6368, 1.0, 0.031)
1795 : (28, 3, 0.0707, 601.2713, 8.0, 0.0452)
1796 : (24, 16, 0.0178, 536.2579, 2.6667, 0.0697)
1797 : (16, 24, 0.0, 596.2039, 1.6667, 0.0468)
1798 : (20, 20, 0.0, 525.635, 2.1111, 0.0684)
1799 : (20, 20, 0.0796, 297.0934, 2.2222, 0.0235)
1800 : (20, 20, 0.0, 420.6518, 2.0, 0.0362)
1801 : (20, 20, 0.0, 253.6943, 2.0, 0.0232)
1802 : (21, 19, 0.0, 426.1749, 2.2222, 0.0401)
1803 : (19, 21, 0.0061, 398.0159, 2.1111, 0.054)
1804 : (20, 20, 0.0061, 343.2931, 2.0, 0.0269)
1805 : (20, 20, 0.0, 238.0693, 1.9, 0.0245)
1806 : (24, 16, 0.0052, 418.8571, 1.8462, 0.0225)
1807 : (16, 24, 0.0, 256.1495, 1.25, 0.0352)
1808 : (18, 21, 0.0, 410.2112, 1.5455, 0.029)
1809 : (21, 18, 0.0, 313.0276, 1.75, 0.0473)
1810 : (10, 20, 0.0082, 371.0131, 2.0, 0.0245)
1811 : (20, 11, 0.0062, 342.7332, 3.8, 0.0424)
1812 : (21, 18, 0.0039, 417.6116, 2.25, 0.0316)
1813 : (18, 21, 0.0, 334.9587, 2.25, 0.021)
1814 : (12, 6, 0.0, 300.3703, 2.5, 0.0382)
1815 : (6, 12, 0.0129, 361.5016, 1.5, 0.0328)
1816 : (11, 29, 0.0, 348.5033, 1.4286, 0.0281)
1817 : (29, 11, 0.0, 315.3132, 4.1429, 0.0387)
1818 : (24, 16, 0.0, 374.5779, 2.1818, 0.0421)
1819 : (16, 28, 0.0, 189.1643, 1.3636, 0.0451)
1820 : (20, 20, 0.0, 412.8195, 1.6667, 0.0371)
1821 : (20, 20, 0.0, 387.5894, 1.4167, 0.0303)
1822 : (18, 22, 0.0138, 523.9051, 1.7778, 0.0258)
1823 : (22, 18, 0.0, 429.5379, 2.2, 0.0686)
1824 : (17, 10, 0.0, 388.0873, 2.0, 0.0336)
1825 : (10, 17, 0.0, 352.2874, 1.25, 0.0366)
1826 : (14, 26, 0.0, 386.3812, 1.625, 0.0275)
1827 : (26, 14, 0.0, 304.1945, 2.8889, 0.0515)
1828 : (24, 16, 0.0, 466.5069, 2.4444, 0.0288)
1829 : (16, 24, 0.0, 288.8245, 1.6, 0.0459)
1830 : (24, 16, 0.0, 404.3191, 2.0909, 0.0352)
1831 : (16, 24, 0.0, 214.6393, 1.3333, 0.0358)
1832 : (11, 8, 0.0, 494.175, 2.0, 0.0384)
1833 : (8, 11, 0.0, 332.8361, 1.6, 0.0288)
1834 : (8, 32, 0.0, 353.5697, 1.1429, 0.0322)
1835 : (32, 8, 0.0, 480.0547, 3.0, 0.0451)
1836 : (14, 26, 0.0, 241.113, 1.625, 0.0317)
1837 : (26, 14, 0.0, 298.4388, 2.8889, 0.0512)
1838 : (13, 27, 0.0087, 492.6676, 1.3, 0.0343)
1839 : (27, 13, 0.0, 289.6651, 2.4, 0.0819)
1840 : (23, 17, 0.0, 371.049, 2.3, 0.0351)
1841 : (17, 23, 0.0, 350.8886, 1.7778, 0.0461)
1842 : (17, 23, 0.0, 350.5329, 1.4545, 0.0466)
1843 : (23, 17, 0.0, 308.423, 2.0909, 0.0465)
1844 : (15, 25, 0.0, 349.9939, 1.6667, 0.0261)
1845 : (25, 15, 0.0052, 410.9926, 2.5556, 0.0484)
1846 : (15, 25, 0.0, 450.9254, 1.6667, 0.0215)
1847 : (25, 15, 0.0, 357.9823, 3.0, 0.0233)
1848 : (17, 12, 0.0066, 479.137, 2.125, 0.0199)
1849 : (12, 17, 0.0, 373.0636, 1.4286, 0.0269)
1850 : (16, 18, 0.0112, 392.8238, 1.25, 0.0326)
1851 : (18, 16, 0.0, 433.3705, 1.5, 0.0453)
1852 : (14, 26, 0.0, 371.0993, 1.4444, 0.0266)
1853 : (26, 14, 0.0, 348.6432, 2.6, 0.0542)
1854 : (20, 20, 0.0, 410.8274, 2.2222, 0.0275)
1855 : (20, 20, 0.0, 331.8146, 2.1111, 0.0508)
1856 : (18, 22, 0.0055, 434.5174, 1.5455, 0.0267)
1857 : (22, 18, 0.0, 342.9746, 1.8333, 0.0228)
1858 : (19, 21, 0.0, 398.2699, 1.7273, 0.0298)
1859 : (21, 19, 0.0, 333.911, 1.9, 0.0547)
1860 : (12, 28, 0.0, 412.7072, 1.3333, 0.022)
1861 : (28, 12, 0.0, 368.8736, 2.625, 0.0461)
1862 : (19, 19, 0.0, 373.3506, 1.7273, 0.0289)
1863 : (19, 19, 0.0, 335.1773, 1.6364, 0.0373)
1864 : (24, 16, 0.0, 583.8863, 1.8182, 0.0353)
1865 : (16, 24, 0.0, 343.2115, 1.4545, 0.0528)
1866 : (10, 10, 0.0, 253.5806, 1.5, 0.0308)
1867 : (10, 10, 0.0, 198.2711, 1.6667, 0.0366)
1868 : (21, 19, 0.0049, 497.5518, 1.7273, 0.031)
1869 : (19, 21, 0.0, 266.5677, 1.5833, 0.0527)
1870 : (18, 22, 0.0, 331.3894, 1.5455, 0.0358)
1871 : (22, 18, 0.0, 235.4543, 2.0, 0.0354)
1872 : (14, 16, 0.0051, 487.9344, 1.625, 0.0247)
1873 : (16, 14, 0.0069, 358.3207, 2.0, 0.0383)
1874 : (15, 25, 0.0, 420.783, 1.4, 0.0238)
1875 : (25, 15, 0.0, 350.7188, 2.2727, 0.0446)
1876 : (21, 19, 0.0, 447.4704, 1.75, 0.0393)
1877 : (19, 21, 0.0, 306.1584, 1.6364, 0.0585)
1878 : (1, 3, 0.0, 7.8193, 1.0, 0.0022)
1879 : (3, 1, 0.0, 308.864, 0.0, 0.0368)
1880 : (21, 19, 0.0, 519.5129, 2.3333, 0.0323)
1881 : (19, 21, 0.0062, 415.2136, 2.25, 0.0492)
1882 : (19, 19, 0.0165, 487.3306, 1.4615, 0.0372)
1883 : (19, 19, 0.0, 369.9154, 1.5, 0.0444)
1884 : (23, 17, 0.0053, 376.0313, 1.6154, 0.0348)
1885 : (17, 23, 0.0, 336.0629, 1.2143, 0.0598)
1886 : (15, 25, 0.0, 446.4031, 1.6667, 0.022)
1887 : (25, 16, 0.0, 425.436, 2.2222, 0.0427)
1888 : (9, 16, 0.0, 546.8309, 1.5, 0.0193)
1889 : (16, 9, 0.0085, 324.4573, 2.3333, 0.0459)
1890 : (23, 17, 0.0, 352.5184, 2.0909, 0.0294)
1891 : (17, 23, 0.0, 254.9406, 1.6, 0.032)
1892 : (18, 22, 0.0, 457.5522, 1.6364, 0.0409)
1893 : (22, 18, 0.0, 386.1405, 1.9, 0.0266)
1894 : (24, 16, 0.0036, 359.0122, 2.1818, 0.0384)
1895 : (16, 24, 0.0, 323.1497, 1.3636, 0.0533)
1896 : (16, 24, 0.0, 477.1192, 1.4545, 0.0423)
1897 : (24, 16, 0.0, 457.2141, 1.8182, 0.0398)
1898 : (19, 21, 0.0069, 433.8657, 1.4615, 0.0271)
1899 : (21, 19, 0.0061, 399.9387, 1.6667, 0.0324)
1900 : (21, 19, 0.004, 480.7743, 2.1111, 0.0384)
1901 : (19, 21, 0.0, 275.889, 2.1111, 0.0476)
1902 : (24, 16, 0.0, 425.1079, 1.9, 0.0293)
1903 : (16, 24, 0.0, 301.0917, 1.6, 0.0491)
1904 : (21, 19, 0.0, 379.8033, 2.1111, 0.028)
1905 : (19, 21, 0.0, 235.6427, 1.9, 0.0244)
1906 : (18, 22, 0.0053, 420.4267, 1.7, 0.0352)
1907 : (22, 18, 0.0, 301.7963, 2.0, 0.0504)
1908 : (24, 16, 0.0, 471.7242, 1.9091, 0.0291)
1909 : (16, 24, 0.0071, 273.7003, 1.3333, 0.0176)
1910 : (18, 22, 0.0066, 515.9577, 1.6364, 0.0288)
1911 : (22, 18, 0.0, 277.6779, 2.1, 0.0565)
1912 : (14, 26, 0.0057, 325.5918, 1.1818, 0.0285)
1913 : (26, 14, 0.0, 297.8145, 2.1667, 0.0417)
1914 : (15, 7, 0.0, 445.6544, 2.2, 0.04)
1915 : (7, 15, 0.0, 416.0977, 1.1667, 0.0235)
1916 : (15, 25, 0.0, 327.6422, 1.5, 0.0276)
1917 : (25, 15, 0.0, 346.3411, 2.3, 0.0416)
1918 : (19, 23, 0.004, 308.039, 1.2143, 0.0411)
1919 : (21, 26, 0.0, 261.9667, 1.6154, 0.0577)
1920 : (15, 25, 0.0, 286.7138, 1.5, 0.0386)
1921 : (25, 15, 0.0, 328.4676, 2.3333, 0.0443)
1922 : (17, 23, 0.0, 414.0621, 1.2308, 0.0316)
1923 : (23, 17, 0.0, 366.3957, 1.7692, 0.0299)
1924 : (24, 16, 0.0, 428.4451, 2.1818, 0.0367)
1925 : (16, 24, 0.0, 224.012, 1.5, 0.0405)
1926 : (24, 16, 0.0067, 391.1491, 1.8462, 0.0462)
1927 : (16, 24, 0.0, 455.0796, 1.1667, 0.0368)
1928 : (20, 20, 0.0, 415.1166, 1.6, 0.0279)
1929 : (20, 20, 0.0, 479.2873, 1.8182, 0.046)
1930 : (20, 20, 0.0245, 543.9918, 1.8, 0.0304)
1931 : (20, 20, 0.0, 310.3967, 2.0, 0.0493)
1932 : (24, 16, 0.0087, 437.2188, 1.9167, 0.0275)
1933 : (16, 24, 0.0, 313.4431, 1.2308, 0.0373)
1934 : (24, 17, 0.0085, 397.4073, 1.9167, 0.0315)
1935 : (16, 24, 0.0, 376.7333, 1.2308, 0.0414)
1936 : (13, 27, 0.0065, 417.599, 1.3, 0.0357)
1937 : (27, 13, 0.0, 325.8271, 2.4, 0.0353)
1938 : (22, 18, 0.0, 377.3262, 2.0, 0.0351)
1939 : (18, 22, 0.0, 348.1424, 1.6, 0.0486)
1940 : (13, 27, 0.0069, 503.3702, 1.3, 0.0274)
1941 : (27, 13, 0.0, 250.6362, 2.6, 0.0289)
1942 : (9, 31, 0.0, 397.7279, 1.125, 0.0269)
1943 : (31, 9, 0.0, 445.4211, 3.75, 0.0559)
1944 : (9, 6, 0.0, 502.0004, 1.8, 0.0184)
1945 : (6, 9, 0.0, 243.9136, 1.25, 0.0195)
1946 : (24, 16, 0.0046, 514.8617, 2.3, 0.0299)
1947 : (16, 24, 0.0, 360.597, 1.4545, 0.0333)
1948 : (14, 26, 0.0129, 503.4545, 1.4, 0.0325)
1949 : (26, 14, 0.0, 419.6591, 2.7778, 0.0547)
1950 : (26, 14, 0.0, 412.3524, 2.6, 0.0362)
1951 : (14, 26, 0.0, 305.9055, 1.3333, 0.043)
1952 : (15, 19, 0.0076, 317.8775, 1.6667, 0.0233)
1953 : (19, 15, 0.0, 254.1024, 2.25, 0.03)
1954 : (25, 15, 0.0, 508.3732, 2.0, 0.0438)
1955 : (15, 25, 0.0, 247.345, 1.25, 0.038)
1956 : (13, 27, 0.0071, 394.4695, 1.3, 0.0219)
1957 : (27, 13, 0.0, 177.2742, 2.6667, 0.0282)
1958 : (16, 24, 0.0055, 442.4621, 1.4545, 0.0234)
1959 : (24, 16, 0.0, 358.4226, 2.0, 0.0445)
1960 : (18, 22, 0.0, 404.3642, 1.6, 0.0326)
1961 : (22, 18, 0.0, 384.8655, 2.0, 0.0584)
1962 : (18, 22, 0.0, 347.3003, 1.4545, 0.0342)
1963 : (22, 18, 0.0058, 388.5254, 2.0, 0.0464)
1964 : (22, 18, 0.0088, 384.3422, 1.4, 0.034)
1965 : (18, 22, 0.0065, 372.1253, 1.2, 0.0433)
1966 : (9, 31, 0.0, 334.5569, 1.125, 0.0286)
1967 : (31, 9, 0.0, 396.9047, 3.625, 0.0508)
1968 : (25, 15, 0.0, 347.2525, 2.25, 0.0357)
1969 : (15, 25, 0.0, 284.1923, 1.6667, 0.0221)
1970 : (29, 11, 0.0093, 391.1322, 3.2222, 0.036)
1971 : (11, 29, 0.0, 375.3518, 1.125, 0.0429)
1972 : (14, 26, 0.0223, 477.051, 1.5556, 0.0202)
1973 : (26, 14, 0.0, 396.6835, 2.125, 0.0395)
1974 : (22, 18, 0.0, 323.0843, 1.75, 0.0364)
1975 : (18, 22, 0.0, 228.761, 1.5, 0.0357)
1976 : (23, 17, 0.0, 504.3688, 1.9167, 0.0291)
1977 : (17, 23, 0.0, 462.576, 1.4545, 0.0367)
1978 : (27, 13, 0.0046, 490.5963, 2.4545, 0.0374)
1979 : (13, 27, 0.0096, 354.9803, 1.2, 0.0169)
1980 : (18, 22, 0.005, 417.7785, 1.3846, 0.0367)
1981 : (22, 18, 0.0, 427.8135, 1.5385, 0.0462)
1982 : (23, 17, 0.0, 389.0547, 2.5556, 0.0402)
1983 : (17, 23, 0.0, 245.7038, 1.625, 0.0292)
1984 : (13, 27, 0.0, 330.8958, 1.3, 0.0254)
1985 : (27, 14, 0.0, 293.4567, 2.3636, 0.0512)
1986 : (16, 24, 0.0186, 529.2358, 1.3636, 0.0227)
1987 : (24, 16, 0.0055, 303.7523, 2.0, 0.022)
1988 : (22, 18, 0.0, 544.108, 1.75, 0.0326)
1989 : (18, 22, 0.0, 449.6719, 1.5, 0.0371)
1990 : (18, 22, 0.0, 399.9514, 1.5455, 0.0289)
1991 : (22, 18, 0.0, 407.4213, 2.0, 0.0451)
1992 : (23, 20, 0.0031, 395.1781, 2.0, 0.0511)
1993 : (17, 23, 0.0, 443.4339, 2.125, 0.0426)
1994 : (21, 12, 0.0042, 340.3602, 2.0, 0.0363)
1995 : (12, 21, 0.0, 207.92, 1.2, 0.0274)
1996 : (6, 0, 0.0, 417.0026, 0.0, 0.0357)
1997 : (0, 6, 0.0, 369.5536, 0.0, 0.0129)
1998 : (12, 12, 0.0, 379.6411, 2.5, 0.0433)
1999 : (11, 12, 0.0, 327.1983, 2.75, 0.0366)
*********************************************************
gen	evals	avg    	std     	min 	max
0  	1000 	2.85552	0.212438	1.05	3  