number of estimated clusters : 7
index:
[1, 3, 5, 7, 9, 11, 15, 19, 21, 23, 25, 27, 29, 33, 35, 39, 41, 43, 45, 49, 51, 53, 55, 63, 65, 67, 69, 71, 73, 75, 77, 79, 81, 83, 85, 87, 89, 91, 93, 97]
fitness:
[(0.0,), (2.0,), (2.0,), (2.0,), (2.0,), (1.0,), (2.0,), (2.0,), (2.0,), (1.0,), (2.0,), (1.0,), (2.0,), (0.0,), (1.0,), (2.0,), (2.0,), (2.0,), (0.0,), (2.0,), (2.0,), (2.0,), (1.0,), (2.0,), (1.0,), (0.0,), (1.0,), (0.0,), (1.0,), (1.0,), (2.0,), (2.0,), (2.0,), (1.0,), (2.0,), (1.0,), (2.0,), (2.0,), (0.0,), (2.0,)]
mean fitness:
[1.425]
center: 
[  3.49274492e+00   2.05695105e+00   5.16884705e+02   6.09345825e+02
   3.17763214e+01   5.66454199e+03   2.41749992e+01   1.12500000e+00
   4.60209608e-01]
members:
[[  3.95000005e+00   2.22000003e+00   7.57000000e+02   5.89000000e+02
    2.84300003e+01   5.65700000e+03   1.00000000e+01   0.00000000e+00
    0.00000000e+00]
 [  3.95000005e+00   2.22000003e+00   7.57000000e+02   6.92562012e+02
    2.84300003e+01   5.65700000e+03   1.00000000e+01   0.00000000e+00
    0.00000000e+00]
 [  3.95000005e+00   2.22000003e+00   7.57000000e+02   5.89000000e+02
    2.84300003e+01   5.65700000e+03   7.30000000e+01   1.50000000e+01
    6.67999983e+00]
 [  3.72000003e+00   1.45000005e+00   3.80000000e+02   5.03000000e+02
    3.72708740e+01   5.65700000e+03   1.00000000e+00   0.00000000e+00
    0.00000000e+00]
 [  3.95000005e+00   2.22000003e+00   7.57000000e+02   5.89000000e+02
    2.84300003e+01   5.65700000e+03   1.00000000e+01   0.00000000e+00
    0.00000000e+00]
 [  4.32309723e+00   2.49000001e+00   7.93000000e+02   8.73000000e+02
    3.72708740e+01   5.95866504e+03   1.00000000e+00   0.00000000e+00
    0.00000000e+00]
 [  3.60000014e-01   2.56999993e+00   5.44866180e+00   8.73000000e+02
    3.44700012e+01   5.65700000e+03   1.00000000e+01   0.00000000e+00
    0.00000000e+00]
 [  3.72000003e+00   1.45000005e+00   3.97865387e+02   5.03000000e+02
    3.72708740e+01   5.65700000e+03   1.00000000e+01   0.00000000e+00
    5.43119550e-01]
 [  3.72000003e+00   1.45000005e+00   3.10000000e+01   5.89000000e+02
    2.84300003e+01   5.65700000e+03   7.30000000e+01   0.00000000e+00
    0.00000000e+00]
 [  3.83603573e+00   2.36445618e+00   3.80000000e+02   5.03000000e+02
    3.72708740e+01   5.65700000e+03   1.00000000e+01   0.00000000e+00
    0.00000000e+00]
 [  3.72000003e+00   1.45000005e+00   3.80000000e+02   5.03000000e+02
    2.84300003e+01   5.65700000e+03   7.30000000e+01   0.00000000e+00
    0.00000000e+00]
 [  3.72000003e+00   1.45000005e+00   3.80000000e+02   5.03000000e+02
    3.72708740e+01   5.65700000e+03   1.00000000e+00   0.00000000e+00
    0.00000000e+00]
 [  3.95000005e+00   2.22000003e+00   7.57000000e+02   5.89000000e+02
    2.84300003e+01   5.65700000e+03   1.00000000e+01   0.00000000e+00
    0.00000000e+00]
 [  3.95000005e+00   2.22000003e+00   7.57000000e+02   5.89000000e+02
    2.84300003e+01   5.65700000e+03   7.30000000e+01   1.50000000e+01
    6.67999983e+00]
 [  3.95000005e+00   2.49000001e+00   3.10000000e+01   5.89000000e+02
    2.84300003e+01   5.65700000e+03   7.30000000e+01   0.00000000e+00
    0.00000000e+00]
 [  3.95000005e+00   2.49000001e+00   4.47263794e+01   5.57990906e+02
    2.84300003e+01   5.65700000e+03   7.30000000e+01   0.00000000e+00
    0.00000000e+00]
 [  3.95000005e+00   2.22000003e+00   7.57000000e+02   5.89000000e+02
    2.84300003e+01   5.65700000e+03   1.00000000e+01   0.00000000e+00
    0.00000000e+00]
 [  3.95000005e+00   2.22000003e+00   7.57000000e+02   5.89000000e+02
    2.84300003e+01   5.65700000e+03   7.30000000e+01   0.00000000e+00
    0.00000000e+00]
 [  3.60000014e-01   2.56999993e+00   5.44866180e+00   8.73000000e+02
    3.44700012e+01   5.65700000e+03   1.00000000e+01   0.00000000e+00
    0.00000000e+00]
 [  3.95000005e+00   2.22000003e+00   7.57000000e+02   5.89000000e+02
    2.84300003e+01   5.65700000e+03   1.00000000e+01   0.00000000e+00
    0.00000000e+00]
 [  3.60000014e-01   2.56999993e+00   5.44866180e+00   8.73000000e+02
    3.44700012e+01   5.65700000e+03   1.00000000e+01   0.00000000e+00
    0.00000000e+00]
 [  3.72000003e+00   1.45000005e+00   3.80000000e+02   5.03000000e+02
    3.72708740e+01   5.65700000e+03   1.00000000e+01   0.00000000e+00
    0.00000000e+00]
 [  2.75067449e+00   2.22000003e+00   7.57000000e+02   5.89000000e+02
    3.20322914e+01   5.65700000e+03   1.00000000e+01   0.00000000e+00
    0.00000000e+00]
 [  3.72000003e+00   1.45000005e+00   3.80000000e+02   5.03000000e+02
    3.72708740e+01   5.65700000e+03   1.00000000e+00   0.00000000e+00
    0.00000000e+00]
 [  3.95000005e+00   2.22000003e+00   7.57000000e+02   5.89000000e+02
    3.72708740e+01   5.65700000e+03   1.00000000e+00   0.00000000e+00
    0.00000000e+00]
 [  3.72000003e+00   1.45000005e+00   3.80000000e+02   5.03000000e+02
    2.84300003e+01   5.65700000e+03   1.00000000e+01   0.00000000e+00
    0.00000000e+00]
 [  3.72000003e+00   1.45000005e+00   3.80000000e+02   5.03000000e+02
    2.84300003e+01   5.65700000e+03   7.30000000e+01   0.00000000e+00
    0.00000000e+00]
 [  3.95000005e+00   2.31357694e+00   7.57000000e+02   5.89000000e+02
    2.84300003e+01   5.65700000e+03   7.30000000e+01   1.50000000e+01
    6.67999983e+00]
 [  3.72000003e+00   1.45000005e+00   3.80000000e+02   5.03000000e+02
    3.72708740e+01   5.65700000e+03   1.00000000e+01   0.00000000e+00
    0.00000000e+00]
 [  3.72000003e+00   1.45000005e+00   3.80000000e+02   5.03000000e+02
    3.72708740e+01   5.65700000e+03   1.00000000e+01   0.00000000e+00
    0.00000000e+00]
 [  3.95000005e+00   2.22000003e+00   7.57000000e+02   5.89000000e+02
    2.84300003e+01   5.65700000e+03   1.00000000e+01   0.00000000e+00
    0.00000000e+00]
 [  3.95000005e+00   2.22000003e+00   7.57000000e+02   5.89000000e+02
    2.84300003e+01   5.65700000e+03   1.00000000e+01   0.00000000e+00
    0.00000000e+00]
 [  3.72000003e+00   1.45000005e+00   3.80000000e+02   5.03000000e+02
    3.72708740e+01   5.65700000e+03   1.00000000e+00   0.00000000e+00
    6.71509624e-01]
 [  3.95000005e+00   2.22000003e+00   7.57000000e+02   6.14008911e+02
    2.84300003e+01   5.65700000e+03   1.00000000e+01   0.00000000e+00
    0.00000000e+00]
 [  3.95000005e+00   2.22000003e+00   7.57000000e+02   5.89000000e+02
    2.84300003e+01   5.65700000e+03   1.00000000e+01   0.00000000e+00
    0.00000000e+00]
 [  3.72000003e+00   2.49000001e+00   7.93000000e+02   8.73000000e+02
    3.72708740e+01   5.65700000e+03   1.00000000e+00   0.00000000e+00
    0.00000000e+00]
 [  3.95000005e+00   2.22000003e+00   7.57000000e+02   5.89000000e+02
    2.84300003e+01   5.65700000e+03   7.30000000e+01   0.00000000e+00
   -2.84624267e+00]
 [  3.95000005e+00   2.22000003e+00   7.57000000e+02   5.89000000e+02
    2.84300003e+01   5.65700000e+03   1.00000000e+01   0.00000000e+00
    0.00000000e+00]
 [  3.60000014e-01   2.56999993e+00   5.44866180e+00   9.17273438e+02
    3.44700012e+01   5.65700000e+03   1.00000000e+01   0.00000000e+00
    0.00000000e+00]
 [  3.95000005e+00   2.22000003e+00   7.57000000e+02   5.89000000e+02
    2.84300003e+01   5.65700000e+03   1.00000000e+01   0.00000000e+00
    0.00000000e+00]]
index:
[0, 2, 6, 8, 10, 14, 26, 28, 50, 54, 62, 64, 66, 76, 80, 82, 84, 86, 90, 96]
fitness:
[(0.0,), (2.0,), (2.0,), (2.0,), (1.0,), (2.0,), (1.0,), (2.0,), (2.0,), (1.0,), (2.0,), (1.0,), (0.0,), (2.0,), (2.0,), (1.0,), (2.0,), (1.0,), (2.0,), (2.0,)]
mean fitness:
[1.425, 1.5]
center: 
[   4.00983191    0.           17.41559029  135.            7.90368176
  510.11016846  100.            8.24981117   13.25010109]
members:
[[  4.00000000e+00   0.00000000e+00   1.50000000e+01   1.35000000e+02
    8.00000000e+00   5.00000000e+02   1.00000000e+02   0.00000000e+00
    1.47299995e+01]
 [  4.19664145e+00   0.00000000e+00   1.00000000e+00   1.35000000e+02
    8.00000000e+00   5.00000000e+02   1.00000000e+02   0.00000000e+00
    1.42894640e+01]
 [  4.00000000e+00   0.00000000e+00   1.50000000e+01   1.35000000e+02
    8.00000000e+00   5.00000000e+02   1.00000000e+02   2.30000000e+01
    1.47299995e+01]
 [  4.00000000e+00   0.00000000e+00   1.50000000e+01   1.35000000e+02
    8.00000000e+00   5.00000000e+02   1.00000000e+02   0.00000000e+00
    1.47299995e+01]
 [  4.00000000e+00   0.00000000e+00   1.50000000e+01   1.35000000e+02
    8.00000000e+00   7.02203369e+02   1.00000000e+02   2.30000000e+01
    1.47299995e+01]
 [  4.00000000e+00   0.00000000e+00   1.50000000e+01   1.35000000e+02
    8.00000000e+00   5.00000000e+02   1.00000000e+02   0.00000000e+00
   -5.01418114e-01]
 [  4.00000000e+00   0.00000000e+00   1.50000000e+01   1.35000000e+02
    8.00000000e+00   5.00000000e+02   1.00000000e+02   2.30000000e+01
    1.47299995e+01]
 [  4.00000000e+00   0.00000000e+00   1.50000000e+01   1.35000000e+02
    8.00000000e+00   5.00000000e+02   1.00000000e+02   0.00000000e+00
    1.47299995e+01]
 [  4.00000000e+00   0.00000000e+00   1.50000000e+01   1.35000000e+02
    8.00000000e+00   5.00000000e+02   1.00000000e+02   0.00000000e+00
   -5.01418114e-01]
 [  4.00000000e+00   0.00000000e+00   1.50000000e+01   1.35000000e+02
    4.64154673e+00   5.00000000e+02   1.00000000e+02   0.00000000e+00
    1.47299995e+01]
 [  4.00000000e+00   0.00000000e+00   1.00000000e+00   1.35000000e+02
    9.43210030e+00   5.00000000e+02   1.00000000e+02   2.30000000e+01
    1.47299995e+01]
 [  4.00000000e+00   0.00000000e+00   1.50000000e+01   1.35000000e+02
    8.00000000e+00   5.00000000e+02   1.00000000e+02   0.00000000e+00
    1.47299995e+01]
 [  4.00000000e+00   0.00000000e+00   9.13117981e+01   1.35000000e+02
    8.00000000e+00   5.00000000e+02   1.00000000e+02   2.30000000e+01
    1.47299995e+01]
 [  4.00000000e+00   0.00000000e+00   1.50000000e+01   1.35000000e+02
    8.00000000e+00   5.00000000e+02   1.00000000e+02   0.00000000e+00
    1.47299995e+01]
 [  4.00000000e+00   0.00000000e+00   1.50000000e+01   1.35000000e+02
    8.00000000e+00   5.00000000e+02   1.00000000e+02   2.69962234e+01
    1.60354252e+01]
 [  4.00000000e+00   0.00000000e+00   1.50000000e+01   1.35000000e+02
    8.00000000e+00   5.00000000e+02   1.00000000e+02   0.00000000e+00
    1.47299995e+01]
 [  4.00000000e+00   0.00000000e+00   1.50000000e+01   1.35000000e+02
    8.00000000e+00   5.00000000e+02   1.00000000e+02   0.00000000e+00
    1.47299995e+01]
 [  4.00000000e+00   0.00000000e+00   1.50000000e+01   1.35000000e+02
    8.00000000e+00   5.00000000e+02   1.00000000e+02   2.30000000e+01
    1.47299995e+01]
 [  4.00000000e+00   0.00000000e+00   1.50000000e+01   1.35000000e+02
    8.00000000e+00   5.00000000e+02   1.00000000e+02   0.00000000e+00
    1.47299995e+01]
 [  4.00000000e+00   0.00000000e+00   1.50000000e+01   1.35000000e+02
    8.00000000e+00   5.00000000e+02   1.00000000e+02   0.00000000e+00
    1.47299995e+01]]
index:
[12, 20, 24, 36, 38, 42, 56, 58, 60, 68, 88, 94, 98]
fitness:
[(1.0,), (2.0,), (2.0,), (1.0,), (2.0,), (2.0,), (1.0,), (2.0,), (2.0,), (1.0,), (2.0,), (2.0,), (2.0,)]
mean fitness:
[1.425, 1.5, 1.6923076923076923]
center: 
[  9.58987045e+00   1.98590016e+00   9.81708679e+02   6.59477112e+02
   4.51488991e+01   3.94642676e+03   5.61986465e+01   2.17487583e+01
   1.52318668e+01]
members:
[[  9.57999992e+00   1.89999998e+00   9.77000000e+02   7.89227173e+02
    4.82500000e+01   3.35276709e+03   5.80000000e+01   2.30000000e+01
    1.78507690e+01]
 [  9.57999992e+00   2.05952930e+00   9.87202271e+02   7.63395020e+02
    4.82500000e+01   4.31679688e+03   1.00000000e+02   0.00000000e+00
   -2.00000000e+00]
 [  9.57999992e+00   2.05952930e+00   9.87202271e+02   7.63395020e+02
    4.82500000e+01   4.31679688e+03   3.00000000e+01   2.30000000e+01
    1.47299995e+01]
 [  9.57999992e+00   1.89999998e+00   9.77000000e+02   7.93000000e+02
    4.81856880e+01   3.67500000e+03   5.80000000e+01   2.30000000e+01
    1.61389046e+01]
 [  9.57999992e+00   2.05952930e+00   9.87202271e+02   7.63395020e+02
    4.82500000e+01   4.31679688e+03   5.80000000e+01   2.30000000e+01
    1.78507690e+01]
 [  9.57999992e+00   2.05952930e+00   9.87202271e+02   1.00000000e+00
    8.00000000e+00   4.31679688e+03   5.80000000e+01   2.63669281e+01
    1.47299995e+01]
 [  9.57999992e+00   1.89999998e+00   9.77000000e+02   1.00000000e+00
    4.82500000e+01   3.67500000e+03   5.80000000e+01   2.30000000e+01
    1.78507690e+01]
 [  9.57999992e+00   2.05952930e+00   9.77000000e+02   7.93000000e+02
    4.82500000e+01   3.67500000e+03   5.80000000e+01   2.30000000e+01
    1.78507690e+01]
 [  9.57999992e+00   1.89999998e+00   9.77000000e+02   7.93000000e+02
    4.82500000e+01   3.67500000e+03   5.80000000e+01   2.30000000e+01
    1.78507690e+01]
 [  9.70830727e+00   2.05952930e+00   9.87202271e+02   7.63395020e+02
    4.82500000e+01   4.31679688e+03   2.51723385e+01   2.30000000e+01
    1.47299995e+01]
 [  9.57999992e+00   2.05952930e+00   9.87202271e+02   7.63395020e+02
    4.82500000e+01   4.31679688e+03   5.34100266e+01   2.63669281e+01
    1.47299995e+01]
 [  9.57999992e+00   1.89999998e+00   9.77000000e+02   7.93000000e+02
    4.82500000e+01   3.67500000e+03   5.80000000e+01   2.30000000e+01
    1.78507690e+01]
 [  9.57999992e+00   1.89999998e+00   9.77000000e+02   7.93000000e+02
    4.82500000e+01   3.67500000e+03   5.80000000e+01   2.30000000e+01
    1.78507690e+01]]
index:
[13, 17, 31, 37, 47, 57, 59, 61, 95, 99]
fitness:
[(1.0,), (2.0,), (2.0,), (1.0,), (0.0,), (1.0,), (2.0,), (2.0,), (2.0,), (2.0,)]
mean fitness:
[1.425, 1.5, 1.6923076923076923, 1.5]
center: 
[  3.85800028e+00   1.99299979e+00   3.88399994e+02   5.60299988e+02
   2.85268898e+01   8.14012646e+03   7.02939606e+01   1.50000000e+01
   6.84485769e+00]
members:
[[  3.95000005e+00   2.49000001e+00   3.10000000e+01   5.89000000e+02
    2.93989239e+01   7.99600000e+03   6.94710999e+01   1.50000000e+01
    6.67999983e+00]
 [  3.95000005e+00   2.22000003e+00   7.57000000e+02   6.08000000e+02
    2.84300003e+01   8.47642188e+03   7.30000000e+01   1.50000000e+01
    7.22952652e+00]
 [  3.95000005e+00   2.22000003e+00   7.57000000e+02   6.08000000e+02
    2.84300003e+01   8.47642188e+03   7.30000000e+01   1.50000000e+01
    7.22952652e+00]
 [  3.72000003e+00   1.45000005e+00   3.80000000e+02   5.03000000e+02
    2.84300003e+01   7.99600000e+03   6.71129379e+01   1.50000000e+01
    6.67999983e+00]
 [  3.72000003e+00   1.45000005e+00   3.80000000e+02   5.03000000e+02
    2.84300003e+01   7.99600000e+03   6.94710999e+01   1.50000000e+01
    6.67999983e+00]
 [  3.95000005e+00   2.22000003e+00   7.57000000e+02   6.08000000e+02
    2.84300003e+01   8.47642188e+03   7.30000000e+01   1.50000000e+01
    7.22952652e+00]
 [  3.95000005e+00   2.49000001e+00   3.10000000e+01   5.89000000e+02
    2.84300003e+01   7.99600000e+03   6.94710999e+01   1.50000000e+01
    6.67999983e+00]
 [  3.72000003e+00   1.45000005e+00   3.80000000e+02   5.03000000e+02
    2.84300003e+01   7.99600000e+03   6.94710999e+01   1.50000000e+01
    6.67999983e+00]
 [  3.95000005e+00   2.49000001e+00   3.10000000e+01   5.89000000e+02
    2.84300003e+01   7.99600000e+03   6.94710999e+01   1.50000000e+01
    6.67999983e+00]
 [  3.72000003e+00   1.45000005e+00   3.80000000e+02   5.03000000e+02
    2.84300003e+01   7.99600000e+03   6.94710999e+01   1.50000000e+01
    6.67999983e+00]]
index:
[16, 22, 30, 40, 44, 48, 72, 78, 92]
fitness:
[(2.0,), (1.0,), (2.0,), (2.0,), (0.0,), (2.0,), (1.0,), (2.0,), (0.0,)]
mean fitness:
[1.425, 1.5, 1.6923076923076923, 1.5, 1.3333333333333333]
center: 
[  5.85593700e+00   6.68784320e-01   9.77000000e+02   2.70020569e+02
   2.18134212e+01   5.00000000e+02   6.73333359e+01   1.53333330e+01
   9.83310318e+00]
members:
[[  9.57999992e+00   2.05952930e+00   9.77000000e+02   1.00000000e+00
    8.00000000e+00   5.00000000e+02   5.80000000e+01   2.30000000e+01
    1.47299995e+01]
 [  4.00000000e+00   0.00000000e+00   9.77000000e+02   7.63395020e+02
    5.18207893e+01   5.00000000e+02   5.80000000e+01   2.30000000e+01
    1.78507690e+01]
 [  9.57999992e+00   2.05952930e+00   9.77000000e+02   1.00000000e+00
    8.00000000e+00   5.00000000e+02   5.80000000e+01   2.30000000e+01
    1.47299995e+01]
 [  4.00000000e+00   0.00000000e+00   9.77000000e+02   7.63395020e+02
    4.82500000e+01   5.00000000e+02   5.80000000e+01   2.30000000e+01
    1.47299995e+01]
 [  9.57999992e+00   1.89999998e+00   9.77000000e+02   1.35000000e+02
    8.00000000e+00   5.00000000e+02   1.00000000e+02   0.00000000e+00
   -5.01418114e-01]
 [  4.00000000e+00   0.00000000e+00   9.77000000e+02   1.00000000e+00
    8.00000000e+00   5.00000000e+02   5.80000000e+01   2.30000000e+01
    1.47299995e+01]
 [  4.00000000e+00   0.00000000e+00   9.77000000e+02   7.63395020e+02
    4.82500000e+01   5.00000000e+02   1.00000000e+02   0.00000000e+00
   -2.00000000e+00]
 [  4.00000000e+00   0.00000000e+00   9.77000000e+02   1.00000000e+00
    8.00000000e+00   5.00000000e+02   5.80000000e+01   2.30000000e+01
    1.47299995e+01]
 [  3.96343517e+00   0.00000000e+00   9.77000000e+02   1.00000000e+00
    8.00000000e+00   5.00000000e+02   5.80000000e+01   0.00000000e+00
   -5.01418114e-01]]
index:
[4, 18, 34, 52, 70, 74]
fitness:
[(2.0,), (2.0,), (1.0,), (2.0,), (0.0,), (1.0,)]
mean fitness:
[1.425, 1.5, 1.6923076923076923, 1.5, 1.3333333333333333, 1.3333333333333333]
center: 
[  6.23199987e+00   8.47211659e-01   1.21999998e+01   1.00000000e+00
   4.93415756e+01   6.95100000e+03   3.00000000e+01   2.43467712e+01
   1.47299986e+01]
members:
[[  9.57999992e+00   2.05952930e+00   1.50000000e+01   1.00000000e+00
    4.97177544e+01   6.95100000e+03   3.00000000e+01   2.63669281e+01
    1.47299995e+01]
 [  4.00000000e+00   1.16999447e-01   1.00000000e+00   1.00000000e+00
    4.78368530e+01   6.95100000e+03   3.00000000e+01   2.30000000e+01
    1.47299995e+01]
 [  9.57999992e+00   2.05952930e+00   9.87202271e+02   1.00000000e+00
    4.97177544e+01   6.95100000e+03   3.00000000e+01   2.63669281e+01
    1.47299995e+01]
 [  4.00000000e+00   0.00000000e+00   1.50000000e+01   1.00000000e+00
    4.97177544e+01   6.95100000e+03   3.00000000e+01   2.30000000e+01
    1.47299995e+01]
 [  9.57999992e+00   2.05952930e+00   1.50000000e+01   1.00000000e+00
    4.97177544e+01   6.95100000e+03   3.00000000e+01   2.63669281e+01
    1.47299995e+01]
 [  4.00000000e+00   0.00000000e+00   1.50000000e+01   1.00000000e+00
    4.97177544e+01   6.95100000e+03   3.00000000e+01   2.30000000e+01
    1.47299995e+01]]
index:
[32, 46]
fitness:
[(0.0,), (0.0,)]
mean fitness:
[1.425, 1.5, 1.6923076923076923, 1.5, 1.3333333333333333, 1.3333333333333333, 0.0]
center: 
[  6.78999996e+00   1.02976465e+00   1.50000000e+01   7.78197510e+02
   4.82500000e+01   3.99589844e+03   5.80000000e+01   2.30000000e+01
   1.78507690e+01]
members:
[[  9.57999992e+00   2.05952930e+00   1.50000000e+01   7.63395020e+02
    4.82500000e+01   4.31679688e+03   5.80000000e+01   2.30000000e+01
    1.78507690e+01]
 [  4.00000000e+00   0.00000000e+00   1.50000000e+01   7.93000000e+02
    4.82500000e+01   3.67500000e+03   5.80000000e+01   2.30000000e+01
    1.78507690e+01]]
