Gen : 0
0 : (28, 38, 0.7354, 105.6252, 1.4)
1 : (12, 28, 0.0, 524.5614, 1.1111)
2 : (23, 37, 1.1613, 132.2798, 1.5333)
3 : (12, 23, 0.0, 496.8723, 1.5)
4 : (21, 41, 1.1006, 128.3407, 1.3125)
5 : (12, 21, 0.0081, 590.2987, 2.4)
6 : (14, 28, 0.7635, 220.3083, 1.4)
7 : (0, 14, 0.0, 709.4789, 0.0)
8 : (26, 51, 0.8163, 161.3706, 1.1364)
9 : (14, 26, 0.0, 367.2573, 1.75)
10 : (29, 43, 0.9211, 156.8342, 1.3333)
11 : (11, 29, 0.0238, 408.5429, 1.5714)
12 : (17, 40, 1.0024, 180.0471, 1.4167)
13 : (23, 17, 0.0043, 374.7874, 2.75)
14 : (24, 38, 0.9609, 165.6946, 1.2105)
15 : (16, 24, 0.0143, 395.1984, 1.7778)
16 : (18, 37, 0.9496, 149.4267, 1.3846)
17 : (22, 18, 0.0163, 582.7179, 2.25)
18 : (18, 39, 1.2846, 190.8382, 1.3077)
19 : (22, 18, 0.0, 527.5538, 3.1429)
20 : (12, 38, 0.6494, 185.7608, 1.3333)
21 : (28, 12, 0.0755, 593.8252, 2.75)
22 : (17, 34, 0.7453, 198.1763, 1.2308)
23 : (18, 17, 0.0349, 557.8792, 2.25)
24 : (17, 38, 0.2527, 116.714, 1.5455)
25 : (23, 17, 0.0417, 487.5287, 2.1429)
26 : (11, 43, 0.5045, 181.536, 1.1)
27 : (28, 11, 0.0127, 410.6873, 3.375)
28 : (0, 43, 0.0643, 227.5589, 0.0)
29 : (40, 0, 0.0688, 681.2245, 0.0)
30 : (0, 43, 0.0405, 181.1151, 0.0)
31 : (40, 0, 0.0797, 641.9824, 0.0)
32 : (0, 42, 0.0469, 170.5254, 0.0)
33 : (40, 0, 0.0617, 586.2016, 0.0)
34 : (1, 41, 0.0357, 141.3716, 1.0)
35 : (39, 1, 0.0536, 622.6239, 0.0)
36 : (2, 45, 0.0833, 239.9187, 1.0)
37 : (38, 3, 0.0317, 465.3325, 10.0)
38 : (1, 44, 0.0547, 173.6873, 1.0)
39 : (39, 1, 0.0433, 536.9018, 7.0)
40 : (0, 41, 0.0313, 182.8744, 0.0)
41 : (40, 0, 0.0556, 602.8076, 0.0)
42 : (3, 43, 0.0313, 170.6965, 1.5)
43 : (37, 3, 0.0382, 555.3901, 14.5)
44 : (3, 39, 0.0328, 109.1783, 1.0)
45 : (37, 3, 0.0493, 607.6994, 11.0)
46 : (23, 65, 0.6709, 214.146, 1.15)
47 : (3, 23, 0.0, 396.0599, 1.0)
48 : (31, 56, 0.7028, 188.8517, 1.3043)
49 : (9, 31, 0.0, 503.7941, 1.125)
50 : (25, 36, 0.5, 191.5947, 1.2)
51 : (11, 25, 0.0, 270.7273, 1.0)
52 : (6, 10, 0.2216, 105.9707, 1.5)
53 : (3, 6, 0.0, 130.9702, 3.0)
54 : (17, 38, 1.3947, 143.6321, 1.5455)
55 : (23, 17, 0.0163, 625.7819, 2.7143)
56 : (25, 36, 0.9389, 184.1226, 1.5)
57 : (15, 25, 0.0076, 512.5494, 2.5)
58 : (23, 44, 0.7236, 152.1628, 1.3125)
59 : (17, 23, 0.0471, 609.188, 1.7)
60 : (21, 38, 1.0446, 120.3304, 1.4286)
61 : (19, 21, 0.0058, 441.9743, 2.7143)
62 : (24, 36, 0.7716, 108.1348, 1.3529)
63 : (16, 24, 0.0076, 398.3603, 1.4545)
64 : (27, 38, 0.8527, 101.0812, 1.3684)
65 : (13, 27, 0.0234, 524.1377, 2.1667)
66 : (1, 40, 0.4278, 170.7056, 1.0)
67 : (39, 18, 0.0015, 365.2272, 2.4667)
68 : (28, 76, 0.3892, 202.0036, 1.2273)
69 : (12, 28, 0.01, 435.8393, 1.3333)
70 : (20, 77, 0.38, 195.9505, 1.1111)
71 : (11, 20, 0.0083, 378.5204, 1.375)
72 : (31, 80, 0.4834, 164.5077, 1.1111)
73 : (9, 31, 0.0278, 477.7317, 1.5)
74 : (17, 80, 0.4375, 157.6041, 1.1333)
75 : (22, 17, 0.0064, 442.5749, 2.2)
76 : (26, 68, 0.4504, 156.6294, 1.25)
77 : (14, 26, 0.0234, 407.6492, 1.4)
78 : (8, 53, 0.7394, 150.864, 1.1429)
79 : (32, 8, 0.043, 644.6429, 4.3333)
80 : (6, 43, 0.8385, 173.1297, 1.0)
81 : (34, 6, 0.056, 675.5101, 11.0)
82 : (23, 43, 1.089, 127.333, 1.25)
83 : (17, 23, 0.0061, 372.5728, 1.7)
84 : (0, 40, 0.5, 220.8217, 0.0)
85 : (40, 0, 0.0185, 678.8965, 0.0)
86 : (1, 40, 0.4286, 83.086, 1.0)
87 : (39, 1, 0.0696, 612.4659, 30.0)
88 : (4, 44, 0.6707, 182.4411, 1.0)
89 : (36, 4, 0.0106, 470.4026, 5.25)
90 : (3, 39, 0.88, 199.4149, 1.0)
91 : (37, 3, 0.0, 460.3367, 12.0)
92 : (3, 39, 0.2935, 91.2202, 1.0)
93 : (37, 3, 0.0139, 528.5271, 10.6667)
94 : (0, 40, 3.5, 391.0803, 0.0)
95 : (40, 0, 0.0095, 567.0942, 0.0)
96 : (24, 16, 0.4609, 171.4968, 2.4)
97 : (16, 26, 0.0, 219.6211, 1.5)
98 : (17, 23, 0.2561, 128.1588, 2.3333)
99 : (23, 17, 0.0219, 587.2372, 3.8333)
100 : (24, 16, 0.4549, 166.8283, 2.5556)
101 : (16, 25, 0.0114, 389.0836, 1.7778)
102 : (1, 6, 0.8214, 165.3547, 1.0)
103 : (6, 1, 0.0577, 601.2643, 0.0)
104 : (27, 53, 0.5519, 195.3819, 1.1739)
105 : (13, 27, 0.0, 510.9993, 1.5714)
106 : (34, 19, 0.0, 394.1243, 2.6154)
107 : (6, 34, 0.0031, 415.8495, 1.0)
108 : (3, 41, 0.29, 114.552, 1.0)
109 : (37, 4, 0.0179, 595.2765, 8.25)
110 : (3, 39, 0.7375, 113.0554, 1.0)
111 : (37, 3, 0.0132, 518.5193, 18.5)
112 : (1, 39, 0.6875, 116.5267, 1.0)
113 : (39, 1, 0.0065, 520.0189, 13.0)
114 : (22, 39, 0.8456, 103.3631, 1.1579)
115 : (18, 22, 0.0203, 444.436, 1.6)
116 : (5, 42, 0.9918, 129.3956, 1.0)
117 : (35, 5, 0.0064, 491.8249, 8.5)
118 : (2, 41, 0.1875, 102.5808, 1.0)
119 : (38, 2, 0.0057, 577.4481, 19.0)
120 : (2, 43, 0.5926, 210.4195, 1.0)
121 : (38, 2, 0.0062, 524.561, 5.0)
122 : (19, 56, 1.0907, 128.2766, 1.0556)
123 : (19, 19, 0.017, 524.9371, 1.6667)
124 : (21, 19, 0.4717, 167.2377, 2.5)
125 : (19, 22, 0.0, 309.2449, 1.9)
126 : (24, 16, 0.3276, 146.9908, 2.3)
127 : (16, 27, 0.0, 267.7034, 1.4545)
128 : (0, 41, 1.375, 137.7538, 0.0)
129 : (40, 0, 0.0118, 563.5339, 0.0)
130 : (13, 43, 0.8575, 145.4133, 1.2)
131 : (27, 13, 0.0, 626.0912, 3.8571)
132 : (23, 37, 0.6698, 167.5604, 1.4375)
133 : (17, 23, 0.0081, 469.1282, 1.4545)
134 : (7, 37, 1.3466, 197.317, 1.25)
135 : (33, 8, 0.0, 482.4048, 5.5)
136 : (4, 37, 2.0795, 163.5423, 1.0)
137 : (36, 4, 0.0, 484.3047, 8.25)
138 : (5, 35, 0.25, 107.4366, 1.0)
139 : (35, 6, 0.0225, 556.4346, 7.75)
140 : (14, 26, 0.1786, 94.316, 2.0)
141 : (26, 14, 0.0071, 531.6013, 2.4286)
142 : (21, 38, 0.8936, 168.0244, 1.3571)
143 : (19, 21, 0.0143, 418.9317, 2.1111)
144 : (13, 36, 0.8548, 171.5347, 1.1818)
145 : (17, 13, 0.0152, 429.3599, 2.2857)
146 : (17, 42, 0.9112, 159.0067, 1.1333)
147 : (23, 17, 0.0125, 345.3843, 2.3333)
148 : (20, 35, 1.1589, 150.5048, 1.3571)
149 : (20, 20, 0.0156, 478.527, 2.8571)
150 : (14, 39, 0.8351, 131.173, 1.4)
151 : (26, 14, 0.0044, 472.5822, 3.5714)
152 : (7, 14, 1.3889, 186.033, 1.1667)
153 : (8, 7, 0.0, 437.4933, 1.75)
154 : (20, 39, 0.9517, 156.2491, 1.3333)
155 : (20, 20, 0.0058, 528.8101, 1.6364)
156 : (8, 17, 1.67, 178.2062, 1.3333)
157 : (11, 8, 0.0, 505.7458, 2.75)
158 : (3, 41, 0.4464, 106.856, 1.0)
159 : (37, 3, 0.0114, 542.0777, 3.0)
160 : (1, 46, 0.5179, 167.605, 1.0)
161 : (39, 1, 0.0194, 548.5468, 28.0)
162 : (4, 38, 1.2174, 212.0833, 1.0)
163 : (36, 5, 0.0112, 610.5165, 6.8)
164 : (3, 40, 0.8534, 117.3602, 1.0)
165 : (37, 3, 0.0167, 523.9528, 10.0)
166 : (10, 30, 0.3333, 131.7634, 1.5)
167 : (30, 10, 0.0059, 416.2379, 4.2857)
168 : (13, 29, 0.8478, 132.1275, 1.7143)
169 : (27, 13, 0.0, 414.8054, 3.8571)
170 : (0, 1, 2.5, 120.9498, 0.0)
171 : (0, 0, 0.0, 0.0, 0.0)
172 : (0, 41, 1.1591, 280.3817, 0.0)
173 : (37, 0, 0.0244, 702.2772, 0.0)
174 : (5, 41, 1.2051, 152.7041, 1.0)
175 : (35, 5, 0.0095, 497.229, 4.0)
176 : (5, 41, 1.2037, 143.7355, 1.0)
177 : (35, 5, 0.0258, 483.2156, 5.8)
178 : (11, 29, 0.6759, 154.6623, 2.75)
179 : (29, 11, 0.0171, 552.3138, 5.0)
180 : (12, 30, 0.6964, 112.0604, 1.7143)
181 : (28, 12, 0.0, 490.3288, 4.5)
182 : (16, 22, 1.2297, 137.3819, 1.3333)
183 : (13, 16, 0.0, 511.1891, 1.3333)
184 : (11, 29, 0.5694, 173.5378, 2.2)
185 : (29, 11, 0.0, 383.568, 6.5)
186 : (13, 27, 0.4426, 131.3966, 1.8571)
187 : (27, 14, 0.0137, 478.2755, 3.4286)
188 : (17, 35, 0.9417, 143.7101, 1.4167)
189 : (23, 17, 0.0, 441.4812, 2.75)
190 : (14, 34, 1.4053, 172.968, 1.625)
191 : (23, 14, 0.0, 500.3984, 3.8333)
192 : (29, 11, 0.0, 413.3916, 3.7143)
193 : (11, 29, 0.0086, 504.1421, 1.375)
194 : (29, 11, 0.2882, 110.3131, 3.2222)
195 : (11, 29, 0.0217, 495.08, 1.25)
196 : (14, 26, 0.3643, 151.5111, 2.8)
197 : (26, 14, 0.0161, 494.2127, 1.8)
198 : (6, 9, 0.6389, 206.805, 1.5)
199 : (9, 6, 0.0, 325.5693, 2.3333)
200 : (25, 48, 0.7891, 210.9286, 1.3158)
201 : (3, 25, 0.0, 714.8127, 1.0)
202 : (34, 47, 0.7626, 201.4001, 1.3913)
203 : (4, 34, 0.0, 466.7482, 1.0)
204 : (23, 56, 0.6569, 138.4175, 1.2105)
205 : (0, 23, 0.0227, 556.351, 0.0)
206 : (0, 25, 1.3389, 157.4269, 0.0)
207 : (25, 0, 0.0114, 600.6226, 0.0)
208 : (16, 48, 1.0398, 177.7101, 1.0667)
209 : (24, 16, 0.0, 421.0771, 2.625)
210 : (14, 62, 0.982, 223.4001, 1.2727)
211 : (26, 14, 0.0, 583.3971, 4.1667)
212 : (14, 62, 1.2348, 203.5092, 1.0769)
213 : (23, 14, 0.0, 459.0384, 2.875)
214 : (22, 53, 0.6807, 161.4963, 1.1)
215 : (1, 22, 0.0, 330.7111, 1.0)
216 : (19, 50, 0.7374, 168.5622, 1.125)
217 : (0, 19, 0.0, 580.6561, 0.0)
218 : (23, 52, 0.8851, 178.9515, 1.15)
219 : (0, 23, 0.0119, 797.5726, 0.0)
220 : (17, 39, 0.8202, 181.6143, 1.0625)
221 : (2, 17, 0.0, 502.245, 1.0)
222 : (26, 61, 0.89, 180.6371, 1.1364)
223 : (11, 26, 0.0093, 480.3046, 1.8333)
224 : (28, 80, 0.3982, 221.614, 1.125)
225 : (12, 28, 0.0, 630.5681, 1.5)
226 : (32, 55, 0.3479, 218.2886, 1.3333)
227 : (8, 32, 0.0, 881.6517, 1.4)
228 : (27, 62, 0.4044, 222.0081, 1.2273)
229 : (8, 27, 0.0, 475.6452, 1.75)
230 : (31, 66, 0.3298, 190.6374, 1.2)
231 : (9, 31, 0.0, 493.0886, 1.8)
232 : (35, 73, 0.2795, 198.398, 1.1786)
233 : (5, 35, 0.0, 509.503, 1.6667)
234 : (24, 41, 1.0322, 194.2424, 1.2778)
235 : (16, 24, 0.0143, 531.7614, 1.4545)
236 : (10, 31, 0.4655, 113.0955, 1.25)
237 : (20, 12, 0.0, 292.5645, 4.0)
238 : (4, 43, 0.5571, 123.3379, 1.0)
239 : (36, 10, 0.0, 308.4756, 4.5714)
240 : (10, 17, 0.3478, 108.4168, 1.4286)
241 : (17, 11, 0.0, 463.4089, 2.1667)
242 : (2, 0, 0.5833, 131.6546, 0.0)
243 : (0, 2, 0.0, 0.0, 0.0)
244 : (18, 23, 0.4634, 122.4793, 1.8)
245 : (22, 18, 0.0, 365.1576, 2.25)
246 : (10, 34, 0.4977, 202.6752, 1.25)
247 : (22, 11, 0.0, 636.9939, 2.7143)
248 : (17, 31, 0.5288, 188.3575, 1.0625)
249 : (14, 17, 0.0, 379.4441, 1.625)
250 : (14, 35, 0.6968, 215.6325, 1.0769)
251 : (12, 14, 0.0, 488.1405, 1.375)
252 : (28, 56, 0.3054, 201.7533, 1.5)
253 : (12, 28, 0.0048, 631.5452, 1.7143)
254 : (10, 49, 1.1299, 277.0819, 1.0)
255 : (30, 13, 0.0076, 486.6039, 3.0)
256 : (9, 52, 0.8901, 239.899, 1.125)
257 : (23, 20, 0.0041, 438.443, 3.2857)
258 : (25, 53, 0.7616, 180.1292, 1.2105)
259 : (15, 25, 0.0, 322.2758, 2.1429)
260 : (31, 49, 0.8496, 204.4504, 1.25)
261 : (9, 31, 0.0, 423.3657, 1.2857)
262 : (17, 60, 0.8961, 225.7248, 1.1538)
263 : (12, 17, 0.0037, 488.8553, 1.5)
264 : (9, 33, 1.2418, 217.3516, 1.125)
265 : (17, 11, 0.0104, 536.0677, 3.6667)
266 : (13, 37, 1.1972, 191.4305, 1.3)
267 : (19, 13, 0.0, 350.9687, 2.2857)
268 : (8, 36, 1.3605, 241.22, 1.1429)
269 : (18, 8, 0.0, 439.3858, 4.5)
270 : (8, 37, 1.4872, 217.3952, 1.1429)
271 : (23, 8, 0.0238, 620.7436, 2.1429)
272 : (3, 57, 1.1775, 244.7708, 1.0)
273 : (37, 4, 0.0093, 606.9902, 8.75)
274 : (13, 38, 0.945, 209.5421, 1.0909)
275 : (14, 13, 0.0, 500.2901, 1.5556)
276 : (10, 44, 1.0402, 217.3456, 1.4286)
277 : (25, 10, 0.0025, 541.3683, 2.7143)
278 : (24, 51, 0.8094, 191.8949, 1.375)
279 : (16, 24, 0.0057, 641.8881, 3.2)
280 : (2, 51, 0.8398, 217.2622, 1.0)
281 : (38, 2, 0.0167, 712.4194, 15.0)
282 : (20, 16, 0.316, 133.0726, 1.8571)
283 : (16, 20, 0.0, 403.1281, 2.2857)
284 : (18, 17, 0.2865, 108.5654, 1.7778)
285 : (16, 18, 0.0033, 318.1941, 1.7778)
286 : (5, 23, 0.4167, 126.7141, 1.6667)
287 : (23, 5, 0.0098, 526.9283, 5.6667)
288 : (19, 38, 1.0161, 174.3494, 1.3571)
289 : (21, 19, 0.0119, 588.3813, 2.375)
290 : (26, 54, 0.7943, 189.0356, 1.0417)
291 : (14, 26, 0.0, 523.6616, 1.1667)
292 : (23, 40, 0.0, 186.6179, 1.1579)
293 : (14, 23, 0.0074, 504.1333, 1.1667)
294 : (22, 40, 0.0463, 183.0989, 1.375)
295 : (18, 23, 0.0, 460.3004, 1.8889)
296 : (22, 32, 0.006, 198.4089, 1.4286)
297 : (18, 22, 0.0, 596.9029, 2.5714)
298 : (16, 54, 0.9909, 232.5301, 1.1429)
299 : (24, 29, 0.0023, 365.2157, 1.9167)
300 : (7, 44, 0.9152, 213.9604, 1.0)
301 : (20, 15, 0.0141, 462.8401, 1.7)
302 : (11, 52, 0.9539, 220.6913, 1.25)
303 : (21, 16, 0.0114, 433.5137, 1.6154)
304 : (12, 62, 1.0, 234.8362, 1.0909)
305 : (25, 13, 0.0103, 682.5583, 3.8333)
306 : (16, 55, 1.0088, 234.0948, 1.0667)
307 : (16, 17, 0.027, 509.8532, 2.0)
308 : (26, 60, 0.7693, 163.2705, 1.1364)
309 : (14, 26, 0.0081, 555.5721, 1.75)
310 : (31, 10, 0.4895, 158.9662, 2.8571)
311 : (9, 31, 0.0172, 576.8066, 1.5)
312 : (34, 7, 0.3582, 131.7556, 6.2)
313 : (6, 34, 0.0, 341.3944, 1.5)
314 : (15, 43, 0.6013, 161.9503, 1.1667)
315 : (25, 15, 0.0, 568.1298, 2.7778)
316 : (8, 46, 0.4221, 173.3212, 1.3333)
317 : (32, 8, 0.0085, 580.919, 3.5)
318 : (16, 53, 1.1288, 246.2628, 1.2308)
319 : (24, 18, 0.0069, 440.7598, 2.5556)
320 : (15, 42, 0.7347, 195.605, 1.25)
321 : (17, 15, 0.0, 523.9827, 3.2)
322 : (10, 34, 0.7902, 258.1289, 1.1111)
323 : (12, 10, 0.0037, 674.2311, 1.75)
324 : (11, 45, 0.8856, 232.7344, 1.2222)
325 : (17, 11, 0.003, 444.8884, 3.0)
326 : (11, 29, 0.6141, 137.3602, 1.8333)
327 : (29, 12, 0.0, 401.775, 3.3333)
328 : (10, 30, 0.54, 156.5449, 1.1111)
329 : (30, 10, 0.0, 480.7242, 2.3333)
330 : (12, 18, 0.809, 156.4884, 1.3333)
331 : (5, 14, 0.0, 459.2797, 1.0)
332 : (1, 2, 1.2857, 164.8693, 0.0)
333 : (0, 1, 0.0, 245.0438, 0.0)
334 : (29, 47, 0.9099, 154.6008, 1.381)
335 : (11, 32, 0.0146, 560.7743, 1.4286)
336 : (14, 52, 0.8186, 206.7186, 1.4)
337 : (26, 14, 0.0171, 574.4752, 3.125)
338 : (10, 53, 0.4898, 167.8928, 1.25)
339 : (29, 10, 0.0065, 560.2244, 2.5714)
340 : (19, 37, 0.6119, 171.0754, 1.5833)
341 : (21, 19, 0.0045, 517.5811, 2.5714)
342 : (15, 44, 0.6471, 154.9642, 1.25)
343 : (25, 16, 0.004, 568.8497, 2.0)
344 : (14, 49, 0.6375, 189.0093, 1.4444)
345 : (26, 15, 0.0116, 473.1936, 3.7143)
346 : (24, 38, 1.0018, 246.977, 1.2632)
347 : (16, 24, 0.0, 587.313, 1.625)
348 : (12, 52, 0.5678, 184.9176, 1.2222)
349 : (28, 13, 0.0104, 741.8513, 5.6)
350 : (23, 25, 0.0035, 247.9783, 2.1)
351 : (16, 24, 0.0, 532.5543, 2.0)
352 : (14, 57, 1.0064, 212.0163, 1.0)
353 : (23, 18, 0.0, 393.0771, 2.1)
354 : (13, 49, 0.6637, 197.1318, 1.3)
355 : (27, 19, 0.0051, 417.953, 2.5556)
356 : (7, 6, 0.45, 176.4971, 2.3333)
357 : (6, 8, 0.0, 335.0539, 2.5)
358 : (13, 20, 0.6908, 171.3555, 1.8333)
359 : (20, 14, 0.0085, 499.1368, 2.5)
360 : (16, 18, 0.5128, 142.4116, 2.8)
361 : (18, 16, 0.0, 601.3837, 3.0)
362 : (27, 13, 0.3194, 139.3612, 3.8571)
363 : (13, 28, 0.0174, 393.9443, 1.1429)
364 : (19, 21, 0.3826, 136.7958, 3.4)
365 : (21, 19, 0.0259, 647.3625, 3.5)
366 : (2, 8, 0.6, 120.7246, 1.0)
367 : (8, 2, 0.0, 469.5747, 4.0)
368 : (19, 21, 0.631, 115.7509, 3.8)
369 : (21, 19, 0.0117, 639.6213, 3.6)
370 : (9, 29, 0.7614, 188.0278, 4.5)
371 : (29, 9, 0.017, 568.8619, 7.5)
372 : (13, 27, 0.2917, 130.9468, 2.6)
373 : (27, 13, 0.0192, 527.2598, 5.2)
374 : (24, 8, 0.3886, 138.8976, 4.8)
375 : (7, 25, 0.0, 291.4941, 1.6667)
376 : (27, 14, 0.3431, 141.4779, 2.25)
377 : (13, 34, 0.0183, 526.8058, 1.0)
378 : (29, 11, 0.4111, 166.9814, 4.6667)
379 : (11, 32, 0.0097, 504.1277, 1.8333)
380 : (25, 16, 0.3182, 128.3255, 3.125)
381 : (15, 33, 0.0, 421.8061, 2.0)
382 : (24, 16, 0.5385, 150.9043, 2.5556)
383 : (16, 26, 0.011, 501.4345, 1.4545)
384 : (20, 20, 0.4318, 141.4201, 2.5)
385 : (20, 20, 0.0085, 550.2505, 2.4286)
386 : (13, 27, 0.6064, 133.1721, 2.6)
387 : (27, 14, 0.0, 422.5866, 4.8)
388 : (9, 31, 0.2237, 99.5845, 1.8)
389 : (31, 9, 0.0, 486.066, 5.0)
390 : (12, 28, 0.2898, 139.8176, 1.3333)
391 : (28, 12, 0.0044, 490.6743, 3.375)
392 : (11, 28, 0.3796, 124.4277, 2.75)
393 : (28, 11, 0.0, 392.8981, 6.0)
394 : (21, 19, 0.7305, 179.1082, 1.9)
395 : (19, 27, 0.009, 384.6874, 1.3571)
396 : (26, 14, 0.5688, 164.2611, 2.6667)
397 : (14, 34, 0.0086, 401.843, 1.4)
398 : (19, 21, 0.3906, 131.9266, 2.1111)
399 : (21, 19, 0.0, 566.3939, 2.5)
400 : (20, 70, 0.1255, 181.2451, 1.1765)
401 : (10, 20, 0.0278, 323.9406, 2.0)
402 : (30, 100, 0.1234, 177.8309, 1.1538)
403 : (8, 30, 0.0, 444.1152, 1.3333)
404 : (21, 96, 0.1093, 175.6888, 1.2353)
405 : (13, 21, 0.0, 312.7159, 1.7143)
406 : (28, 83, 0.082, 159.1677, 1.1739)
407 : (12, 28, 0.0341, 581.2577, 1.3333)
408 : (29, 58, 0.6703, 119.7975, 1.2083)
409 : (11, 29, 0.0, 434.2162, 1.25)
410 : (20, 59, 0.826, 144.4285, 1.3077)
411 : (20, 20, 0.0, 534.8847, 3.3333)
412 : (0, 32, 0.0, 0.0, 0.0)
413 : (32, 0, 0.0053, 521.672, 0.0)
414 : (23, 81, 0.178, 99.3969, 1.0)
415 : (6, 23, 0.0156, 639.5791, 1.0)
416 : (27, 102, 0.1226, 180.3188, 1.1818)
417 : (13, 27, 0.0, 462.814, 1.625)
418 : (32, 85, 0.098, 167.9991, 1.1071)
419 : (8, 32, 0.0, 337.4685, 1.1429)
420 : (21, 92, 0.1167, 179.821, 1.1111)
421 : (15, 21, 0.0, 413.0725, 1.875)
422 : (0, 40, 2.4821, 175.9137, 0.0)
423 : (40, 0, 0.0094, 516.058, 0.0)
424 : (0, 41, 2.1346, 172.1427, 0.0)
425 : (40, 0, 0.0123, 613.2911, 0.0)
426 : (0, 41, 2.1923, 211.8704, 0.0)
427 : (40, 0, 0.0, 505.1373, 0.0)
428 : (1, 41, 0.7045, 98.4388, 1.0)
429 : (39, 1, 0.0031, 585.1318, 7.0)
430 : (25, 103, 0.1032, 183.5456, 1.0909)
431 : (15, 25, 0.0, 552.8319, 1.25)
432 : (19, 102, 0.1211, 170.6013, 1.0)
433 : (13, 19, 0.0, 678.9698, 2.1667)
434 : (23, 83, 0.1109, 185.8763, 1.2941)
435 : (11, 23, 0.0, 502.9695, 1.5714)
436 : (28, 69, 0.1139, 178.6313, 1.4737)
437 : (9, 28, 0.0, 666.1768, 1.8)
438 : (24, 99, 0.1277, 183.8189, 1.0455)
439 : (10, 24, 0.0, 439.4312, 1.4286)
440 : (27, 89, 0.1173, 167.7971, 1.2381)
441 : (13, 27, 0.0, 387.3933, 1.625)
442 : (5, 39, 1.9904, 107.4153, 1.25)
443 : (35, 5, 0.0, 557.6446, 7.0)
444 : (0, 8, 2.7333, 132.0523, 0.0)
445 : (4, 0, 0.0, 663.6096, 0.0)
446 : (3, 39, 2.35, 193.5444, 1.0)
447 : (37, 3, 0.0, 466.8295, 7.3333)
448 : (13, 97, 0.1357, 179.7655, 1.0833)
449 : (13, 13, 0.0, 694.9972, 2.6)
450 : (23, 93, 0.1135, 176.0839, 1.2941)
451 : (10, 23, 0.0, 527.0128, 2.0)
452 : (21, 82, 0.1049, 178.3891, 1.1053)
453 : (12, 21, 0.0, 493.4496, 1.5714)
454 : (16, 52, 0.1401, 207.2594, 1.1429)
455 : (24, 16, 0.0, 435.1542, 2.375)
456 : (1, 39, 2.7143, 189.228, 1.0)
457 : (39, 1, 0.0, 595.8401, 36.0)
458 : (2, 42, 1.5568, 102.9217, 1.0)
459 : (38, 2, 0.0, 497.0669, 18.0)
460 : (0, 40, 3.25, 173.6895, 0.0)
461 : (40, 0, 0.003, 573.4985, 0.0)
462 : (1, 39, 2.6053, 247.9514, 1.0)
463 : (39, 1, 0.0099, 581.8891, 2.0)
464 : (0, 42, 3.0227, 316.0761, 0.0)
465 : (40, 0, 0.0, 547.1465, 0.0)
466 : (0, 42, 1.8393, 283.6992, 0.0)
467 : (40, 0, 0.0087, 532.3734, 0.0)
468 : (0, 43, 2.2426, 246.0162, 0.0)
469 : (40, 0, 0.0062, 519.9641, 0.0)
470 : (1, 40, 2.1023, 141.8856, 1.0)
471 : (39, 1, 0.0097, 538.1009, 8.0)
472 : (11, 46, 1.4172, 165.5357, 1.375)
473 : (29, 11, 0.0, 428.0227, 3.8571)
474 : (7, 41, 1.7206, 166.06, 1.0)
475 : (33, 7, 0.0077, 436.8329, 5.0)
476 : (28, 65, 0.6838, 174.3219, 1.125)
477 : (12, 28, 0.0, 459.4645, 1.0909)
478 : (4, 41, 0.6568, 170.3842, 1.0)
479 : (36, 4, 0.0132, 616.501, 5.75)
480 : (4, 35, 1.019, 216.2061, 1.3333)
481 : (27, 4, 0.0043, 577.0867, 5.3333)
482 : (11, 38, 0.6783, 175.7674, 1.0)
483 : (29, 11, 0.0045, 559.8353, 2.7778)
484 : (5, 57, 0.1863, 118.2761, 1.0)
485 : (35, 5, 0.0299, 547.1517, 11.3333)
486 : (11, 70, 0.2002, 101.2061, 1.2222)
487 : (27, 11, 0.0089, 474.4025, 3.5714)
488 : (27, 60, 0.1491, 227.3752, 1.35)
489 : (13, 27, 0.0, 344.7878, 1.5714)
490 : (14, 46, 1.2735, 194.7542, 1.0)
491 : (22, 14, 0.0, 399.0271, 1.7273)
492 : (0, 40, 2.5385, 256.2021, 0.0)
493 : (40, 0, 0.0, 479.0634, 0.0)
494 : (2, 38, 0.6458, 200.4259, 1.0)
495 : (38, 2, 0.0123, 602.5527, 18.5)
496 : (29, 29, 0.2697, 306.1002, 2.0)
497 : (11, 29, 0.0, 335.5251, 1.5714)
498 : (7, 40, 0.055, 311.7828, 1.4)
499 : (33, 7, 0.0112, 515.4902, 5.25)
500 : (15, 36, 0.1037, 396.3152, 1.3636)
501 : (25, 15, 0.0093, 469.3846, 2.4)
502 : (11, 40, 0.0814, 320.5878, 1.375)
503 : (29, 11, 0.0, 429.9589, 3.8333)
504 : (34, 10, 0.0, 456.7209, 4.7143)
505 : (6, 34, 0.0278, 606.5205, 1.2)
506 : (29, 27, 0.0009, 332.4637, 2.1667)
507 : (11, 29, 0.0, 274.6859, 1.375)
508 : (38, 13, 0.0125, 419.875, 3.3636)
509 : (2, 38, 0.0, 289.8441, 1.0)
510 : (33, 17, 0.0205, 483.7897, 3.4444)
511 : (7, 33, 0.0, 415.6277, 1.4)
512 : (33, 19, 0.0, 353.2511, 2.5833)
513 : (7, 33, 0.0, 329.5353, 1.1667)
514 : (35, 15, 0.0073, 384.213, 3.0909)
515 : (5, 35, 0.0, 209.0667, 1.25)
516 : (1, 40, 1.0536, 274.5849, 1.0)
517 : (39, 1, 0.0, 489.1278, 35.0)
518 : (1, 39, 1.4167, 305.2246, 1.0)
519 : (39, 1, 0.0096, 498.6005, 37.0)
520 : (1, 39, 1.7143, 248.9843, 0.0)
521 : (39, 1, 0.0066, 591.3752, 39.0)
522 : (12, 47, 1.7081, 170.0188, 1.2)
523 : (28, 12, 0.0, 331.2967, 3.5714)
524 : (2, 38, 0.7, 256.6698, 1.0)
525 : (38, 2, 0.0, 507.7739, 18.5)
526 : (1, 42, 2.1591, 300.1107, 1.0)
527 : (39, 1, 0.0031, 595.5035, 24.0)
528 : (1, 41, 0.8571, 226.304, 1.0)
529 : (39, 1, 0.0063, 586.7126, 6.0)
530 : (17, 40, 0.5391, 152.4079, 1.3333)
531 : (23, 17, 0.0045, 527.2781, 2.3)
532 : (11, 46, 0.849, 172.4003, 1.2222)
533 : (29, 11, 0.004, 539.3575, 3.8571)
534 : (8, 35, 1.0407, 83.7278, 1.0)
535 : (32, 8, 0.0, 500.7202, 3.7143)
536 : (3, 42, 2.0403, 175.5736, 1.0)
537 : (37, 3, 0.0, 410.4291, 10.6667)
538 : (6, 36, 2.0588, 167.466, 1.0)
539 : (34, 6, 0.0, 463.6284, 6.0)
540 : (0, 3, 0.0, 0.0, 0.0)
541 : (3, 0, 0.0, 599.3854, 0.0)
542 : (0, 40, 2.25, 180.3522, 0.0)
543 : (40, 0, 0.0158, 608.8385, 0.0)
544 : (1, 40, 2.0263, 88.8067, 1.0)
545 : (39, 1, 0.0, 514.7474, 25.0)
546 : (1, 39, 2.0, 154.9288, 1.0)
547 : (39, 1, 0.0033, 518.4759, 24.0)
548 : (3, 43, 1.1306, 85.7381, 1.0)
549 : (37, 3, 0.0063, 490.808, 10.6667)
550 : (17, 30, 0.1138, 428.9733, 1.4167)
551 : (23, 17, 0.0, 296.9377, 1.8182)
552 : (0, 42, 1.3618, 99.4023, 0.0)
553 : (40, 0, 0.0144, 545.6615, 0.0)
554 : (1, 46, 1.9492, 259.7118, 1.0)
555 : (39, 1, 0.0, 492.7914, 7.0)
556 : (5, 40, 1.4671, 188.947, 1.0)
557 : (35, 5, 0.0104, 498.8983, 7.0)
558 : (5, 42, 1.3798, 197.2359, 1.0)
559 : (35, 5, 0.0, 564.0285, 8.0)
560 : (11, 45, 1.5273, 187.8904, 1.1)
561 : (29, 11, 0.0, 415.8512, 2.2222)
562 : (23, 19, 0.3104, 104.0769, 2.875)
563 : (17, 23, 0.0, 389.1411, 2.2857)
564 : (20, 20, 0.4318, 125.4892, 2.7143)
565 : (20, 20, 0.0, 431.4553, 2.5)
566 : (1, 39, 0.7614, 214.5458, 1.0)
567 : (39, 1, 0.0072, 486.332, 33.0)
568 : (2, 50, 0.6579, 114.0853, 1.0)
569 : (38, 2, 0.0, 473.587, 9.5)
570 : (1, 42, 2.45, 233.1707, 1.0)
571 : (39, 1, 0.0128, 601.2168, 21.0)
572 : (3, 38, 0.2069, 113.7491, 1.0)
573 : (37, 3, 0.0101, 590.2322, 8.3333)
574 : (22, 19, 0.2974, 113.0191, 2.75)
575 : (18, 22, 0.0, 367.1701, 2.125)
576 : (10, 38, 1.3404, 115.8503, 1.4286)
577 : (30, 10, 0.0033, 572.9374, 4.8333)
578 : (17, 24, 0.3816, 141.9317, 2.125)
579 : (23, 17, 0.0054, 508.9212, 3.0)
580 : (16, 24, 0.42, 107.0259, 1.5556)
581 : (24, 16, 0.0, 374.0464, 2.4)
582 : (19, 21, 0.3895, 126.3187, 1.875)
583 : (21, 19, 0.004, 536.6544, 2.3333)
584 : (11, 29, 0.7885, 152.7509, 1.5714)
585 : (29, 11, 0.0, 539.3502, 4.3333)
586 : (14, 26, 0.4269, 125.352, 1.625)
587 : (26, 14, 0.0, 568.3957, 2.8889)
588 : (25, 15, 0.4974, 137.9835, 2.875)
589 : (15, 25, 0.0, 398.2975, 1.875)
590 : (24, 18, 0.4237, 117.3345, 3.0)
591 : (16, 24, 0.0, 420.5412, 2.1429)
592 : (8, 32, 0.2727, 92.131, 1.6)
593 : (32, 8, 0.0, 416.2813, 5.4)
594 : (18, 22, 0.364, 121.2375, 2.25)
595 : (22, 18, 0.0044, 445.6708, 2.375)
596 : (21, 19, 0.6716, 142.7638, 1.9091)
597 : (19, 21, 0.0, 375.5586, 1.7)
598 : (10, 32, 0.9044, 78.9737, 1.4286)
599 : (30, 10, 0.0, 277.7763, 4.0)
600 : (21, 23, 0.8625, 88.6646, 1.75)
601 : (3, 21, 0.0025, 388.7104, 1.0)
602 : (23, 32, 0.7477, 96.2176, 1.2778)
603 : (12, 23, 0.0, 427.3028, 1.375)
604 : (20, 28, 0.7822, 104.3704, 1.4286)
605 : (15, 20, 0.0, 455.4941, 1.2222)
606 : (18, 38, 0.8205, 97.3786, 1.2857)
607 : (16, 18, 0.0037, 478.2584, 2.6667)
608 : (0, 1, 0.5938, 56.983, 0.0)
609 : (0, 0, 0.0, 0.0, 0.0)
610 : (31, 5, 0.6602, 82.8709, 6.0)
611 : (1, 31, 0.0, 348.0567, 1.0)
612 : (7, 66, 0.02, 135.1419, 1.0)
613 : (33, 13, 0.0015, 468.2499, 3.75)
614 : (2, 76, 0.0, 131.5299, 1.0)
615 : (38, 17, 0.0039, 482.3536, 2.4615)
616 : (2, 45, 1.3977, 200.3033, 1.0)
617 : (38, 26, 0.0078, 433.6791, 2.3125)
618 : (2, 47, 1.272, 194.6941, 1.0)
619 : (38, 29, 0.0042, 366.5341, 1.6364)
620 : (0, 0, 3.0, 145.2581, 0.0)
621 : (0, 0, 0.0, 315.4479, 0.0)
622 : (0, 3, 1.622, 139.6206, 0.0)
623 : (2, 0, 0.0, 241.8746, 0.0)
624 : (0, 5, 1.2083, 93.0394, 0.0)
625 : (3, 0, 0.0022, 447.0261, 0.0)
626 : (1, 39, 2.5192, 239.5032, 1.0)
627 : (39, 2, 0.0, 307.8895, 10.0)
628 : (0, 40, 0.0, 0.0, 0.0)
629 : (40, 0, 0.0, 598.4684, 0.0)
630 : (0, 40, 0.0, 0.0, 0.0)
631 : (40, 0, 0.0, 591.0599, 0.0)
632 : (0, 34, 1.1607, 109.1824, 0.0)
633 : (32, 0, 0.0016, 534.9742, 0.0)
634 : (0, 25, 1.0526, 121.1656, 0.0)
635 : (24, 0, 0.0012, 562.5452, 0.0)
636 : (0, 35, 3.0179, 202.299, 0.0)
637 : (35, 0, 0.0016, 566.9056, 0.0)
638 : (0, 27, 3.1364, 200.9835, 0.0)
639 : (27, 0, 0.0049, 569.6106, 0.0)
640 : (0, 7, 2.3182, 133.386, 0.0)
641 : (7, 0, 0.0035, 499.8277, 0.0)
642 : (5, 26, 1.0333, 107.2202, 1.0)
643 : (24, 5, 0.0121, 555.7825, 6.0)
644 : (0, 40, 1.95, 146.4685, 0.0)
645 : (39, 0, 0.0005, 536.0906, 0.0)
646 : (0, 7, 1.625, 138.2634, 0.0)
647 : (7, 0, 0.0037, 442.5286, 0.0)
648 : (0, 4, 1.8214, 119.8057, 0.0)
649 : (4, 0, 0.0055, 444.557, 0.0)
650 : (40, 22, 0.0025, 190.9369, 2.1333)
651 : (0, 40, 0.0, 486.3705, 0.0)
652 : (0, 16, 3.65, 201.8443, 0.0)
653 : (15, 0, 0.003, 593.5125, 0.0)
654 : (0, 14, 1.6765, 130.0529, 0.0)
655 : (13, 0, 0.0049, 543.9193, 0.0)
656 : (0, 28, 1.7875, 135.7553, 0.0)
657 : (24, 0, 0.0043, 580.0387, 0.0)
658 : (14, 27, 0.7511, 123.4723, 1.0)
659 : (8, 14, 0.0, 382.8885, 1.75)
660 : (15, 31, 0.7373, 125.1277, 1.5)
661 : (14, 15, 0.0044, 489.199, 1.8)
662 : (17, 40, 0.6426, 114.102, 1.0667)
663 : (21, 18, 0.0, 344.9895, 2.1)
664 : (17, 30, 0.6754, 121.6004, 1.3077)
665 : (13, 17, 0.0, 439.1194, 1.3)
666 : (19, 34, 0.5857, 109.5775, 1.4615)
667 : (14, 21, 0.0, 386.4512, 1.3333)
668 : (8, 25, 0.821, 129.1168, 1.6)
669 : (14, 8, 0.0079, 636.5436, 4.6667)
670 : (11, 30, 1.8537, 161.9875, 1.1)
671 : (7, 11, 0.0018, 420.2004, 2.3333)
672 : (26, 47, 0.7222, 123.9545, 1.4444)
673 : (14, 27, 0.0, 463.2989, 1.3)
674 : (2, 40, 0.9167, 115.8625, 1.0)
675 : (38, 2, 0.0018, 428.8835, 5.5)
676 : (1, 40, 0.8125, 86.9224, 1.0)
677 : (39, 1, 0.0, 538.8728, 2.0)
678 : (0, 40, 0.375, 112.5247, 0.0)
679 : (40, 0, 0.0, 661.67, 0.0)
680 : (0, 41, 2.1304, 237.778, 0.0)
681 : (40, 0, 0.0114, 587.182, 0.0)
682 : (0, 40, 2.5714, 248.2929, 0.0)
683 : (40, 1, 0.0, 440.2627, 7.0)
684 : (0, 40, 2.75, 166.6281, 0.0)
685 : (40, 0, 0.0008, 571.4562, 0.0)
686 : (2, 41, 0.7308, 71.4795, 1.0)
687 : (38, 6, 0.0008, 423.4735, 3.0)
688 : (5, 39, 1.303, 141.6101, 1.0)
689 : (35, 10, 0.0028, 371.6819, 4.125)
690 : (6, 46, 1.2651, 117.0342, 1.5)
691 : (34, 6, 0.0, 530.6667, 7.0)
692 : (2, 41, 0.6293, 219.815, 1.0)
693 : (38, 23, 0.007, 522.365, 2.0556)
694 : (0, 42, 1.0893, 274.3155, 0.0)
695 : (40, 11, 0.0052, 459.4488, 3.8889)
696 : (0, 43, 0.85, 230.1647, 0.0)
697 : (40, 11, 0.0061, 460.5926, 3.8)
698 : (0, 43, 0.6532, 178.798, 0.0)
699 : (40, 11, 0.0068, 551.4648, 4.875)
700 : (0, 41, 0.7177, 229.8716, 0.0)
701 : (40, 14, 0.009, 525.3199, 5.2857)
702 : (7, 40, 1.0139, 138.7317, 1.0)
703 : (33, 8, 0.0061, 466.2422, 4.5)
704 : (10, 45, 1.6489, 147.4998, 1.25)
705 : (30, 10, 0.0, 440.7419, 3.5714)
706 : (21, 13, 1.2663, 113.976, 2.0)
707 : (2, 21, 0.0, 338.1334, 1.0)
708 : (10, 30, 0.0385, 328.1655, 1.6667)
709 : (30, 10, 0.0043, 423.5735, 5.4)
710 : (0, 40, 1.0833, 125.9979, 0.0)
711 : (40, 0, 0.0, 639.3589, 0.0)
712 : (1, 40, 1.3942, 133.4955, 1.0)
713 : (39, 1, 0.0, 436.3823, 1.0)
714 : (3, 39, 1.3594, 86.9841, 1.0)
715 : (37, 3, 0.0, 420.5202, 9.0)
716 : (1, 40, 1.6944, 197.0614, 1.0)
717 : (39, 1, 0.0, 429.1274, 38.0)
718 : (8, 36, 0.8281, 171.0755, 1.3333)
719 : (32, 8, 0.0031, 451.3889, 7.75)
720 : (9, 41, 1.9912, 176.1924, 1.125)
721 : (31, 15, 0.0028, 430.2614, 2.2308)
722 : (6, 43, 1.8693, 171.5891, 1.0)
723 : (34, 19, 0.0039, 438.4152, 2.6154)
724 : (5, 40, 1.9239, 194.2499, 1.0)
725 : (35, 16, 0.0089, 474.7068, 2.6154)
726 : (16, 37, 0.8914, 145.1559, 1.1429)
727 : (24, 16, 0.0009, 509.5662, 1.8333)
728 : (4, 25, 0.5156, 88.267, 1.0)
729 : (22, 6, 0.003, 494.2985, 4.4)
730 : (4, 36, 1.2115, 134.2272, 1.0)
731 : (36, 4, 0.0081, 526.5111, 6.75)
732 : (12, 34, 0.8844, 120.8067, 1.2222)
733 : (28, 12, 0.0, 392.1122, 2.8)
734 : (17, 28, 1.0482, 109.9407, 1.5455)
735 : (23, 17, 0.0025, 534.8057, 2.2)
736 : (13, 28, 1.1351, 134.4606, 1.8571)
737 : (27, 13, 0.0004, 413.701, 4.3333)
738 : (17, 35, 1.041, 112.9373, 1.1333)
739 : (23, 17, 0.0, 336.4464, 1.75)
740 : (12, 28, 0.6964, 82.1163, 1.3333)
741 : (28, 12, 0.0, 547.744, 2.875)
742 : (13, 28, 1.2419, 117.846, 1.0833)
743 : (27, 13, 0.0, 364.8985, 2.1818)
744 : (14, 31, 0.5455, 75.1828, 1.5556)
745 : (26, 14, 0.0047, 520.7182, 2.6667)
746 : (14, 27, 0.6216, 115.5196, 1.4)
747 : (26, 15, 0.0, 361.087, 2.5)
748 : (9, 33, 0.6364, 104.7636, 1.2857)
749 : (31, 9, 0.0052, 485.2004, 4.5)
750 : (12, 32, 0.3108, 75.8914, 1.0909)
751 : (28, 13, 0.0, 388.3736, 2.6)
752 : (15, 30, 0.6136, 121.6332, 1.6667)
753 : (25, 16, 0.0, 484.8719, 3.4286)
754 : (12, 37, 0.0949, 292.8006, 1.3333)
755 : (28, 13, 0.0027, 435.6268, 3.8571)
756 : (6, 42, 0.0477, 234.6568, 1.2)
757 : (34, 7, 0.0073, 508.6349, 5.0)
758 : (9, 42, 0.0864, 294.712, 1.0)
759 : (31, 9, 0.0, 406.0038, 2.875)
760 : (9, 47, 0.0633, 254.132, 1.2857)
761 : (31, 9, 0.0, 490.3759, 3.2857)
762 : (11, 31, 0.516, 100.1279, 1.1)
763 : (29, 11, 0.0, 472.6735, 2.8)
764 : (18, 22, 0.5256, 71.6019, 2.0)
765 : (22, 18, 0.0, 420.4702, 2.5)
766 : (11, 32, 0.5865, 78.7191, 1.4286)
767 : (29, 12, 0.0018, 510.529, 3.625)
768 : (23, 18, 0.0529, 359.7046, 1.8182)
769 : (17, 23, 0.0032, 373.805, 1.5455)
770 : (11, 21, 0.6296, 115.4671, 1.25)
771 : (20, 11, 0.0, 462.3849, 2.5)
772 : (12, 28, 0.3981, 62.4443, 1.5714)
773 : (28, 12, 0.0, 404.3528, 3.5)
774 : (19, 22, 0.0111, 303.9871, 1.8571)
775 : (21, 19, 0.0, 391.9533, 2.625)
776 : (7, 9, 0.6181, 68.7693, 1.75)
777 : (8, 7, 0.0, 489.822, 3.5)
778 : (21, 19, 0.1302, 219.1688, 2.3333)
779 : (19, 21, 0.0, 421.2005, 1.5556)
780 : (5, 3, 0.15, 54.7709, 2.5)
781 : (3, 5, 0.0, 462.2606, 1.0)
782 : (28, 12, 0.4583, 93.9515, 2.25)
783 : (12, 28, 0.0008, 510.2796, 1.5)
784 : (14, 27, 0.6583, 88.7949, 1.5556)
785 : (26, 14, 0.0, 448.8659, 2.3333)
786 : (15, 25, 0.4919, 82.736, 1.6667)
787 : (25, 15, 0.0, 402.9495, 2.1111)
788 : (19, 21, 0.608, 72.5077, 2.1111)
789 : (21, 19, 0.0, 349.5223, 2.2222)
790 : (19, 21, 0.564, 125.6155, 1.6364)
791 : (21, 19, 0.0012, 401.7359, 1.75)
792 : (20, 20, 0.3311, 109.0443, 1.7)
793 : (20, 20, 0.0, 403.2207, 2.0)
794 : (24, 17, 0.3816, 112.0223, 2.3)
795 : (16, 24, 0.0, 375.9043, 1.6)
796 : (16, 24, 0.4167, 117.5937, 2.2857)
797 : (24, 16, 0.0, 451.8673, 3.8333)
798 : (21, 19, 0.55, 73.7391, 2.375)
799 : (19, 21, 0.0026, 539.4838, 2.1111)
800 : (25, 64, 0.6906, 146.229, 1.1364)
801 : (0, 25, 0.0, 316.239, 0.0)
802 : (22, 31, 0.9349, 62.8241, 1.375)
803 : (2, 22, 0.0063, 438.9084, 1.0)
804 : (35, 38, 0.8092, 59.0696, 1.4783)
805 : (5, 35, 0.0, 229.4921, 1.0)
806 : (30, 63, 0.1272, 226.6363, 1.3636)
807 : (3, 30, 0.0, 422.7614, 1.0)
808 : (39, 74, 0.3136, 198.6861, 1.2258)
809 : (1, 40, 0.0, 525.9446, 1.0)
810 : (3, 37, 0.4063, 60.4807, 1.5)
811 : (37, 3, 0.0029, 488.1324, 13.5)
812 : (24, 83, 0.3181, 183.5646, 1.1429)
813 : (8, 24, 0.0076, 483.6464, 1.6)
814 : (9, 77, 0.3089, 183.9025, 1.125)
815 : (5, 9, 0.0, 673.7949, 1.5)
816 : (18, 85, 0.3289, 181.9702, 1.2)
817 : (8, 18, 0.0, 472.1807, 2.0)
818 : (25, 92, 0.3105, 178.7355, 1.0417)
819 : (11, 25, 0.0, 351.5782, 1.2222)
820 : (10, 61, 0.3151, 171.5306, 1.0)
821 : (4, 10, 0.0, 496.2904, 1.3333)
822 : (29, 99, 0.3037, 179.9249, 1.1154)
823 : (7, 29, 0.0, 700.3693, 1.1667)
824 : (21, 98, 0.2299, 104.1264, 1.1667)
825 : (0, 21, 0.0, 642.8199, 0.0)
826 : (24, 84, 0.0899, 204.6084, 1.2778)
827 : (16, 24, 0.0012, 565.3581, 1.7778)
828 : (22, 87, 0.1065, 201.4921, 1.1667)
829 : (11, 22, 0.0, 690.5538, 1.8333)
830 : (23, 83, 0.0698, 186.8329, 1.2222)
831 : (17, 23, 0.0031, 459.455, 2.125)
832 : (20, 85, 0.0995, 188.1058, 1.0)
833 : (13, 20, 0.0012, 531.1992, 1.8333)
834 : (2, 44, 1.4508, 204.6052, 1.0)
835 : (38, 2, 0.0101, 455.8272, 17.0)
836 : (29, 104, 0.2769, 167.4415, 1.0)
837 : (6, 29, 0.0, 386.8015, 1.2)
838 : (34, 94, 0.2992, 184.7361, 1.0313)
839 : (6, 34, 0.0, 306.3694, 1.0)
840 : (29, 87, 0.2772, 182.0709, 1.16)
841 : (3, 29, 0.0, 420.2345, 1.0)
842 : (25, 92, 0.3136, 191.818, 1.1364)
843 : (10, 25, 0.0096, 431.5081, 1.4286)
844 : (24, 104, 0.299, 179.5443, 1.0909)
845 : (6, 24, 0.0, 439.5304, 2.0)
846 : (21, 86, 0.3725, 199.779, 1.1667)
847 : (11, 21, 0.004, 436.3096, 1.3333)
848 : (20, 98, 0.3197, 183.8322, 1.1111)
849 : (5, 20, 0.0, 536.3682, 1.6667)
850 : (25, 37, 1.8771, 167.7089, 1.3529)
851 : (15, 25, 0.0037, 574.2397, 2.1429)
852 : (19, 32, 1.6361, 146.7668, 1.1875)
853 : (15, 19, 0.0214, 611.6976, 1.5)
854 : (12, 40, 1.4288, 127.5952, 1.2)
855 : (19, 12, 0.0022, 628.2333, 3.0)
856 : (24, 45, 1.7015, 141.014, 1.2632)
857 : (16, 24, 0.0049, 536.7421, 1.6667)
858 : (23, 42, 1.3777, 129.0106, 1.15)
859 : (17, 23, 0.0034, 507.5931, 1.7778)
860 : (8, 36, 1.4018, 102.8695, 1.2)
861 : (31, 8, 0.0, 564.7046, 7.75)
862 : (28, 65, 0.8294, 187.6272, 1.08)
863 : (12, 28, 0.04, 435.4269, 1.0909)
864 : (1, 44, 2.2583, 187.8536, 1.0)
865 : (39, 1, 0.0, 427.3768, 24.0)
866 : (14, 36, 1.8447, 182.2974, 1.3333)
867 : (26, 14, 0.0051, 392.9113, 3.25)
868 : (1, 42, 1.6477, 203.6677, 1.0)
869 : (39, 1, 0.003, 672.7514, 2.0)
870 : (1, 43, 1.6979, 186.3917, 1.0)
871 : (39, 1, 0.0, 541.1426, 7.0)
872 : (15, 38, 1.5807, 144.0608, 1.0714)
873 : (20, 15, 0.0031, 555.6909, 2.0)
874 : (32, 11, 0.21, 320.6233, 2.6667)
875 : (8, 32, 0.0, 268.3347, 1.1429)
876 : (8, 41, 1.4318, 172.9085, 1.1429)
877 : (32, 8, 0.0, 527.8843, 3.1667)
878 : (2, 46, 1.7817, 229.4151, 1.0)
879 : (38, 2, 0.0, 532.5624, 5.0)
880 : (2, 43, 1.6845, 204.6382, 1.0)
881 : (38, 2, 0.0, 541.2105, 17.5)
882 : (6, 39, 1.4956, 178.8373, 1.25)
883 : (34, 6, 0.004, 488.2034, 8.5)
884 : (7, 38, 1.7326, 190.1708, 1.0)
885 : (33, 7, 0.0, 433.9915, 3.8571)
886 : (10, 37, 1.0147, 132.148, 1.0)
887 : (30, 10, 0.0, 505.2079, 3.625)
888 : (3, 37, 1.8676, 147.8767, 1.0)
889 : (37, 3, 0.0, 461.7058, 8.0)
890 : (1, 39, 0.6071, 140.6851, 1.0)
891 : (39, 1, 0.0057, 561.5058, 0.0)
892 : (1, 44, 1.9853, 147.0306, 1.0)
893 : (39, 1, 0.0094, 479.563, 17.0)
894 : (2, 35, 1.5, 136.4117, 1.0)
895 : (32, 2, 0.0, 590.891, 14.5)
896 : (6, 39, 1.9613, 150.7462, 1.0)
897 : (34, 6, 0.0149, 507.5105, 4.0)
898 : (12, 41, 1.1706, 134.794, 1.0)
899 : (28, 12, 0.0, 464.4349, 3.0)
900 : (1, 40, 1.8042, 215.5798, 0.0)
901 : (39, 1, 0.0203, 452.9926, 39.0)
902 : (32, 8, 0.2232, 338.0468, 4.0)
903 : (8, 32, 0.0, 407.1517, 1.1429)
904 : (1, 39, 2.053, 176.5838, 1.0)
905 : (39, 1, 0.0, 504.6372, 29.0)
906 : (6, 41, 1.6054, 185.7239, 1.0)
907 : (34, 6, 0.0, 372.8187, 5.6)
908 : (21, 39, 0.8822, 158.0402, 1.4615)
909 : (19, 21, 0.0, 311.0579, 1.9)
910 : (12, 43, 1.3057, 163.4547, 1.2)
911 : (28, 12, 0.0045, 470.4054, 3.125)
912 : (5, 43, 0.7433, 128.3927, 1.0)
913 : (35, 5, 0.0068, 557.0857, 7.0)
914 : (33, 8, 0.1648, 309.1831, 4.1429)
915 : (7, 33, 0.0, 284.1521, 1.1667)
916 : (30, 11, 0.1713, 319.2953, 2.6667)
917 : (10, 30, 0.0, 451.6847, 1.25)
918 : (32, 11, 0.0907, 238.1017, 2.3333)
919 : (8, 32, 0.0, 364.7936, 1.1429)
920 : (33, 13, 0.2143, 320.311, 4.4286)
921 : (7, 33, 0.0, 433.2385, 1.1667)
922 : (0, 5, 1.3889, 150.7483, 0.0)
923 : (2, 0, 0.0, 626.7595, 0.0)
924 : (31, 9, 0.1746, 344.4492, 4.0)
925 : (9, 31, 0.0, 676.8682, 1.8)
926 : (1, 39, 2.4286, 140.8978, 1.0)
927 : (39, 1, 0.0048, 499.1298, 3.0)
928 : (9, 42, 1.4481, 194.4464, 1.125)
929 : (31, 9, 0.0, 421.1343, 4.8333)
930 : (12, 20, 0.8455, 80.999, 1.0909)
931 : (2, 12, 0.0, 366.1121, 1.0)
932 : (11, 40, 1.3333, 146.5307, 1.0)
933 : (29, 11, 0.0088, 573.7733, 3.375)
934 : (11, 46, 1.6845, 144.7708, 1.0)
935 : (29, 11, 0.0076, 639.8267, 3.1111)
936 : (1, 43, 1.4746, 190.261, 1.0)
937 : (39, 1, 0.0, 521.4573, 26.0)
938 : (4, 44, 1.5441, 200.035, 1.0)
939 : (36, 4, 0.0, 490.5326, 7.6667)
940 : (25, 18, 0.1453, 272.5816, 2.0)
941 : (15, 26, 0.0, 431.5282, 1.6667)
942 : (6, 40, 1.8403, 168.3322, 1.2)
943 : (34, 6, 0.0, 403.7173, 5.25)
944 : (15, 38, 1.1298, 141.1417, 1.25)
945 : (25, 15, 0.0102, 521.1996, 2.1818)
946 : (14, 27, 0.1532, 78.3913, 1.5556)
947 : (26, 14, 0.0, 325.1005, 2.6667)
948 : (7, 41, 1.5291, 186.9909, 1.1667)
949 : (33, 7, 0.0037, 524.3213, 8.0)
950 : (12, 29, 0.3359, 76.4041, 2.0)
951 : (28, 12, 0.0042, 273.953, 3.0)
952 : (4, 7, 0.1944, 62.352, 1.0)
953 : (7, 4, 0.0, 216.238, 2.3333)
954 : (4, 36, 1.1111, 108.2328, 1.0)
955 : (36, 4, 0.0095, 439.9157, 8.5)
956 : (16, 24, 0.6426, 105.289, 1.7778)
957 : (24, 16, 0.0025, 478.2202, 2.4444)
958 : (15, 27, 0.7377, 91.0727, 1.875)
959 : (25, 15, 0.0048, 423.194, 3.4286)
960 : (20, 20, 0.2625, 96.833, 1.9)
961 : (20, 20, 0.0022, 446.1426, 2.0)
962 : (8, 34, 0.5862, 89.4204, 1.3333)
963 : (32, 8, 0.0, 443.0437, 4.3333)
964 : (4, 36, 0.7115, 55.2206, 1.0)
965 : (36, 4, 0.0012, 493.5296, 7.5)
966 : (12, 30, 0.8357, 83.3868, 1.7143)
967 : (28, 12, 0.0, 587.4044, 4.1667)
968 : (8, 33, 1.0357, 117.4954, 1.6)
969 : (32, 8, 0.0129, 589.9243, 7.75)
970 : (3, 38, 1.25, 92.4661, 3.0)
971 : (37, 3, 0.0025, 433.9062, 2.0)
972 : (5, 35, 1.0893, 106.5618, 1.0)
973 : (35, 5, 0.0012, 431.4396, 8.75)
974 : (5, 35, 1.4844, 142.4707, 1.25)
975 : (35, 5, 0.0, 486.4514, 8.25)
976 : (26, 16, 0.1813, 295.4536, 3.1429)
977 : (14, 26, 0.0, 343.5571, 2.0)
978 : (8, 34, 0.4848, 80.8826, 1.1429)
979 : (32, 8, 0.0, 347.935, 4.8)
980 : (17, 25, 0.75, 116.8787, 1.4167)
981 : (23, 17, 0.0, 226.1821, 2.0)
982 : (15, 25, 0.3952, 72.5628, 1.3636)
983 : (25, 15, 0.0033, 399.8802, 2.1)
984 : (22, 18, 0.266, 211.4114, 1.8333)
985 : (18, 22, 0.0, 394.9834, 1.5455)
986 : (15, 25, 0.2941, 70.9418, 1.875)
987 : (25, 15, 0.0025, 452.2094, 2.75)
988 : (18, 22, 0.723, 114.0284, 1.5)
989 : (22, 18, 0.0, 424.1646, 1.6364)
990 : (16, 26, 0.1076, 57.9126, 1.7778)
991 : (24, 16, 0.0, 413.4722, 2.3333)
992 : (16, 24, 0.6857, 359.7682, 2.0)
993 : (24, 16, 0.0061, 511.8983, 2.5714)
994 : (5, 2, 0.45, 89.3598, 4.0)
995 : (2, 5, 0.0, 601.7243, 2.0)
996 : (16, 24, 0.6857, 94.183, 1.3333)
997 : (24, 16, 0.0034, 373.2372, 2.0909)
998 : (14, 30, 0.6585, 59.389, 1.7143)
999 : (26, 14, 0.008, 427.3894, 3.7143)
1000 : (40, 95, 0.3279, 157.4971, 1.0263)
1001 : (0, 40, 0.0, 475.0172, 0.0)
1002 : (0, 26, 0.0, 191.8625, 0.0)
1003 : (26, 0, 0.0196, 583.8419, 0.0)
1004 : (0, 21, 0.0, 233.3143, 0.0)
1005 : (20, 0, 0.0054, 494.168, 0.0)
1006 : (0, 35, 0.0, 216.204, 0.0)
1007 : (34, 0, 0.0076, 614.3505, 0.0)
1008 : (0, 27, 0.0, 251.3373, 0.0)
1009 : (24, 0, 0.0088, 617.4664, 0.0)
1010 : (37, 23, 0.3686, 243.544, 2.6429)
1011 : (3, 37, 0.0227, 212.0183, 1.0)
1012 : (37, 24, 0.2786, 214.781, 2.0556)
1013 : (3, 37, 0.0, 99.4658, 1.0)
1014 : (39, 22, 0.4011, 257.3317, 2.125)
1015 : (1, 39, 0.0, 349.1805, 1.0)
1016 : (37, 27, 0.2729, 214.002, 2.0)
1017 : (3, 37, 0.0, 276.1251, 1.5)
1018 : (39, 16, 0.2618, 210.7501, 2.6154)
1019 : (1, 39, 0.0, 160.4969, 1.0)
1020 : (33, 75, 0.3749, 166.3971, 1.1034)
1021 : (2, 33, 0.0, 482.7896, 1.0)
1022 : (37, 44, 0.45, 138.1409, 1.5652)
1023 : (3, 37, 0.0, 232.9865, 1.0)
1024 : (35, 52, 0.4624, 135.6073, 1.2069)
1025 : (2, 35, 0.05, 409.2081, 1.0)
1026 : (36, 54, 0.3912, 129.6935, 1.375)
1027 : (4, 36, 0.0, 144.3831, 1.0)
1028 : (7, 37, 1.2583, 138.0936, 1.2)
1029 : (33, 7, 0.0, 477.8568, 5.5)
1030 : (2, 42, 0.25, 89.5866, 1.0)
1031 : (38, 2, 0.0033, 486.0085, 17.5)
1032 : (2, 14, 1.25, 167.6632, 1.0)
1033 : (13, 2, 0.0, 456.6617, 1.5)
1034 : (24, 38, 0.2078, 178.5484, 1.3529)
1035 : (16, 24, 0.0086, 348.6851, 2.0)
1036 : (21, 44, 0.2102, 177.7321, 1.4286)
1037 : (13, 21, 0.0109, 612.8209, 2.1667)
1038 : (19, 49, 0.2688, 196.6744, 1.3571)
1039 : (8, 19, 0.0, 359.6457, 2.0)
1040 : (26, 44, 1.6529, 143.7084, 1.3684)
1041 : (14, 26, 0.0, 402.5358, 1.8571)
1042 : (5, 11, 0.4643, 119.757, 1.25)
1043 : (0, 5, 0.0, 0.0, 0.0)
1044 : (33, 35, 0.4068, 122.8677, 1.7222)
1045 : (7, 33, 0.0, 102.1237, 1.1667)
1046 : (2, 16, 0.9153, 122.6007, 1.0)
1047 : (9, 2, 0.0, 422.4612, 4.0)
1048 : (10, 40, 1.1508, 117.7767, 1.1111)
1049 : (30, 10, 0.0018, 460.0683, 3.0)
1050 : (21, 42, 0.2923, 199.8611, 1.0526)
1051 : (13, 21, 0.0227, 724.8327, 1.4444)
1052 : (11, 21, 0.8734, 187.6507, 2.0)
1053 : (15, 12, 0.0, 472.6924, 3.0)
1054 : (17, 22, 0.8941, 184.9029, 1.5)
1055 : (15, 17, 0.0313, 441.2599, 1.6667)
1056 : (2, 42, 1.1842, 260.7443, 1.0)
1057 : (38, 2, 0.0066, 521.3207, 16.5)
1058 : (7, 40, 1.4079, 153.6701, 1.0)
1059 : (33, 7, 0.0, 379.9321, 4.1429)
1060 : (25, 43, 1.2992, 147.6286, 1.4118)
1061 : (15, 25, 0.0, 409.3413, 1.875)
1062 : (7, 43, 1.9713, 153.0602, 1.0)
1063 : (33, 7, 0.0071, 484.4178, 5.0)
1064 : (5, 41, 1.5321, 160.5486, 1.0)
1065 : (35, 5, 0.0017, 543.9177, 6.2)
1066 : (31, 19, 0.5299, 94.1062, 2.25)
1067 : (9, 31, 0.0, 290.7828, 1.5)
1068 : (1, 0, 0.0, 52.5213, 0.0)
1069 : (0, 1, 0.0, 408.6637, 0.0)
1070 : (19, 33, 0.2571, 306.7729, 1.3846)
1071 : (21, 19, 0.0057, 445.3645, 2.3333)
1072 : (21, 28, 0.0037, 411.256, 1.8182)
1073 : (19, 21, 0.0068, 465.279, 1.9)
1074 : (26, 25, 0.0018, 444.7498, 2.0)
1075 : (14, 26, 0.01, 547.6262, 1.625)
1076 : (7, 36, 0.9052, 122.2068, 1.4)
1077 : (33, 7, 0.0, 470.6855, 5.0)
1078 : (10, 39, 1.4367, 160.7348, 1.1111)
1079 : (30, 10, 0.0079, 412.9709, 3.6667)
1080 : (19, 21, 0.0158, 460.783, 1.7273)
1081 : (16, 19, 0.0083, 372.9525, 1.875)
1082 : (2, 43, 1.5781, 118.2042, 1.0)
1083 : (38, 2, 0.0, 514.4044, 6.0)
1084 : (15, 40, 1.3467, 132.4444, 1.3636)
1085 : (25, 15, 0.0, 405.1465, 2.625)
1086 : (10, 37, 1.5, 125.0744, 1.25)
1087 : (30, 10, 0.0, 487.4729, 4.1429)
1088 : (5, 44, 1.4853, 149.2323, 1.0)
1089 : (35, 5, 0.0, 487.2852, 8.0)
1090 : (8, 39, 1.3029, 144.3035, 1.0)
1091 : (32, 8, 0.0, 460.9907, 5.1667)
1092 : (15, 15, 1.233, 123.4544, 2.1667)
1093 : (12, 15, 0.0217, 441.9357, 2.0)
1094 : (10, 22, 1.0913, 126.4001, 1.5)
1095 : (18, 10, 0.0066, 348.1085, 3.6)
1096 : (10, 43, 1.4341, 174.8938, 1.0)
1097 : (30, 10, 0.0, 494.2575, 3.3333)
1098 : (11, 45, 1.4587, 115.7282, 1.5714)
1099 : (29, 11, 0.0, 333.4969, 4.0)
1100 : (5, 42, 1.0224, 139.9826, 1.25)
1101 : (35, 5, 0.0, 452.3503, 12.0)
1102 : (12, 39, 1.1602, 137.8566, 1.0)
1103 : (28, 12, 0.0, 431.4358, 2.5455)
1104 : (12, 45, 1.2463, 123.5131, 1.3333)
1105 : (28, 12, 0.0, 535.558, 3.8571)
1106 : (6, 40, 1.4942, 176.9326, 1.0)
1107 : (34, 6, 0.0071, 556.5987, 6.0)
1108 : (10, 12, 0.6778, 95.7505, 1.1667)
1109 : (10, 10, 0.0125, 433.1909, 1.6667)
1110 : (15, 27, 0.9052, 120.7899, 1.5)
1111 : (25, 15, 0.0038, 372.497, 3.5714)
1112 : (23, 15, 0.0099, 474.9235, 2.2)
1113 : (11, 23, 0.0, 388.9702, 1.2222)
1114 : (9, 38, 1.7642, 132.2969, 1.2857)
1115 : (31, 9, 0.0026, 586.7919, 6.0)
1116 : (13, 36, 1.3464, 113.5111, 1.4444)
1117 : (27, 13, 0.0, 219.149, 5.0)
1118 : (14, 14, 1.295, 136.0787, 2.0)
1119 : (14, 14, 0.0, 387.7024, 1.5714)
1120 : (21, 22, 1.0536, 123.8801, 1.75)
1121 : (19, 21, 0.0147, 394.6324, 1.5556)
1122 : (22, 26, 1.4921, 116.0135, 1.4667)
1123 : (18, 22, 0.0263, 406.555, 1.7)
1124 : (16, 31, 1.3517, 117.4372, 1.0714)
1125 : (24, 16, 0.0, 381.9654, 3.0)
1126 : (7, 18, 1.0538, 124.4227, 1.5)
1127 : (17, 7, 0.0, 396.5194, 4.25)
1128 : (20, 19, 0.9255, 106.8304, 2.1111)
1129 : (16, 20, 0.0078, 381.5196, 2.6667)
1130 : (3, 39, 1.6534, 138.8942, 1.0)
1131 : (37, 3, 0.0069, 481.5082, 9.0)
1132 : (10, 37, 1.8661, 158.6786, 1.5)
1133 : (30, 10, 0.0, 444.6682, 6.0)
1134 : (5, 38, 0.9423, 104.5642, 1.0)
1135 : (35, 5, 0.0, 468.1321, 6.4)
1136 : (4, 39, 1.0985, 127.1799, 1.0)
1137 : (36, 4, 0.0068, 456.9033, 8.0)
1138 : (4, 38, 1.3618, 164.4628, 1.0)
1139 : (36, 4, 0.019, 562.2126, 6.0)
1140 : (8, 39, 1.7413, 162.1149, 1.1429)
1141 : (32, 8, 0.0292, 434.4442, 5.2)
1142 : (8, 41, 1.5804, 144.0749, 1.1429)
1143 : (32, 8, 0.0, 510.3572, 4.2857)
1144 : (8, 40, 1.6951, 123.4821, 1.1429)
1145 : (32, 8, 0.0, 327.1403, 4.2857)
1146 : (10, 42, 1.7566, 171.2319, 1.0)
1147 : (30, 10, 0.0, 283.5359, 3.25)
1148 : (11, 17, 0.8869, 116.7175, 1.8)
1149 : (15, 11, 0.0172, 554.2231, 3.75)
1150 : (5, 40, 1.3841, 108.784, 1.0)
1151 : (35, 5, 0.0, 486.3741, 6.8)
1152 : (24, 21, 0.9174, 110.4618, 1.9167)
1153 : (16, 24, 0.0, 406.7044, 1.7778)
1154 : (29, 19, 0.4655, 83.8281, 1.9231)
1155 : (11, 29, 0.0119, 434.2753, 1.2222)
1156 : (10, 36, 1.94, 158.3561, 1.0)
1157 : (30, 10, 0.0, 251.8797, 2.8889)
1158 : (12, 36, 1.0882, 108.9649, 1.1111)
1159 : (28, 12, 0.0, 248.0187, 2.8)
1160 : (8, 38, 1.3081, 105.11, 1.1667)
1161 : (32, 8, 0.0, 258.4914, 5.3333)
1162 : (20, 18, 0.0053, 495.759, 2.0)
1163 : (13, 20, 0.0096, 405.4095, 1.4444)
1164 : (26, 16, 0.7079, 112.3869, 2.5556)
1165 : (14, 26, 0.0192, 496.4262, 1.5556)
1166 : (15, 18, 0.7736, 108.8772, 2.4)
1167 : (15, 15, 0.0053, 437.8561, 3.0)
1168 : (6, 11, 0.9897, 149.8076, 1.5)
1169 : (10, 6, 0.0, 322.5732, 2.25)
1170 : (14, 13, 0.9845, 95.975, 1.75)
1171 : (12, 14, 0.0, 414.9543, 1.2857)
1172 : (15, 28, 1.1007, 119.897, 1.5)
1173 : (25, 15, 0.0053, 532.3174, 2.4444)
1174 : (7, 25, 1.172, 109.039, 1.1667)
1175 : (23, 7, 0.0, 450.3719, 3.8333)
1176 : (8, 16, 0.8413, 99.9223, 2.0)
1177 : (16, 8, 0.0, 355.3102, 3.25)
1178 : (20, 17, 0.0077, 487.2212, 1.8182)
1179 : (13, 20, 0.0, 329.2071, 1.5)
1180 : (16, 34, 0.3707, 380.879, 1.6)
1181 : (24, 16, 0.0, 527.3775, 2.75)
1182 : (15, 21, 1.0766, 111.7401, 1.5556)
1183 : (21, 15, 0.0, 413.2022, 2.3333)
1184 : (16, 24, 1.3534, 136.8592, 1.5)
1185 : (24, 16, 0.0102, 386.3918, 2.1818)
1186 : (17, 23, 1.1088, 106.7752, 1.8889)
1187 : (23, 17, 0.0278, 463.6862, 2.5)
1188 : (6, 34, 1.9737, 115.6042, 1.0)
1189 : (34, 6, 0.0, 227.0123, 4.6667)
1190 : (14, 15, 1.0064, 110.3511, 2.8)
1191 : (15, 14, 0.0, 494.5556, 2.8)
1192 : (14, 12, 1.1016, 117.0903, 2.0)
1193 : (10, 14, 0.0, 255.1704, 2.5)
1194 : (16, 21, 1.1206, 109.7127, 1.6667)
1195 : (20, 16, 0.0, 259.5352, 2.2222)
1196 : (7, 22, 1.3901, 110.1741, 1.4)
1197 : (21, 7, 0.0, 238.7465, 3.8)
1198 : (10, 23, 1.4432, 126.1574, 1.4286)
1199 : (22, 10, 0.0, 269.2839, 2.8333)
1200 : (23, 76, 0.1642, 194.9604, 1.1579)
1201 : (17, 23, 0.0034, 363.806, 1.8889)
1202 : (26, 100, 0.1607, 177.959, 1.04)
1203 : (6, 26, 0.0, 371.9649, 1.0)
1204 : (24, 83, 0.1939, 200.7653, 1.2)
1205 : (16, 24, 0.0, 282.7986, 1.875)
1206 : (7, 58, 0.319, 147.7844, 1.1667)
1207 : (5, 7, 0.0042, 373.6137, 1.3333)
1208 : (11, 54, 0.3131, 150.2793, 1.0)
1209 : (5, 11, 0.007, 358.821, 1.6667)
1210 : (10, 48, 0.3319, 152.4896, 1.0)
1211 : (5, 11, 0.0075, 330.2723, 1.25)
1212 : (12, 56, 0.2874, 133.2649, 1.1)
1213 : (8, 13, 0.0033, 320.5237, 2.6667)
1214 : (9, 48, 0.3565, 156.5796, 1.0)
1215 : (6, 10, 0.0057, 430.3822, 1.5)
1216 : (8, 46, 0.3363, 155.0816, 1.0)
1217 : (7, 8, 0.0, 364.6865, 1.4)
1218 : (9, 51, 0.31, 159.2431, 1.125)
1219 : (5, 9, 0.0144, 399.7464, 1.0)
1220 : (0, 11, 0.3704, 155.4395, 0.0)
1221 : (3, 0, 0.0238, 420.109, 0.0)
1222 : (10, 53, 0.3148, 154.6824, 1.25)
1223 : (9, 11, 0.006, 377.3741, 1.6)
1224 : (31, 97, 0.2182, 211.8538, 1.0345)
1225 : (9, 31, 0.0046, 529.9098, 1.2857)
1226 : (28, 41, 0.1489, 164.2212, 1.2727)
1227 : (12, 28, 0.0047, 415.4792, 1.4286)
1228 : (2, 38, 0.2047, 111.9738, 2.0)
1229 : (35, 2, 0.0372, 621.2994, 27.0)
1230 : (2, 43, 1.4833, 163.9387, 1.0)
1231 : (38, 23, 0.0153, 467.7272, 2.7692)
1232 : (35, 23, 0.0072, 373.5029, 2.4615)
1233 : (5, 35, 0.0, 438.9235, 1.0)
1234 : (2, 45, 1.6486, 186.2793, 1.0)
1235 : (38, 26, 0.02, 469.8728, 1.6818)
1236 : (1, 43, 1.1324, 220.0922, 1.0)
1237 : (39, 25, 0.0101, 383.9542, 2.1765)
1238 : (0, 42, 1.4167, 369.0631, 0.0)
1239 : (40, 21, 0.0063, 499.2908, 2.7143)
1240 : (8, 36, 1.4744, 174.9005, 1.0)
1241 : (32, 19, 0.0049, 358.4631, 2.2308)
1242 : (3, 33, 0.8378, 155.665, 1.0)
1243 : (28, 16, 0.0031, 363.634, 2.6667)
1244 : (2, 46, 1.5125, 206.6709, 1.0)
1245 : (38, 25, 0.0266, 545.8322, 2.5714)
1246 : (0, 42, 0.5379, 267.2905, 0.0)
1247 : (40, 11, 0.0093, 399.3126, 3.9)
1248 : (0, 41, 0.4333, 153.3943, 0.0)
1249 : (38, 20, 0.0179, 379.8243, 2.1765)
1250 : (5, 38, 2.0473, 162.5017, 1.0)
1251 : (35, 35, 0.0005, 337.4964, 1.619)
1252 : (24, 22, 0.5565, 135.7681, 2.0)
1253 : (16, 24, 0.0, 308.4844, 1.75)
1254 : (38, 15, 0.5917, 115.1479, 3.0)
1255 : (2, 38, 0.0, 279.8542, 1.0)
1256 : (4, 39, 1.425, 185.4023, 1.0)
1257 : (36, 26, 0.0051, 437.4388, 2.0588)
1258 : (1, 22, 1.4, 171.5802, 1.0)
1259 : (21, 8, 0.0319, 500.1614, 3.5)
1260 : (3, 39, 0.2188, 129.8233, 1.0)
1261 : (37, 18, 0.0, 278.8532, 2.2308)
1262 : (0, 40, 0.9, 207.6755, 0.0)
1263 : (40, 18, 0.0054, 363.7918, 3.1667)
1264 : (1, 40, 0.6429, 181.7439, 1.0)
1265 : (39, 9, 0.0, 378.6331, 5.4286)
1266 : (2, 50, 1.55, 217.8389, 1.0)
1267 : (38, 21, 0.0058, 469.6642, 2.0588)
1268 : (8, 43, 1.1064, 156.2755, 1.0)
1269 : (32, 15, 0.0108, 464.3181, 2.6667)
1270 : (40, 5, 0.182, 290.8783, 7.8)
1271 : (0, 40, 0.0, 454.2883, 0.0)
1272 : (1, 41, 1.7, 158.24, 1.0)
1273 : (39, 1, 0.0124, 589.5126, 36.0)
1274 : (2, 38, 1.05, 125.8494, 1.0)
1275 : (38, 10, 0.0, 320.6963, 3.4)
1276 : (2, 38, 0.7143, 126.334, 1.0)
1277 : (38, 7, 0.0149, 498.6772, 6.1667)
1278 : (5, 41, 1.1736, 146.8256, 1.25)
1279 : (35, 13, 0.0134, 422.626, 4.7143)
1280 : (40, 21, 0.763, 124.5719, 2.0526)
1281 : (0, 40, 0.0081, 274.4592, 0.0)
1282 : (39, 9, 0.62, 130.4555, 3.3333)
1283 : (1, 39, 0.0, 583.3958, 1.0)
1284 : (6, 45, 1.4023, 153.4353, 1.0)
1285 : (34, 16, 0.0149, 452.0454, 3.4)
1286 : (7, 29, 1.4032, 185.8335, 1.1667)
1287 : (21, 11, 0.0175, 461.8085, 2.5)
1288 : (9, 31, 0.8068, 46.4614, 1.1429)
1289 : (31, 9, 0.0422, 559.6341, 4.4286)
1290 : (10, 30, 0.77, 56.0888, 2.5)
1291 : (30, 10, 0.0182, 500.4482, 5.6667)
1292 : (12, 28, 0.6964, 49.6673, 1.2)
1293 : (28, 12, 0.0128, 374.6109, 1.9)
1294 : (1, 29, 1.8333, 265.1076, 1.0)
1295 : (28, 13, 0.0116, 423.4839, 3.125)
1296 : (0, 1, 0.0, 0.0, 0.0)
1297 : (1, 0, 0.0, 399.943, 0.0)
1298 : (27, 17, 0.1267, 229.5445, 3.7143)
1299 : (13, 27, 0.0132, 437.1201, 1.8571)
1300 : (3, 47, 1.0, 191.5539, 1.0)
1301 : (37, 35, 0.0054, 303.6917, 1.3462)
1302 : (8, 50, 1.1863, 186.2851, 1.0)
1303 : (32, 21, 0.0182, 460.5234, 2.1333)
1304 : (31, 11, 0.0473, 309.7202, 4.8333)
1305 : (9, 31, 0.0045, 421.924, 1.8)
1306 : (4, 51, 1.2009, 210.5397, 1.0)
1307 : (36, 29, 0.0137, 371.5636, 1.619)
1308 : (6, 44, 1.1278, 203.4482, 1.0)
1309 : (34, 29, 0.0026, 339.6473, 2.0)
1310 : (30, 16, 0.0824, 186.7177, 2.9)
1311 : (10, 30, 0.0591, 519.8464, 1.4286)
1312 : (31, 13, 0.1333, 239.6682, 3.0)
1313 : (9, 31, 0.0185, 541.9071, 1.2857)
1314 : (33, 9, 0.1429, 263.0739, 3.875)
1315 : (7, 33, 0.0, 383.8778, 1.1667)
1316 : (10, 35, 0.7829, 92.4541, 1.4286)
1317 : (30, 25, 0.0126, 443.3552, 2.0714)
1318 : (7, 44, 1.1864, 146.7201, 1.0)
1319 : (33, 11, 0.0209, 530.9263, 3.1)
1320 : (14, 61, 1.4042, 180.5459, 1.0)
1321 : (24, 17, 0.0067, 437.2651, 1.6923)
1322 : (15, 40, 1.4241, 178.2122, 1.1818)
1323 : (25, 24, 0.0077, 413.8161, 1.3158)
1324 : (4, 39, 1.5515, 229.9828, 1.0)
1325 : (31, 6, 0.0068, 448.4696, 6.0)
1326 : (13, 41, 1.0074, 142.1416, 1.0909)
1327 : (27, 20, 0.0119, 471.3485, 2.0769)
1328 : (18, 38, 1.2606, 162.8223, 1.3846)
1329 : (22, 22, 0.0116, 466.7724, 1.75)
1330 : (30, 16, 0.6644, 128.27, 2.2308)
1331 : (10, 30, 0.0, 437.7122, 1.1111)
1332 : (25, 23, 0.6316, 133.603, 1.4706)
1333 : (15, 25, 0.0024, 442.5886, 1.5556)
1334 : (8, 39, 1.2315, 122.8655, 1.0)
1335 : (32, 19, 0.0101, 442.2468, 1.9333)
1336 : (19, 35, 1.5598, 171.0967, 1.2667)
1337 : (19, 22, 0.0125, 441.787, 1.9)
1338 : (17, 46, 1.3672, 150.3133, 1.2143)
1339 : (23, 21, 0.0286, 506.3854, 1.6923)
1340 : (9, 35, 0.8264, 140.3442, 1.125)
1341 : (31, 9, 0.0, 356.6164, 4.2857)
1342 : (2, 41, 1.4438, 211.7482, 1.0)
1343 : (38, 2, 0.0265, 517.8082, 14.5)
1344 : (7, 41, 1.12, 151.569, 1.1667)
1345 : (33, 7, 0.0, 397.2181, 5.0)
1346 : (13, 44, 0.8109, 126.5029, 1.0)
1347 : (26, 25, 0.0142, 475.5875, 1.4706)
1348 : (5, 16, 1.5, 195.0942, 1.0)
1349 : (10, 11, 0.005, 376.0193, 1.8)
1350 : (0, 41, 1.35, 249.1763, 0.0)
1351 : (40, 0, 0.0104, 452.688, 0.0)
1352 : (8, 43, 1.0089, 172.5759, 1.0)
1353 : (30, 8, 0.0019, 537.3066, 2.8333)
1354 : (3, 41, 1.2171, 188.7216, 1.0)
1355 : (37, 3, 0.0227, 397.2237, 9.3333)
1356 : (22, 28, 0.6212, 120.47, 1.4667)
1357 : (18, 31, 0.0225, 431.8129, 1.4167)
1358 : (10, 49, 1.0035, 133.2614, 1.1111)
1359 : (30, 21, 0.018, 448.3578, 2.5455)
1360 : (12, 47, 0.9358, 133.3949, 1.0909)
1361 : (28, 18, 0.0126, 492.2552, 2.7)
1362 : (10, 47, 1.7027, 173.9273, 1.0)
1363 : (30, 25, 0.0116, 400.4094, 1.9333)
1364 : (4, 27, 1.2143, 199.369, 1.0)
1365 : (20, 10, 0.0081, 429.3678, 2.5)
1366 : (7, 35, 0.5833, 87.9687, 1.4)
1367 : (33, 7, 0.0, 347.127, 5.75)
1368 : (35, 17, 0.6698, 122.4647, 2.5385)
1369 : (5, 35, 0.0, 208.4949, 1.0)
1370 : (29, 20, 0.491, 109.0754, 2.3636)
1371 : (11, 29, 0.0171, 391.4817, 1.8333)
1372 : (2, 38, 1.1563, 118.7343, 1.0)
1373 : (38, 2, 0.0, 531.6678, 22.0)
1374 : (11, 23, 0.8516, 122.4655, 1.25)
1375 : (21, 11, 0.0022, 478.2652, 2.625)
1376 : (9, 34, 0.7653, 116.6108, 1.5)
1377 : (31, 9, 0.0154, 439.7104, 3.6667)
1378 : (12, 29, 1.6442, 141.9971, 1.7143)
1379 : (28, 12, 0.0101, 351.1142, 4.5)
1380 : (20, 21, 0.6667, 108.9731, 1.6667)
1381 : (20, 20, 0.0021, 380.8078, 2.5)
1382 : (20, 21, 0.5814, 101.1838, 2.0)
1383 : (20, 20, 0.0325, 495.9576, 2.375)
1384 : (18, 25, 0.5913, 120.985, 1.6364)
1385 : (22, 18, 0.0288, 412.3642, 1.9)
1386 : (10, 30, 0.7151, 112.4563, 1.6667)
1387 : (30, 10, 0.0414, 475.0608, 2.8333)
1388 : (18, 22, 0.7143, 107.4201, 1.8889)
1389 : (22, 18, 0.0041, 367.6082, 2.4444)
1390 : (14, 30, 0.4043, 86.0126, 1.5556)
1391 : (26, 14, 0.0226, 436.0375, 4.1667)
1392 : (15, 28, 0.4348, 62.0302, 1.6667)
1393 : (25, 15, 0.0, 311.2383, 3.4286)
1394 : (11, 30, 0.7051, 106.4646, 1.25)
1395 : (29, 11, 0.0207, 375.2604, 3.2222)
1396 : (13, 29, 0.5946, 135.7565, 1.4444)
1397 : (27, 13, 0.0, 319.4627, 3.5714)
1398 : (12, 33, 0.7819, 100.7684, 1.5)
1399 : (28, 12, 0.0121, 521.7364, 3.7143)
1400 : (1, 34, 2.3707, 300.9896, 1.0)
1401 : (30, 1, 0.0041, 645.8746, 4.0)
1402 : (0, 14, 0.15, 107.9981, 0.0)
1403 : (8, 0, 0.0, 613.3685, 0.0)
1404 : (19, 77, 0.2411, 147.5442, 1.1176)
1405 : (13, 19, 0.016, 574.7024, 2.6)
1406 : (2, 30, 2.8714, 252.8774, 1.0)
1407 : (27, 2, 0.0, 554.4349, 12.0)
1408 : (13, 49, 1.5405, 173.9232, 1.0)
1409 : (25, 15, 0.0, 382.1234, 1.9231)
1410 : (13, 34, 1.4903, 137.7005, 1.0833)
1411 : (19, 14, 0.0145, 576.0577, 1.625)
1412 : (6, 34, 2.2684, 164.2353, 1.2)
1413 : (28, 6, 0.0022, 448.1338, 8.6667)
1414 : (3, 29, 2.582, 158.8721, 1.0)
1415 : (27, 3, 0.0064, 616.9473, 9.0)
1416 : (3, 23, 1.0259, 121.7793, 1.0)
1417 : (19, 3, 0.0, 408.964, 6.3333)
1418 : (19, 45, 0.7029, 108.0773, 1.125)
1419 : (21, 19, 0.0145, 456.8028, 2.1)
1420 : (11, 33, 1.3628, 146.006, 1.0)
1421 : (19, 11, 0.0038, 637.8489, 1.875)
1422 : (8, 22, 1.2048, 119.2796, 1.6)
1423 : (7, 8, 0.0, 355.8322, 2.0)
1424 : (8, 30, 0.8059, 104.2702, 1.1429)
1425 : (17, 8, 0.0071, 415.919, 3.0)
1426 : (15, 33, 0.7389, 112.5025, 1.5)
1427 : (17, 15, 0.0, 455.6534, 2.5)
1428 : (21, 19, 0.3093, 190.1826, 1.9091)
1429 : (19, 21, 0.0106, 399.7381, 1.8)
1430 : (5, 37, 2.2875, 227.6659, 1.0)
1431 : (35, 5, 0.003, 506.8988, 5.8)
1432 : (3, 38, 0.931, 107.0516, 1.0)
1433 : (37, 4, 0.0, 553.6986, 5.0)
1434 : (15, 36, 1.3404, 131.9025, 1.1538)
1435 : (22, 15, 0.0, 639.6404, 3.0)
1436 : (16, 39, 1.3325, 146.1426, 1.3333)
1437 : (19, 16, 0.0, 471.6862, 2.25)
1438 : (3, 28, 2.6, 130.1848, 1.0)
1439 : (24, 3, 0.0102, 380.7216, 8.5)
1440 : (2, 33, 1.8733, 214.7809, 1.0)
1441 : (23, 2, 0.0085, 442.2064, 11.5)
1442 : (7, 30, 1.5743, 179.7458, 1.1667)
1443 : (19, 7, 0.0119, 640.9033, 3.8)
1444 : (11, 28, 0.6951, 68.177, 1.2222)
1445 : (23, 11, 0.0, 469.2194, 2.8571)
1446 : (10, 22, 0.4103, 104.9206, 1.2857)
1447 : (19, 10, 0.0, 376.7459, 4.75)
1448 : (9, 36, 2.2839, 108.7814, 1.5)
1449 : (31, 9, 0.0023, 596.5199, 6.75)
1450 : (5, 38, 2.775, 110.0041, 1.0)
1451 : (35, 5, 0.0101, 620.9262, 5.4)
1452 : (14, 32, 2.9603, 148.5863, 1.2727)
1453 : (26, 14, 0.012, 633.6431, 2.6667)
1454 : (9, 31, 2.5096, 121.7784, 1.2857)
1455 : (23, 9, 0.003, 486.9495, 3.1429)
1456 : (4, 36, 1.7353, 124.6552, 1.3333)
1457 : (36, 4, 0.0064, 552.6288, 10.3333)
1458 : (11, 36, 1.2661, 159.8419, 1.2222)
1459 : (19, 11, 0.0051, 578.9217, 3.1667)
1460 : (5, 34, 1.8788, 206.9095, 1.25)
1461 : (24, 5, 0.0078, 562.0857, 3.0)
1462 : (7, 38, 2.6917, 126.0955, 1.1667)
1463 : (33, 7, 0.0022, 486.065, 4.8333)
1464 : (9, 30, 1.4437, 163.4335, 1.125)
1465 : (17, 9, 0.0, 352.6791, 1.8333)
1466 : (6, 37, 1.8967, 146.1616, 1.0)
1467 : (25, 6, 0.0084, 428.8778, 3.6)
1468 : (1, 40, 1.6667, 178.6867, 0.0)
1469 : (38, 1, 0.0, 658.5618, 38.0)
1470 : (8, 34, 2.0377, 126.8948, 1.1429)
1471 : (32, 9, 0.0038, 508.1299, 4.4286)
1472 : (3, 41, 2.6983, 160.0605, 1.0)
1473 : (37, 3, 0.0019, 457.9546, 10.0)
1474 : (6, 38, 2.432, 184.6434, 1.2)
1475 : (34, 6, 0.0, 492.2959, 6.5)
1476 : (9, 25, 2.4125, 117.6844, 1.8)
1477 : (24, 9, 0.01, 548.4539, 4.6)
1478 : (11, 38, 1.9904, 114.481, 1.4286)
1479 : (29, 11, 0.0, 541.392, 4.8333)
1480 : (8, 34, 2.4228, 109.636, 1.0)
1481 : (32, 8, 0.0, 438.2152, 3.7143)
1482 : (10, 36, 1.8302, 92.2211, 1.1111)
1483 : (30, 10, 0.0, 481.3473, 3.5)
1484 : (6, 42, 2.0645, 115.3475, 1.0)
1485 : (34, 6, 0.0019, 643.7047, 7.25)
1486 : (9, 31, 0.6667, 80.5551, 1.1429)
1487 : (31, 9, 0.0136, 608.2433, 4.4286)
1488 : (21, 21, 0.0032, 380.0079, 2.3333)
1489 : (19, 21, 0.0114, 449.8563, 1.875)
1490 : (27, 21, 0.0, 296.8042, 2.0)
1491 : (13, 27, 0.0, 345.9013, 1.625)
1492 : (25, 22, 0.0, 290.5758, 1.9231)
1493 : (15, 25, 0.0, 462.9955, 1.4)
1494 : (10, 26, 0.0313, 68.884, 1.4286)
1495 : (26, 11, 0.0, 486.7556, 3.6667)
1496 : (28, 24, 0.4211, 150.7742, 1.6667)
1497 : (12, 28, 0.0, 527.4559, 1.0909)
1498 : (16, 21, 0.4567, 167.3432, 1.875)
1499 : (16, 16, 0.0, 602.7676, 2.0)
1500 : (16, 13, 0.413, 54.3428, 2.6667)
1501 : (13, 16, 0.0041, 431.2328, 2.4)
1502 : (4, 23, 0.6053, 78.7501, 1.3333)
1503 : (23, 4, 0.0, 534.9296, 8.5)
1504 : (11, 35, 1.6796, 98.6937, 1.4286)
1505 : (24, 11, 0.0054, 493.2572, 3.0)
1506 : (11, 34, 2.559, 117.1429, 1.2222)
1507 : (27, 11, 0.0, 490.1258, 3.25)
1508 : (10, 31, 2.6513, 130.3842, 1.0)
1509 : (24, 10, 0.0076, 563.7711, 3.4286)
1510 : (8, 37, 2.5559, 128.4586, 1.1429)
1511 : (28, 8, 0.0, 654.9261, 2.2)
1512 : (6, 34, 2.5341, 94.6113, 1.5)
1513 : (34, 6, 0.0036, 628.2271, 8.25)
1514 : (9, 35, 2.0448, 137.949, 1.0)
1515 : (31, 9, 0.0167, 453.8417, 3.375)
1516 : (12, 34, 2.0268, 122.6105, 1.1)
1517 : (28, 12, 0.0, 485.1502, 3.1111)
1518 : (15, 33, 1.5833, 89.9422, 1.4)
1519 : (25, 15, 0.0154, 486.4452, 4.1667)
1520 : (5, 36, 2.9688, 166.3091, 1.0)
1521 : (35, 5, 0.0, 448.1545, 6.6)
1522 : (9, 39, 1.4918, 93.3385, 1.125)
1523 : (31, 9, 0.0, 392.2375, 4.6667)
1524 : (21, 19, 0.1, 83.0871, 2.0)
1525 : (19, 21, 0.0, 356.9824, 1.9)
1526 : (14, 26, 0.0833, 103.8173, 1.1818)
1527 : (26, 14, 0.0105, 504.4915, 2.3636)
1528 : (15, 25, 0.1014, 108.3323, 1.6667)
1529 : (25, 15, 0.0083, 332.982, 2.4444)
1530 : (5, 25, 1.5833, 124.6126, 1.3333)
1531 : (25, 5, 0.007, 522.9524, 6.25)
1532 : (10, 30, 2.125, 106.035, 2.0)
1533 : (30, 10, 0.002, 408.5214, 7.0)
1534 : (10, 36, 2.5921, 136.2975, 1.25)
1535 : (30, 10, 0.0117, 501.3093, 4.1429)
1536 : (6, 36, 1.2222, 69.0945, 1.6667)
1537 : (34, 6, 0.0095, 630.5958, 11.3333)
1538 : (21, 27, 0.6667, 36.7527, 2.0)
1539 : (19, 21, 0.0, 505.1872, 3.1667)
1540 : (16, 38, 1.4088, 178.0054, 1.1429)
1541 : (22, 16, 0.0, 584.6404, 2.625)
1542 : (12, 27, 0.8224, 112.9707, 2.0)
1543 : (27, 12, 0.0, 575.4282, 3.4)
1544 : (12, 26, 1.0588, 108.5488, 1.7143)
1545 : (26, 12, 0.0192, 538.2144, 3.3333)
1546 : (26, 14, 0.5781, 81.0412, 2.75)
1547 : (14, 26, 0.0, 318.1591, 1.5556)
1548 : (21, 18, 0.4844, 60.0745, 2.3333)
1549 : (18, 21, 0.0, 374.2428, 2.0)
1550 : (33, 7, 0.3819, 87.6249, 3.5)
1551 : (7, 33, 0.0, 466.5789, 1.1667)
1552 : (29, 11, 0.2852, 78.5028, 3.5)
1553 : (11, 30, 0.0047, 469.9796, 1.375)
1554 : (3, 37, 0.35, 39.402, 1.5)
1555 : (37, 3, 0.0033, 655.9105, 11.5)
1556 : (23, 17, 0.648, 99.0521, 2.5556)
1557 : (17, 24, 0.0, 160.0408, 1.75)
1558 : (18, 22, 0.8693, 109.2858, 1.8889)
1559 : (22, 18, 0.0, 482.4725, 2.2)
1560 : (20, 20, 0.4293, 68.519, 1.8)
1561 : (20, 21, 0.0, 257.3677, 1.8182)
1562 : (13, 18, 0.8448, 100.1089, 2.1667)
1563 : (18, 13, 0.0, 478.4413, 2.8333)
1564 : (18, 22, 0.8833, 87.7901, 1.6364)
1565 : (22, 18, 0.0353, 624.6904, 1.8182)
1566 : (15, 25, 0.5777, 79.0761, 1.5)
1567 : (25, 16, 0.0025, 420.2605, 2.4)
1568 : (10, 30, 0.4643, 79.0993, 1.0)
1569 : (30, 10, 0.0168, 433.1353, 3.3333)
1570 : (20, 28, 0.0, 252.6135, 1.4167)
1571 : (20, 20, 0.0, 479.8521, 2.2222)
1572 : (6, 34, 0.0263, 42.604, 2.0)
1573 : (34, 6, 0.0041, 688.1605, 6.6667)
1574 : (11, 29, 0.1081, 50.7967, 1.5714)
1575 : (29, 11, 0.0046, 506.3029, 4.0)
1576 : (27, 13, 0.4155, 183.4043, 2.6667)
1577 : (13, 27, 0.024, 515.5941, 1.3)
1578 : (18, 22, 0.4111, 169.724, 2.25)
1579 : (22, 18, 0.0, 431.1389, 2.375)
1580 : (9, 31, 0.4524, 36.6122, 1.0)
1581 : (31, 9, 0.0023, 664.4398, 7.75)
1582 : (25, 15, 0.5402, 90.7485, 2.5556)
1583 : (15, 25, 0.0109, 531.7671, 1.6667)
1584 : (24, 16, 0.6875, 88.0463, 3.0)
1585 : (16, 24, 0.0039, 464.091, 1.5714)
1586 : (4, 36, 1.5625, 88.3132, 1.3333)
1587 : (36, 4, 0.0, 483.1254, 6.3333)
1588 : (17, 23, 0.0897, 38.5563, 2.125)
1589 : (23, 18, 0.0088, 512.1299, 2.5)
1590 : (21, 19, 0.2093, 58.4402, 2.0)
1591 : (19, 21, 0.0, 448.2476, 1.9)
1592 : (31, 9, 0.1835, 138.4323, 3.8571)
1593 : (9, 31, 0.0, 446.7881, 1.2857)
1594 : (18, 22, 0.369, 70.5089, 2.5714)
1595 : (22, 18, 0.0, 511.1121, 3.3333)
1596 : (13, 27, 0.6379, 59.778, 1.625)
1597 : (27, 13, 0.0074, 525.2615, 3.25)
1598 : (6, 34, 0.7778, 96.5153, 1.2)
1599 : (34, 6, 0.0, 544.1925, 2.8)
1600 : (21, 71, 0.4067, 107.6881, 1.2353)
1601 : (6, 21, 0.0, 300.9245, 1.6667)
1602 : (29, 29, 0.1599, 302.5272, 2.0)
1603 : (11, 30, 0.0227, 433.5437, 1.375)
1604 : (4, 30, 1.5167, 184.7595, 1.0)
1605 : (20, 4, 0.0, 437.433, 2.75)
1606 : (27, 20, 17.5423, 210.5611, 2.0)
1607 : (13, 28, 0.0071, 359.0365, 1.4444)
1608 : (23, 25, 25.7101, 309.5965, 1.75)
1609 : (17, 24, 0.0, 415.3491, 1.5455)
1610 : (18, 22, 14.1118, 171.0601, 1.3846)
1611 : (13, 19, 0.0, 338.0265, 1.3333)
1612 : (25, 19, 18.6278, 224.2872, 2.2727)
1613 : (15, 26, 0.0064, 308.9857, 1.2)
1614 : (27, 16, 16.7744, 109.1149, 3.0)
1615 : (13, 27, 0.0, 342.974, 2.6)
1616 : (23, 24, 16.5516, 107.5395, 1.5333)
1617 : (17, 24, 0.0066, 298.5549, 1.4545)
1618 : (2, 21, 0.4167, 41.9818, 1.0)
1619 : (20, 2, 0.0, 508.4765, 9.5)
1620 : (13, 43, 0.2259, 86.5549, 1.1818)
1621 : (17, 13, 0.0, 448.8942, 1.75)
1622 : (36, 21, 7.9583, 308.0881, 2.3333)
1623 : (4, 36, 0.0, 209.4348, 1.3333)
1624 : (39, 14, 15.6727, 232.6533, 2.6667)
1625 : (1, 39, 0.0, 213.1485, 1.0)
1626 : (32, 20, 30.1792, 361.9814, 2.4615)
1627 : (8, 32, 0.0, 329.7627, 1.1667)
1628 : (35, 10, 20.4034, 114.2913, 5.3333)
1629 : (5, 35, 0.0, 290.2115, 1.6667)
1630 : (34, 26, 3.0263, 121.8012, 1.5455)
1631 : (6, 34, 0.0, 357.2951, 1.3333)
1632 : (37, 19, 4.9276, 195.8878, 2.5714)
1633 : (3, 37, 0.05, 576.5031, 1.0)
1634 : (3, 28, 1.6222, 195.8254, 1.0)
1635 : (23, 3, 0.0, 395.9272, 6.6667)
1636 : (0, 13, 1.85, 235.8609, 0.0)
1637 : (11, 0, 0.0104, 562.9175, 0.0)
1638 : (6, 33, 1.2931, 144.1954, 1.0)
1639 : (28, 6, 0.0, 514.1398, 3.6667)
1640 : (36, 22, 0.1762, 309.6296, 2.7692)
1641 : (4, 36, 0.0, 311.8917, 1.5)
1642 : (29, 26, 0.208, 349.8304, 2.0769)
1643 : (11, 31, 0.0, 523.995, 1.375)
1644 : (32, 17, 0.208, 341.9795, 2.8182)
1645 : (8, 33, 0.0, 363.3949, 1.3333)
1646 : (30, 17, 15.4512, 100.4319, 2.4545)
1647 : (10, 31, 0.0, 456.4014, 1.4286)
1648 : (39, 6, 26.9216, 333.1357, 5.4)
1649 : (1, 40, 0.0, 307.632, 1.0)
1650 : (0, 41, 0.0, 93.5549, 0.0)
1651 : (40, 0, 0.0118, 530.1208, 0.0)
1652 : (35, 20, 19.6699, 244.3768, 2.4286)
1653 : (5, 35, 0.0, 679.7062, 1.0)
1654 : (37, 17, 17.8221, 220.9244, 4.0)
1655 : (3, 37, 0.0, 441.4415, 1.0)
1656 : (4, 25, 0.8977, 85.5298, 1.0)
1657 : (21, 4, 0.0, 411.3623, 3.5)
1658 : (13, 23, 6.1455, 167.236, 1.2)
1659 : (14, 13, 0.0, 552.9874, 3.5)
1660 : (11, 24, 11.0671, 295.1047, 1.2857)
1661 : (19, 11, 0.0, 490.8715, 2.375)
1662 : (37, 21, 16.1597, 87.9586, 2.0)
1663 : (3, 37, 0.0, 826.23, 1.0)
1664 : (32, 18, 23.7303, 128.078, 2.8182)
1665 : (8, 32, 0.0, 403.1615, 1.3333)
1666 : (20, 22, 16.375, 437.3351, 1.7273)
1667 : (18, 20, 0.0057, 583.6834, 2.0)
1668 : (36, 14, 24.0509, 304.438, 3.5)
1669 : (4, 36, 0.0, 428.8321, 1.0)
1670 : (26, 42, 0.2304, 86.6491, 1.1364)
1671 : (14, 26, 0.0, 508.1202, 1.75)
1672 : (34, 17, 13.7727, 72.8783, 3.4)
1673 : (6, 34, 0.0, 380.408, 1.3333)
1674 : (19, 31, 0.3155, 27.1118, 1.2857)
1675 : (16, 20, 0.0, 525.2491, 2.6667)
1676 : (27, 23, 24.9656, 54.267, 1.8333)
1677 : (13, 27, 0.0, 557.8856, 1.8571)
1678 : (36, 14, 9.9167, 59.6726, 3.1818)
1679 : (4, 36, 0.0, 521.9832, 1.3333)
1680 : (33, 15, 13.5101, 73.6338, 2.6667)
1681 : (7, 33, 0.0156, 510.749, 1.1667)
1682 : (37, 15, 22.4186, 146.9305, 2.75)
1683 : (3, 37, 0.0, 256.8098, 1.0)
1684 : (35, 13, 20.2445, 94.7764, 2.8889)
1685 : (5, 35, 0.0, 416.9591, 1.25)
1686 : (14, 20, 9.1986, 245.4531, 1.1667)
1687 : (15, 14, 0.0, 376.3269, 1.75)
1688 : (25, 17, 0.0479, 310.1143, 3.5714)
1689 : (13, 26, 0.0, 583.2305, 1.8571)
1690 : (20, 23, 19.5773, 98.1482, 2.375)
1691 : (20, 20, 0.0136, 353.6628, 2.5)
1692 : (33, 11, 0.1133, 309.2635, 3.375)
1693 : (7, 34, 0.0, 475.1939, 1.4)
1694 : (30, 19, 0.1075, 292.0186, 2.3077)
1695 : (10, 31, 0.0, 572.9996, 1.8)
1696 : (31, 16, 0.3469, 320.4201, 2.7273)
1697 : (9, 31, 0.0, 721.8802, 1.5)
1698 : (32, 22, 21.0773, 112.1296, 2.4615)
1699 : (8, 33, 0.0, 287.4315, 1.1667)
1700 : (13, 28, 20.3474, 249.5557, 1.625)
1701 : (20, 13, 0.0127, 437.5063, 2.8333)
1702 : (14, 22, 11.934, 234.8961, 3.0)
1703 : (21, 14, 0.0109, 488.8847, 5.25)
1704 : (4, 25, 10.0179, 198.1537, 1.3333)
1705 : (25, 4, 0.0154, 481.5671, 11.0)
1706 : (34, 9, 16.2219, 201.5009, 3.625)
1707 : (6, 34, 0.0, 339.4808, 1.2)
1708 : (30, 15, 16.0777, 199.6983, 4.0)
1709 : (10, 30, 0.0, 488.644, 2.0)
1710 : (31, 30, 5.1703, 200.7478, 1.4706)
1711 : (9, 31, 0.0, 441.6315, 1.125)
1712 : (32, 24, 6.4685, 250.9286, 2.2143)
1713 : (8, 32, 0.0, 407.5944, 1.1429)
1714 : (35, 10, 17.0466, 108.5724, 4.25)
1715 : (5, 35, 0.0, 528.8839, 1.6667)
1716 : (35, 8, 0.1099, 436.0571, 3.5714)
1717 : (5, 37, 0.0, 425.5743, 1.25)
1718 : (14, 26, 19.678, 241.1088, 1.75)
1719 : (23, 17, 0.0, 433.1284, 1.7778)
1720 : (31, 22, 21.4266, 138.5057, 2.0833)
1721 : (9, 31, 0.0, 476.766, 1.5)
1722 : (24, 18, 18.6129, 93.7014, 2.6667)
1723 : (16, 24, 0.0, 291.7955, 2.5)
1724 : (17, 24, 21.772, 116.2607, 1.8889)
1725 : (23, 18, 0.0, 406.122, 2.4444)
1726 : (28, 15, 15.0037, 185.8358, 4.0)
1727 : (12, 28, 0.0, 352.7139, 1.6667)
1728 : (28, 14, 0.0417, 296.5471, 2.6667)
1729 : (12, 29, 0.0, 467.3601, 1.3333)
1730 : (34, 15, 8.8324, 240.284, 3.3333)
1731 : (6, 34, 0.0, 527.4958, 1.2)
1732 : (12, 25, 21.753, 257.6072, 1.5)
1733 : (24, 12, 0.0035, 447.5042, 2.8571)
1734 : (28, 16, 12.5571, 159.0701, 2.25)
1735 : (12, 28, 0.0, 425.026, 1.3333)
1736 : (27, 26, 6.4437, 180.0172, 1.7333)
1737 : (13, 27, 0.0076, 378.5999, 1.3)
1738 : (36, 9, 23.8312, 154.185, 4.8571)
1739 : (4, 37, 0.0, 122.1322, 1.0)
1740 : (28, 24, 10.1555, 279.9333, 2.0)
1741 : (12, 28, 0.0, 511.304, 1.2857)
1742 : (30, 16, 15.6736, 101.5464, 3.625)
1743 : (10, 30, 0.0242, 510.7862, 1.6667)
1744 : (24, 21, 22.7009, 121.4117, 2.0)
1745 : (16, 24, 0.0, 271.3674, 1.6)
1746 : (28, 15, 0.0531, 368.6983, 2.4545)
1747 : (12, 28, 0.0, 581.3412, 1.0909)
1748 : (32, 15, 17.0477, 128.068, 2.6667)
1749 : (8, 33, 0.0, 345.1332, 1.0)
1750 : (20, 24, 7.8909, 159.0806, 1.8182)
1751 : (20, 20, 0.0, 368.9756, 2.375)
1752 : (17, 24, 8.05, 156.5901, 1.7)
1753 : (23, 17, 0.0, 381.002, 2.2)
1754 : (11, 33, 6.3235, 173.904, 1.375)
1755 : (29, 11, 0.0, 394.7365, 2.75)
1756 : (15, 31, 13.6071, 262.5746, 1.5)
1757 : (25, 15, 0.0, 453.6466, 3.0)
1758 : (24, 24, 10.1411, 196.0422, 1.7692)
1759 : (16, 24, 0.0076, 325.2641, 1.6)
1760 : (24, 24, 11.2425, 216.3966, 1.5)
1761 : (16, 24, 0.0, 306.1416, 1.3333)
1762 : (8, 32, 7.2063, 221.4528, 1.3333)
1763 : (29, 8, 0.0, 508.4943, 4.0)
1764 : (26, 16, 0.0305, 311.0337, 2.5)
1765 : (14, 26, 0.0, 564.07, 1.5556)
1766 : (25, 18, 11.0437, 134.116, 2.0909)
1767 : (15, 25, 0.0139, 364.4254, 1.3636)
1768 : (33, 22, 5.3261, 149.1772, 1.9375)
1769 : (7, 33, 0.0, 339.3726, 1.0)
1770 : (26, 18, 15.9146, 85.2555, 2.2727)
1771 : (14, 26, 0.0, 414.7947, 1.5556)
1772 : (9, 28, 7.0441, 192.9983, 2.0)
1773 : (25, 10, 0.0, 508.8042, 6.25)
1774 : (10, 31, 10.7208, 290.7768, 1.25)
1775 : (25, 10, 0.0, 401.1292, 3.125)
1776 : (8, 28, 12.6755, 342.957, 1.0)
1777 : (22, 8, 0.0, 313.7253, 2.7143)
1778 : (14, 31, 5.7143, 154.6933, 1.4444)
1779 : (26, 14, 0.0, 322.7597, 2.8889)
1780 : (30, 14, 17.5662, 113.6662, 3.25)
1781 : (10, 30, 0.0, 445.1752, 1.6667)
1782 : (34, 13, 17.0122, 90.4457, 3.2222)
1783 : (6, 34, 0.0, 298.7748, 1.5)
1784 : (26, 21, 21.0149, 265.21, 2.2727)
1785 : (14, 26, 0.0, 271.4104, 2.0)
1786 : (23, 19, 18.5852, 228.3553, 1.6154)
1787 : (17, 25, 0.0045, 303.2227, 1.2143)
1788 : (32, 13, 12.9426, 156.8243, 3.2)
1789 : (8, 32, 0.0, 543.0758, 1.4)
1790 : (26, 22, 14.8596, 188.9284, 1.8571)
1791 : (14, 26, 0.0, 473.8409, 1.3333)
1792 : (33, 15, 16.8534, 213.419, 3.4444)
1793 : (7, 33, 0.0, 420.2013, 1.4)
1794 : (29, 15, 15.4797, 196.0929, 2.1538)
1795 : (11, 29, 0.0, 577.384, 1.1)
1796 : (25, 18, 0.0931, 376.648, 2.0833)
1797 : (15, 26, 0.0, 140.587, 1.4444)
1798 : (22, 21, 11.7588, 226.2337, 2.75)
1799 : (18, 22, 0.0, 365.7881, 2.8333)
1800 : (32, 68, 0.4518, 255.2008, 1.24)
1801 : (8, 32, 0.0, 294.0286, 1.3333)
1802 : (26, 47, 0.4927, 261.1934, 1.1364)
1803 : (14, 26, 0.0, 259.6075, 1.4)
1804 : (27, 58, 0.4917, 271.5744, 1.1304)
1805 : (13, 27, 0.0042, 476.6922, 1.625)
1806 : (25, 66, 0.4738, 263.8243, 1.2)
1807 : (15, 25, 0.0037, 486.9892, 1.3636)
1808 : (26, 53, 0.3565, 228.2338, 1.1364)
1809 : (14, 26, 0.0, 372.9196, 1.1667)
1810 : (20, 56, 0.6104, 279.8751, 1.2857)
1811 : (20, 20, 0.0, 493.5745, 2.2222)
1812 : (29, 59, 0.4491, 260.9292, 1.1154)
1813 : (11, 29, 0.0, 272.6591, 1.0)
1814 : (22, 45, 0.571, 294.1834, 1.0476)
1815 : (18, 22, 0.0, 473.7747, 1.6667)
1816 : (23, 36, 0.2744, 258.6242, 1.2941)
1817 : (17, 23, 0.0, 350.4686, 1.7)
1818 : (22, 60, 0.4206, 193.1792, 1.1053)
1819 : (18, 22, 0.0, 401.0132, 1.6364)
1820 : (28, 18, 0.5339, 242.6253, 2.0769)
1821 : (12, 28, 0.0028, 377.1113, 1.2)
1822 : (25, 91, 0.4076, 219.555, 1.087)
1823 : (12, 25, 0.0, 385.718, 1.3333)
1824 : (36, 30, 0.0108, 371.3646, 2.2667)
1825 : (4, 36, 0.0, 308.2603, 1.3333)
1826 : (31, 58, 0.4571, 248.5388, 1.3043)
1827 : (9, 31, 0.0116, 519.9709, 1.5)
1828 : (25, 59, 0.528, 228.9974, 1.3333)
1829 : (15, 25, 0.0, 529.4862, 1.6667)
1830 : (17, 48, 0.6157, 247.4933, 1.0625)
1831 : (23, 17, 0.0, 490.4272, 2.2)
1832 : (11, 41, 1.032, 126.7954, 1.2222)
1833 : (29, 11, 0.0, 568.0888, 5.2)
1834 : (32, 18, 0.336, 214.891, 2.5833)
1835 : (8, 32, 0.0, 549.5849, 1.6)
1836 : (31, 15, 0.1961, 181.5664, 3.0)
1837 : (9, 31, 0.0, 473.61, 1.125)
1838 : (34, 18, 0.3342, 199.6088, 2.7273)
1839 : (6, 34, 0.0, 652.2769, 3.0)
1840 : (38, 6, 0.1132, 313.1016, 5.5)
1841 : (2, 38, 0.0, 156.0576, 1.0)
1842 : (23, 54, 0.6421, 306.7856, 1.2222)
1843 : (17, 23, 0.0071, 445.03, 1.5455)
1844 : (28, 67, 0.5389, 249.0982, 1.2174)
1845 : (12, 28, 0.0, 574.7245, 1.2222)
1846 : (5, 45, 1.475, 153.2968, 1.0)
1847 : (35, 5, 0.0066, 508.5013, 5.25)
1848 : (25, 49, 0.6422, 302.8268, 1.4706)
1849 : (15, 25, 0.0068, 574.5983, 1.5556)
1850 : (28, 54, 0.4401, 283.9416, 1.2857)
1851 : (12, 29, 0.0313, 567.6057, 1.5)
1852 : (22, 48, 0.5482, 321.4698, 1.3125)
1853 : (18, 22, 0.0, 494.788, 1.5)
1854 : (21, 54, 0.5144, 323.219, 1.5385)
1855 : (19, 21, 0.0063, 359.6859, 1.9)
1856 : (34, 53, 0.0866, 235.3974, 1.5)
1857 : (6, 34, 0.0, 300.8292, 1.2)
1858 : (28, 74, 0.112, 221.1342, 1.08)
1859 : (12, 28, 0.0167, 528.768, 1.7143)
1860 : (30, 89, 0.0888, 201.7322, 1.0741)
1861 : (10, 30, 0.0, 661.9154, 1.25)
1862 : (24, 86, 0.0846, 198.9372, 1.0435)
1863 : (16, 24, 0.0143, 706.105, 1.875)
1864 : (23, 64, 0.544, 227.3343, 1.1579)
1865 : (17, 23, 0.0, 499.014, 2.4286)
1866 : (23, 71, 0.7045, 247.1391, 1.0476)
1867 : (17, 23, 0.0147, 507.1345, 1.7)
1868 : (2, 40, 1.1941, 152.3802, 1.0)
1869 : (38, 2, 0.0066, 614.1773, 18.5)
1870 : (18, 47, 0.6553, 284.2422, 1.2857)
1871 : (22, 18, 0.0, 603.1008, 2.3333)
1872 : (25, 63, 0.6533, 262.8277, 1.0909)
1873 : (15, 25, 0.0086, 545.522, 1.3636)
1874 : (16, 54, 0.76, 283.3503, 1.1429)
1875 : (24, 16, 0.0, 369.0134, 1.8182)
1876 : (21, 46, 0.7302, 257.3878, 1.2353)
1877 : (19, 21, 0.0, 448.9553, 2.6)
1878 : (9, 43, 1.1469, 135.0869, 1.125)
1879 : (31, 9, 0.0038, 515.3495, 4.6667)
1880 : (20, 60, 0.7544, 246.2528, 1.1111)
1881 : (20, 20, 0.0, 397.8582, 2.0)
1882 : (4, 42, 0.3816, 57.8316, 1.0)
1883 : (36, 4, 0.011, 660.5585, 4.25)
1884 : (6, 38, 3.6, 157.2686, 1.0)
1885 : (34, 6, 0.0, 536.9392, 5.5)
1886 : (9, 29, 0.7876, 240.7359, 1.3333)
1887 : (4, 9, 0.0, 396.0201, 1.0)
1888 : (31, 55, 0.087, 232.26, 1.3043)
1889 : (9, 31, 0.0, 389.2572, 1.125)
1890 : (24, 59, 0.5597, 235.5289, 1.15)
1891 : (16, 24, 0.0, 455.6991, 1.4545)
1892 : (23, 48, 0.7286, 276.0823, 1.1)
1893 : (17, 23, 0.0066, 479.3612, 1.8889)
1894 : (22, 43, 0.6711, 266.1549, 1.375)
1895 : (18, 22, 0.0, 530.0362, 1.6667)
1896 : (8, 45, 1.6895, 190.3311, 1.0)
1897 : (32, 8, 0.0, 452.8826, 4.5714)
1898 : (2, 39, 2.4479, 42.8457, 1.0)
1899 : (38, 2, 0.0089, 643.3901, 9.5)
1900 : (7, 41, 0.9781, 137.3872, 1.1667)
1901 : (33, 7, 0.0068, 585.041, 6.2)
1902 : (23, 42, 0.6605, 268.0423, 1.4375)
1903 : (17, 23, 0.0152, 559.559, 2.0)
1904 : (26, 14, 0.1196, 221.5343, 2.4444)
1905 : (14, 27, 0.0, 402.4453, 1.5556)
1906 : (29, 11, 0.0975, 206.4832, 3.2222)
1907 : (11, 29, 0.0, 433.1186, 1.25)
1908 : (25, 47, 0.6677, 273.9296, 1.2632)
1909 : (15, 25, 0.0, 623.3271, 1.875)
1910 : (1, 39, 1.5, 194.9633, 1.0)
1911 : (39, 1, 0.0, 696.318, 26.0)
1912 : (27, 14, 0.1224, 255.0421, 2.0909)
1913 : (13, 27, 0.0066, 370.2467, 1.1818)
1914 : (25, 17, 0.0065, 140.4919, 2.375)
1915 : (15, 25, 0.0, 484.4398, 1.875)
1916 : (5, 17, 1.2184, 127.3513, 1.0)
1917 : (9, 5, 0.0, 712.9569, 4.0)
1918 : (28, 46, 0.504, 222.2066, 1.3684)
1919 : (12, 28, 0.0093, 364.5546, 1.3333)
1920 : (6, 34, 1.4377, 180.157, 1.5)
1921 : (34, 6, 0.0014, 356.9449, 10.6667)
1922 : (15, 26, 0.533, 255.5889, 1.6667)
1923 : (23, 15, 0.0093, 546.1618, 2.4444)
1924 : (26, 18, 0.4306, 340.511, 1.7857)
1925 : (14, 26, 0.0, 474.8242, 1.2727)
1926 : (9, 33, 0.4507, 308.6298, 1.125)
1927 : (31, 9, 0.0, 539.1562, 3.5)
1928 : (14, 26, 0.6361, 285.0167, 2.0)
1929 : (26, 14, 0.0, 574.2139, 3.2857)
1930 : (17, 26, 0.6413, 285.9514, 1.8889)
1931 : (23, 17, 0.0109, 610.121, 2.375)
1932 : (21, 28, 0.4532, 244.4642, 1.6154)
1933 : (19, 21, 0.0233, 654.4506, 2.125)
1934 : (18, 23, 0.6231, 258.9851, 1.6364)
1935 : (22, 18, 0.0051, 572.808, 1.8889)
1936 : (22, 20, 0.3457, 287.9601, 1.8889)
1937 : (18, 22, 0.0135, 491.8054, 2.0)
1938 : (20, 26, 0.5057, 248.4555, 1.5833)
1939 : (20, 23, 0.0174, 522.1755, 1.6667)
1940 : (20, 25, 0.5384, 263.4296, 2.0)
1941 : (20, 20, 0.0, 528.9558, 2.125)
1942 : (26, 58, 0.4945, 231.9625, 1.087)
1943 : (14, 26, 0.0, 414.1647, 1.4)
1944 : (19, 46, 0.5171, 219.9366, 1.4615)
1945 : (21, 19, 0.0, 434.6324, 2.8571)
1946 : (24, 21, 0.5683, 259.9577, 2.0909)
1947 : (16, 24, 0.0063, 513.618, 1.7778)
1948 : (19, 23, 0.5022, 295.7507, 2.0)
1949 : (21, 19, 0.0, 388.0426, 2.3333)
1950 : (23, 17, 0.4272, 281.2999, 2.3)
1951 : (17, 23, 0.0, 490.6136, 1.7778)
1952 : (18, 22, 0.2371, 269.6969, 1.8)
1953 : (22, 18, 0.0, 563.1929, 2.1111)
1954 : (19, 24, 0.4685, 239.8237, 1.9)
1955 : (21, 19, 0.0, 479.218, 2.2222)
1956 : (16, 24, 0.2843, 440.4941, 1.4)
1957 : (24, 16, 0.0, 397.4421, 2.4)
1958 : (22, 20, 0.4913, 241.4395, 2.4444)
1959 : (18, 22, 0.0, 554.0976, 2.125)
1960 : (23, 19, 0.5059, 284.401, 2.3333)
1961 : (17, 23, 0.0122, 395.5125, 2.125)
1962 : (20, 25, 0.401, 241.1853, 1.3571)
1963 : (20, 20, 0.0119, 404.5344, 1.6667)
1964 : (29, 11, 0.4646, 291.6974, 3.375)
1965 : (11, 29, 0.0, 318.0687, 1.2222)
1966 : (27, 13, 0.4064, 264.1832, 3.0)
1967 : (13, 27, 0.0152, 315.507, 1.8571)
1968 : (21, 22, 0.3867, 197.2622, 1.75)
1969 : (19, 21, 0.0247, 495.603, 1.6)
1970 : (25, 16, 0.4283, 338.0449, 1.9)
1971 : (15, 25, 0.0, 297.6996, 1.5)
1972 : (21, 20, 0.5967, 255.5054, 1.5385)
1973 : (19, 21, 0.0, 400.322, 1.4615)
1974 : (15, 26, 0.5864, 269.8041, 1.6667)
1975 : (25, 15, 0.0, 557.6664, 3.0)
1976 : (17, 25, 0.2625, 261.8713, 1.7)
1977 : (23, 17, 0.0, 609.007, 2.4444)
1978 : (19, 24, 0.4329, 218.9162, 2.1111)
1979 : (21, 19, 0.0096, 550.9667, 2.25)
1980 : (15, 25, 0.5714, 340.291, 3.0)
1981 : (25, 15, 0.0, 623.02, 4.8)
1982 : (20, 22, 0.3261, 301.6812, 1.7273)
1983 : (20, 20, 0.0, 507.3353, 2.0)
1984 : (24, 17, 0.49, 249.8773, 3.1429)
1985 : (16, 24, 0.0, 386.2346, 2.2857)
1986 : (20, 24, 0.4386, 267.2409, 1.5833)
1987 : (20, 20, 0.0, 464.3434, 1.6667)
1988 : (19, 23, 0.4478, 273.5575, 2.1111)
1989 : (21, 19, 0.0, 546.8071, 2.375)
1990 : (17, 26, 0.4578, 275.3266, 1.8889)
1991 : (23, 17, 0.0, 541.9193, 2.375)
1992 : (27, 14, 0.4486, 279.6714, 3.375)
1993 : (13, 27, 0.0, 473.1083, 1.5714)
1994 : (19, 23, 0.4788, 247.9497, 1.3077)
1995 : (21, 19, 0.006, 516.0138, 1.5)
1996 : (21, 20, 0.4334, 231.3238, 1.5)
1997 : (19, 21, 0.0, 370.5599, 1.7273)
1998 : (14, 29, 0.6997, 294.5082, 2.3333)
1999 : (26, 14, 0.0043, 548.8397, 2.6667)
*********************************************************
   	     	          entropy          	         obj_1         	         obj_2         
   	     	---------------------------	-----------------------	-----------------------
gen	evals	min     	avg    	max	min	avg    	max    	min	avg    	max    
0  	1000 	0.402335	2.12461	3  	0  	1.93337	30.1792	0  	464.337	881.652