0 : (0, 0)
1 : (0, 0)
2 : (0, 0)
3 : (0, 0)
4 : (0, 3)
5 : (3, 0)
6 : (7, 0)
7 : (0, 7)
8 : (0, 0)
9 : (0, 0)
10 : (0, 0)
11 : (0, 0)
12 : (0, 0)
13 : (0, 0)
14 : (0, 0)
15 : (0, 0)
16 : (0, 1)
17 : (1, 0)
18 : (0, 0)
19 : (0, 0)
20 : (0, 0)
21 : (0, 0)
22 : (0, 0)
23 : (0, 0)
24 : (10, 0)
25 : (0, 10)
26 : (0, 3)
27 : (3, 0)
28 : (3, 0)
29 : (0, 3)
30 : (0, 1)
31 : (1, 0)
32 : (2, 0)
33 : (0, 2)
34 : (6, 0)
35 : (0, 6)
36 : (0, 2)
37 : (2, 0)
38 : (0, 0)
39 : (0, 0)
40 : (0, 0)
41 : (0, 0)
42 : (0, 0)
43 : (0, 0)
44 : (0, 0)
45 : (0, 0)
46 : (1, 0)
47 : (0, 1)
48 : (0, 4)
49 : (4, 0)
50 : (0, 0)
51 : (0, 0)
52 : (1, 0)
53 : (0, 1)
54 : (0, 0)
55 : (0, 0)
56 : (0, 0)
57 : (0, 0)
58 : (0, 3)
59 : (3, 0)
60 : (8, 3)
61 : (3, 8)
62 : (0, 0)
63 : (0, 0)
64 : (1, 0)
65 : (0, 1)
66 : (0, 4)
67 : (4, 0)
68 : (5, 0)
69 : (0, 5)
70 : (0, 1)
71 : (1, 0)
72 : (0, 3)
73 : (3, 0)
74 : (0, 0)
75 : (0, 0)
76 : (0, 0)
77 : (0, 0)
78 : (5, 0)
79 : (0, 5)
80 : (2, 10)
81 : (10, 2)
82 : (11, 2)
83 : (2, 11)
84 : (15, 6)
85 : (6, 15)
86 : (1, 0)
87 : (0, 1)
88 : (0, 2)
89 : (2, 0)
90 : (16, 0)
91 : (0, 16)
92 : (16, 0)
93 : (0, 16)
94 : (16, 3)
95 : (3, 16)
96 : (28, 0)
97 : (0, 28)
98 : (35, 0)
99 : (0, 35)
0 : (0, 0)
1 : (0, 0)
10 : (0, 0)
11 : (0, 0)
16 : (0, 0)
17 : (0, 0)
18 : (1, 0)
19 : (0, 1)
22 : (6, 1)
23 : (1, 6)
24 : (0, 0)
25 : (0, 0)
26 : (0, 0)
27 : (0, 0)
28 : (10, 11)
29 : (11, 10)
30 : (6, 0)
31 : (0, 6)
32 : (0, 0)
33 : (0, 0)
34 : (0, 2)
35 : (2, 0)
36 : (13, 6)
37 : (6, 13)
40 : (0, 0)
41 : (0, 0)
50 : (6, 0)
51 : (0, 6)
52 : (4, 0)
53 : (0, 4)
64 : (5, 0)
65 : (0, 5)
66 : (16, 0)
67 : (0, 16)
70 : (4, 0)
71 : (0, 4)
72 : (0, 0)
73 : (0, 0)
74 : (0, 0)
75 : (0, 0)
76 : (0, 0)
77 : (0, 0)
84 : (7, 0)
85 : (0, 7)
86 : (0, 0)
87 : (0, 0)
88 : (9, 0)
89 : (0, 9)
90 : (6, 1)
91 : (1, 6)
92 : (0, 0)
93 : (0, 0)
94 : (0, 7)
95 : (7, 0)
96 : (6, 0)
97 : (0, 6)
98 : (0, 3)
99 : (3, 0)
8 : (4, 2)
9 : (2, 4)
10 : (12, 0)
11 : (0, 12)
12 : (0, 1)
13 : (1, 0)
14 : (0, 0)
15 : (0, 0)
16 : (0, 0)
17 : (0, 0)
18 : (19, 0)
19 : (0, 19)
20 : (1, 0)
21 : (0, 1)
28 : (4, 0)
29 : (0, 4)
32 : (0, 2)
33 : (2, 0)
34 : (11, 0)
35 : (0, 11)
38 : (7, 2)
39 : (2, 7)
40 : (7, 0)
41 : (0, 7)
48 : (4, 0)
49 : (0, 4)
50 : (10, 10)
51 : (10, 10)
54 : (15, 3)
55 : (2, 15)
60 : (18, 0)
61 : (0, 18)
68 : (1, 0)
69 : (0, 1)
80 : (0, 2)
81 : (2, 0)
82 : (3, 0)
83 : (0, 3)
84 : (2, 0)
85 : (0, 2)
86 : (19, 0)
87 : (0, 19)
88 : (17, 1)
89 : (1, 17)
90 : (7, 5)
91 : (5, 7)
98 : (6, 8)
99 : (8, 6)
6 : (12, 6)
7 : (6, 12)
8 : (7, 8)
9 : (8, 7)
10 : (9, 6)
11 : (6, 9)
12 : (6, 0)
13 : (0, 6)
14 : (1, 8)
15 : (8, 1)
16 : (4, 0)
17 : (0, 4)
18 : (2, 19)
19 : (19, 2)
24 : (7, 0)
25 : (0, 7)
26 : (1, 1)
27 : (1, 1)
28 : (5, 0)
29 : (0, 5)
30 : (11, 7)
31 : (7, 11)
32 : (3, 0)
33 : (0, 3)
36 : (12, 0)
37 : (0, 12)
38 : (12, 3)
39 : (3, 12)
44 : (1, 0)
45 : (0, 1)
46 : (4, 14)
47 : (14, 4)
48 : (4, 0)
49 : (0, 4)
50 : (18, 10)
51 : (10, 18)
56 : (4, 0)
57 : (0, 4)
58 : (0, 0)
59 : (0, 0)
76 : (7, 1)
77 : (1, 7)
84 : (13, 0)
85 : (0, 13)
88 : (13, 4)
89 : (4, 13)
92 : (0, 8)
93 : (8, 0)
94 : (23, 1)
95 : (1, 23)
96 : (0, 3)
97 : (3, 0)
4 : (14, 5)
5 : (5, 14)
6 : (11, 3)
7 : (3, 11)
8 : (15, 2)
9 : (2, 15)
12 : (14, 0)
13 : (0, 14)
14 : (12, 24)
15 : (24, 12)
24 : (0, 9)
25 : (9, 0)
26 : (4, 0)
27 : (0, 4)
28 : (3, 6)
29 : (6, 3)
30 : (8, 0)
31 : (0, 8)
36 : (5, 5)
37 : (5, 5)
38 : (22, 10)
39 : (10, 22)
40 : (14, 4)
41 : (4, 14)
42 : (12, 8)
43 : (8, 12)
56 : (3, 19)
57 : (19, 3)
58 : (20, 1)
59 : (1, 20)
60 : (4, 5)
61 : (5, 4)
62 : (13, 17)
63 : (17, 13)
64 : (15, 2)
65 : (2, 15)
68 : (12, 4)
69 : (4, 12)
70 : (17, 3)
71 : (3, 17)
72 : (7, 17)
73 : (17, 7)
74 : (8, 7)
75 : (7, 8)
80 : (0, 21)
81 : (21, 0)
82 : (20, 0)
83 : (0, 20)
84 : (0, 0)
85 : (0, 0)
86 : (20, 2)
87 : (2, 20)
88 : (13, 3)
89 : (3, 13)
90 : (11, 15)
91 : (15, 11)
92 : (0, 5)
93 : (5, 0)
94 : (0, 3)
95 : (3, 0)
96 : (21, 5)
97 : (5, 21)
98 : (8, 12)
99 : (12, 8)
8 : (13, 6)
9 : (6, 13)
10 : (14, 3)
11 : (3, 14)
16 : (18, 4)
17 : (4, 18)
18 : (14, 0)
19 : (0, 14)
20 : (2, 2)
21 : (2, 3)
22 : (26, 3)
23 : (3, 26)
24 : (9, 0)
25 : (0, 9)
26 : (0, 0)
27 : (0, 0)
28 : (21, 1)
29 : (1, 21)
36 : (17, 14)
37 : (14, 17)
38 : (17, 11)
39 : (11, 17)
44 : (2, 4)
45 : (4, 2)
46 : (14, 17)
47 : (17, 14)
48 : (19, 11)
49 : (11, 19)
52 : (3, 8)
53 : (8, 3)
54 : (21, 0)
55 : (0, 21)
56 : (9, 10)
57 : (10, 9)
58 : (18, 18)
59 : (18, 18)
64 : (3, 28)
65 : (28, 3)
66 : (26, 2)
67 : (2, 26)
68 : (25, 7)
69 : (7, 25)
70 : (16, 7)
71 : (7, 16)
72 : (15, 3)
73 : (3, 15)
74 : (1, 8)
75 : (8, 1)
76 : (17, 5)
77 : (5, 17)
78 : (7, 4)
79 : (4, 7)
0 : (0, 5)
1 : (5, 0)
2 : (22, 0)
3 : (0, 22)
4 : (15, 2)
5 : (2, 15)
6 : (10, 5)
7 : (5, 10)
12 : (7, 0)
13 : (0, 7)
14 : (1, 5)
15 : (5, 1)
20 : (10, 6)
21 : (6, 10)
22 : (16, 26)
23 : (26, 16)
24 : (12, 20)
25 : (20, 12)
26 : (22, 0)
27 : (0, 22)
28 : (17, 3)
29 : (3, 17)
38 : (18, 6)
39 : (6, 18)
40 : (9, 5)
41 : (5, 9)
42 : (0, 8)
43 : (8, 0)
44 : (13, 23)
45 : (23, 13)
46 : (11, 4)
47 : (4, 11)
56 : (12, 4)
57 : (4, 12)
62 : (11, 5)
63 : (5, 11)
68 : (8, 8)
69 : (8, 8)
72 : (12, 4)
73 : (4, 12)
74 : (5, 4)
75 : (4, 5)
86 : (0, 0)
87 : (0, 0)
92 : (12, 3)
93 : (3, 12)
94 : (10, 19)
95 : (19, 10)
96 : (8, 5)
97 : (5, 8)
98 : (8, 16)
99 : (16, 8)
0 : (5, 5)
1 : (5, 5)
2 : (16, 7)
3 : (7, 16)
4 : (4, 5)
5 : (5, 4)
6 : (4, 10)
7 : (10, 4)
16 : (19, 4)
17 : (4, 19)
20 : (21, 6)
21 : (6, 21)
22 : (12, 15)
23 : (15, 12)
24 : (16, 1)
25 : (1, 16)
26 : (9, 7)
27 : (7, 9)
32 : (16, 1)
33 : (1, 16)
34 : (2, 11)
35 : (11, 2)
40 : (9, 16)
41 : (16, 9)
42 : (9, 3)
43 : (3, 9)
46 : (5, 3)
47 : (3, 5)
48 : (5, 7)
49 : (7, 5)
50 : (11, 2)
51 : (2, 11)
52 : (6, 2)
53 : (2, 6)
54 : (10, 12)
55 : (12, 10)
56 : (3, 24)
57 : (24, 3)
58 : (17, 9)
59 : (9, 17)
60 : (0, 7)
61 : (7, 0)
62 : (4, 1)
63 : (1, 4)
64 : (4, 26)
65 : (26, 4)
66 : (5, 5)
67 : (5, 5)
68 : (22, 2)
69 : (2, 22)
70 : (11, 6)
71 : (6, 11)
72 : (17, 7)
73 : (7, 17)
78 : (20, 3)
79 : (3, 20)
84 : (7, 5)
85 : (5, 7)
86 : (12, 3)
87 : (3, 12)
96 : (15, 5)
97 : (5, 15)
0 : (13, 14)
1 : (14, 13)
2 : (1, 7)
3 : (7, 1)
4 : (13, 16)
5 : (16, 13)
6 : (9, 2)
7 : (2, 9)
8 : (0, 10)
9 : (10, 0)
10 : (17, 0)
11 : (0, 17)
14 : (13, 6)
15 : (6, 13)
16 : (11, 14)
17 : (14, 11)
20 : (12, 5)
21 : (5, 12)
32 : (6, 3)
33 : (3, 6)
34 : (8, 11)
35 : (11, 8)
36 : (16, 21)
37 : (21, 16)
38 : (6, 7)
39 : (7, 6)
42 : (11, 7)
43 : (7, 11)
44 : (11, 10)
45 : (10, 11)
48 : (6, 9)
49 : (9, 6)
50 : (0, 9)
51 : (9, 0)
52 : (6, 8)
53 : (8, 6)
54 : (11, 8)
55 : (8, 11)
56 : (12, 6)
57 : (6, 12)
58 : (2, 16)
59 : (16, 2)
70 : (12, 15)
71 : (15, 12)
72 : (12, 5)
73 : (5, 12)
74 : (8, 3)
75 : (3, 8)
76 : (17, 15)
77 : (15, 17)
78 : (11, 2)
79 : (2, 11)
80 : (10, 14)
81 : (14, 10)
82 : (9, 11)
83 : (11, 9)
84 : (6, 3)
85 : (3, 6)
86 : (18, 7)
87 : (7, 18)
88 : (7, 2)
89 : (2, 7)
90 : (11, 5)
91 : (5, 11)
92 : (14, 6)
93 : (6, 14)
94 : (7, 14)
95 : (14, 7)
96 : (9, 23)
97 : (23, 9)
98 : (13, 3)
99 : (3, 13)
4 : (11, 4)
5 : (4, 11)
6 : (2, 12)
7 : (12, 2)
8 : (14, 17)
9 : (17, 14)
10 : (8, 4)
11 : (4, 8)
16 : (1, 11)
17 : (11, 1)
18 : (12, 7)
19 : (7, 12)
20 : (10, 3)
21 : (3, 10)
22 : (9, 10)
23 : (10, 9)
24 : (16, 5)
25 : (5, 16)
26 : (8, 9)
27 : (9, 8)
28 : (5, 7)
29 : (7, 5)
30 : (14, 14)
31 : (14, 14)
40 : (2, 5)
41 : (5, 2)
42 : (2, 12)
43 : (12, 2)
44 : (11, 3)
45 : (3, 11)
46 : (3, 4)
47 : (4, 3)
48 : (13, 19)
49 : (19, 13)
50 : (16, 5)
51 : (5, 16)
52 : (6, 6)
53 : (6, 6)
54 : (8, 3)
55 : (3, 8)
60 : (2, 5)
61 : (5, 2)
62 : (9, 15)
63 : (15, 9)
64 : (11, 8)
65 : (8, 11)
66 : (3, 14)
67 : (14, 3)
68 : (11, 3)
69 : (3, 11)
70 : (3, 16)
71 : (16, 3)
80 : (2, 18)
81 : (18, 2)
84 : (7, 7)
85 : (7, 7)
86 : (5, 5)
87 : (5, 5)
88 : (21, 1)
89 : (1, 21)
90 : (0, 30)
91 : (30, 0)
96 : (18, 7)
97 : (7, 18)
0 : (11, 4)
1 : (4, 11)
2 : (5, 23)
3 : (23, 5)
6 : (15, 13)
7 : (13, 15)
20 : (3, 7)
21 : (7, 3)
24 : (12, 20)
25 : (20, 12)
26 : (11, 8)
27 : (8, 11)
32 : (2, 7)
33 : (7, 2)
34 : (13, 21)
35 : (21, 13)
38 : (5, 4)
39 : (4, 5)
40 : (6, 3)
41 : (3, 6)
42 : (2, 3)
43 : (3, 2)
48 : (5, 13)
49 : (13, 5)
50 : (14, 5)
51 : (5, 14)
52 : (4, 8)
53 : (8, 4)
54 : (1, 10)
55 : (10, 1)
60 : (11, 2)
61 : (2, 11)
68 : (2, 18)
69 : (18, 2)
70 : (0, 3)
71 : (3, 0)
72 : (13, 20)
73 : (20, 13)
74 : (10, 1)
75 : (1, 10)
76 : (3, 4)
77 : (4, 3)
80 : (7, 13)
81 : (13, 7)
82 : (11, 18)
83 : (18, 11)
88 : (4, 6)
89 : (6, 4)
92 : (7, 4)
93 : (4, 7)
94 : (11, 9)
95 : (9, 11)
0 : (8, 21)
1 : (21, 8)
2 : (14, 6)
3 : (6, 14)
4 : (3, 2)
5 : (2, 3)
8 : (3, 4)
9 : (4, 3)
10 : (9, 0)
11 : (0, 9)
12 : (6, 3)
13 : (3, 6)
16 : (2, 19)
17 : (19, 2)
18 : (14, 3)
19 : (3, 14)
32 : (12, 4)
33 : (4, 12)
34 : (0, 17)
35 : (17, 0)
36 : (13, 10)
37 : (10, 13)
38 : (1, 6)
39 : (6, 1)
44 : (5, 25)
45 : (25, 5)
46 : (12, 6)
47 : (6, 12)
48 : (17, 10)
49 : (10, 17)
50 : (4, 5)
51 : (5, 4)
56 : (10, 2)
57 : (2, 10)
58 : (6, 20)
59 : (20, 6)
60 : (13, 0)
61 : (0, 13)
62 : (7, 21)
63 : (21, 7)
64 : (1, 30)
65 : (30, 1)
66 : (16, 1)
67 : (1, 16)
70 : (4, 3)
71 : (3, 4)
76 : (1, 20)
77 : (20, 1)
78 : (10, 1)
79 : (1, 10)
80 : (3, 3)
81 : (3, 3)
82 : (2, 6)
83 : (6, 2)
84 : (3, 5)
85 : (5, 3)
86 : (12, 10)
87 : (10, 12)
6 : (4, 4)
7 : (4, 4)
8 : (2, 9)
9 : (9, 2)
10 : (6, 5)
11 : (5, 6)
16 : (3, 1)
17 : (1, 3)
18 : (9, 9)
19 : (9, 9)
20 : (6, 5)
21 : (5, 6)
22 : (3, 1)
23 : (1, 3)
24 : (4, 9)
25 : (9, 4)
26 : (4, 7)
27 : (7, 4)
32 : (3, 28)
33 : (28, 3)
34 : (6, 1)
35 : (1, 6)
36 : (10, 2)
37 : (2, 10)
40 : (11, 12)
41 : (12, 11)
42 : (5, 8)
43 : (8, 5)
44 : (6, 5)
45 : (5, 6)
56 : (19, 4)
57 : (4, 19)
58 : (2, 14)
59 : (14, 2)
60 : (11, 6)
61 : (6, 11)
64 : (5, 4)
65 : (4, 5)
66 : (1, 0)
67 : (0, 1)
68 : (3, 9)
69 : (9, 3)
70 : (3, 9)
71 : (9, 3)
72 : (3, 11)
73 : (11, 3)
74 : (8, 9)
75 : (9, 8)
76 : (6, 8)
77 : (8, 6)
78 : (8, 1)
79 : (1, 8)
84 : (1, 9)
85 : (9, 1)
86 : (9, 5)
87 : (5, 9)
98 : (2, 4)
99 : (4, 2)

                entropy                   diff                     kills
        ----------------------- ------------------------        -----------
gen     avg             max     avg             max             avg     max
0       0.144285        1.72624 1.44916         10.1796         4.8     35
1       0.400022        1.99673 1.34001         10.0558         6.94    35
2       0.591           2       1.21048         1.74867         8.82    21
3       1.03373         2       1.07518         1.74329         10.98   28
4       1.29864         2       0.971103        1.68146         16.26   36
5       1.51764         2       0.818441        1.68146         18.84   36
6       1.62165         2       0.76784         1.29966         18.86   42
7       1.68766         2       0.75272         1.51539         18.6    36
8       1.7207          2       0.770598        1.51237         17.4    37
9       1.7359          2       0.793057        1.49385         17.96   32
10      1.8035          2       0.802499        1.51237         16.62   34
11      1.63041         2       0.825153        0.986031        15.92   32
12      1.74878         2       0.900144        1.00291         12.18   31