number of estimated clusters : 5
index:
[0, 2, 6, 9, 15, 22, 31, 35, 36, 39, 43, 45, 50, 51, 54, 55, 59, 60, 61, 62, 66, 74, 81, 84, 87, 92, 95, 99]
fitness:
[(0.0, 1.4687703434607866, 20.0), (0.0, 1.1956237858873302, 20.0), (0.0, 2.0461917987667126, 11.0), (2.0, 1.3897182397495635, 20.0), (0.5727939142319125, 1.721318820711991, 20.0), (0.0, 1.8188906793374837, 20.0), (1.2196806094328008, 1.4360095139406848, 20.0), (1.7625817984613854, 1.190554091687251, 20.0), (0.0, 1.2494139565970581, 20.0), (1.4438561897747246, 1.3362219971011668, 20.0), (1.6225562489182657, 1.7726801376535675, 20.0), (1.183345557164655, 1.0140249978127547, 7.0), (0.5727939142319125, 1.2596568906776446, 20.0), (0.5727939142319125, 1.2596568906776446, 20.0), (1.2196806094328008, 1.150967560450705, 20.0), (1.2196806094328008, 1.150967560450705, 20.0), (0.9379911871785624, 1.009256294323251, 20.0), (0.5727939142319125, 1.161186409459753, 20.0), (0.5727939142319125, 1.161186409459753, 20.0), (0.0, 1.1355960973282844, 20.0), (1.6225562489182657, 0.9798510319878896, 20.0), (0.5727939142319125, 1.4604466308377981, 20.0), (0.0, 1.322995609006954, 20.0), (0.0, 1.4983475984082704, 20.0), (0.0, 1.129285240367358, 20.0), (1.4438561897747246, 0.6761569520198539, 20.0), (0.0, 1.4863039303065266, 20.0), (0.0, 0.842542181231084, 19.0)]
mean fitness:
[0.6825910262100164, 1.2972793446321365, 19.178571428571427]
center: 
[  4.02329254e+00   1.38794267e+00   4.40962524e+02   4.94252014e+00
   3.44210854e+01   9.29137695e+03   5.19804001e+01   3.74270859e+01
   8.64117324e-01]
members:
[[  1.27595830e+00   2.43000007e+00   3.84000000e+02   5.00000000e+00
    5.23499985e+01   9.28200000e+03   6.79967957e+01   7.58677216e+01
    7.34430254e-01]
 [  4.99556923e+00   1.29999995e+00   8.10000000e+01   8.00000000e+00
    9.74400024e+01   9.05300000e+03   2.00000000e+01   9.97332993e+01
    1.69300003e+01]
 [  4.63000011e+00   2.75000000e+00   3.97000000e+02   3.00000000e+00
    2.40000010e+00   8.73500000e+03   8.72266998e+01   1.00000000e+01
    1.85599995e+01]
 [  4.53657389e+00   1.24770534e+00   5.80000000e+02   7.00000000e+00
    2.00000000e+00   9.70500000e+03   6.90000000e+01   2.00000000e+01
   -4.63000011e+00]
 [  1.59000003e+00   6.99999988e-01   8.90000000e+02   6.00000000e+00
    9.17600021e+01   9.34200000e+03   6.70000000e+01   7.30000000e+01
    1.84899998e+01]
 [  9.30000019e+00   2.61999989e+00   3.73000000e+02   2.00000000e+00
    2.43700008e+01   8.67300000e+03   4.20000000e+01   2.30000000e+01
    8.19999981e+00]
 [  6.44000006e+00   9.59999979e-01   8.52000000e+02   3.00000000e+00
    5.66281815e+01   8.51000000e+03   9.50000000e+01   8.00000000e+00
    4.05000019e+00]
 [  1.10000002e+00   2.67000008e+00   2.16000000e+02   5.00000000e+00
    8.85699997e+01   9.51900000e+03   4.50000000e+01   2.20000000e+01
   -7.58737755e+00]
 [  8.22953606e+00   4.34925228e-01   9.60000000e+02   8.00000000e+00
    9.70599976e+01   7.92900000e+03   1.00000000e+02   2.40000000e+01
    1.47500000e+01]
 [  9.05906200e+00   1.62000000e+00   3.00000000e+01   9.00000000e+00
    3.65000000e+01   8.60800000e+03   4.80000000e+01   1.50000000e+01
   -8.06000042e+00]
 [  9.49999988e-01   3.60000014e-01   2.20000000e+02   1.00000000e+00
    2.00000000e+00   1.00000000e+04   8.20000000e+01   0.00000000e+00
    0.00000000e+00]
 [  2.61701918e+00   6.70000017e-01   1.00000000e+00   1.00000000e+00
    2.56200008e+01   9.32900000e+03   1.00000000e+01   0.00000000e+00
    5.90999985e+00]
 [  7.96000004e+00   2.09999993e-01   3.56000000e+02   9.00000000e+00
    8.12444992e+01   7.95100000e+03   2.60000000e+01   2.40000000e+01
    9.26000023e+00]
 [  4.32999992e+00   1.24000001e+00   8.70000000e+02   9.00000000e+00
    1.02600002e+01   8.41600000e+03   1.00000000e+01   5.50000000e+01
   -1.69899998e+01]
 [  6.00000024e-01   1.71595407e+00   5.88000000e+02   4.00000000e+00
    4.86599998e+01   9.13128027e+03   8.20000000e+01   7.20000000e+01
   -1.00000000e+01]
 [  6.22448730e+00   2.14000010e+00   8.71470032e+02   1.00000000e+00
    8.00000000e+00   1.00000000e+04   1.00000000e+02   0.00000000e+00
    0.00000000e+00]
 [  1.75999999e+00   9.59999979e-01   2.77542969e+02   4.00000000e+00
    8.00000000e+00   1.00000000e+04   1.00000000e+02   0.00000000e+00
    0.00000000e+00]
 [  3.38000011e+00   5.00000000e-01   4.99000000e+02   9.00000000e+00
    3.01399994e+01   8.58800000e+03   3.80000000e+01   8.10000000e+01
   -1.17399998e+01]
 [  1.70000002e-01   6.89999998e-01   4.00000000e+01   1.00000000e+00
    1.00000000e+01   1.00000000e+04   5.00000000e+01   6.70000000e+01
    3.32999992e+00]
 [  5.78000021e+00   5.47795713e-01   6.42000000e+02   5.00000000e+00
    1.37399998e+01   1.00000000e+04   2.00000000e+01   3.17996006e+01
   -2.00000000e+00]
 [  2.04999995e+00   5.99999987e-02   3.52000000e+02   7.00000000e+00
    2.66700001e+01   9.50800000e+03   1.00000000e+01   0.00000000e+00
    0.00000000e+00]
 [  2.57999992e+00   1.04650319e+00   7.62000000e+02   9.00000000e+00
    1.46499996e+01   8.40500000e+03   4.57464066e+01   0.00000000e+00
   -1.00000000e+00]
 [  1.19999997e-01   2.30000004e-01   3.53000000e+02   2.00000000e+00
    8.00000000e+00   1.00000000e+04   5.46093178e+01   6.30000000e+01
   -3.52999997e+00]
 [  9.05695152e+00   2.70345926e+00   4.73000000e+02   3.88693953e+00
    2.48400002e+01   9.32252832e+03   4.79111176e+01   3.67035446e+01
    0.00000000e+00]
 [  1.50000000e+00   2.58999991e+00   7.78880249e+02   7.00000000e+00
    7.78499985e+01   9.51200000e+03   4.00000000e+01   6.30000000e+01
    7.67000008e+00]
 [  5.28000021e+00   1.59509587e+00   2.20000000e+02   9.61858177e+00
    3.93400002e+01   8.33800000e+03   6.00000000e+01   7.70000000e+01
   -1.69000006e+00]
 [  6.76999998e+00   1.64999998e+00   6.14132019e+02   6.00000000e+00
    9.31600037e+01   9.59900000e+03   3.10000000e+01   4.20000000e+01
    0.00000000e+00]
 [  8.51000023e+00   1.09000003e+00   1.00000000e+02   1.00000000e+00
    2.00000000e+00   1.00000000e+04   2.90000000e+01   3.80000000e+01
    5.82000017e+00]]
index:
[5, 8, 10, 17, 19, 23, 24, 29, 30, 32, 33, 34, 37, 40, 44, 53, 56, 58, 63, 65, 67, 70, 73, 75, 89]
fitness:
[(1.2196806094328008, 1.8288883178557405, 20.0), (2.0, 1.3897182397495635, 20.0), (1.7994875173965252, 0.9443601640456725, 19.0), (1.6225562489182657, 1.562750939054319, 20.0), (1.9419011889093372, 1.3732657342555405, 20.0), (0.0, 1.8188906793374837, 20.0), (1.4438561897747246, 1.3836449895264926, 20.0), (1.6225562489182657, 1.395839613468926, 20.0), (1.2196806094328008, 1.4360095139406848, 20.0), (0.0, 1.7076333366816283, 20.0), (0.0, 1.7076333366816283, 20.0), (1.7625817984613854, 1.190554091687251, 20.0), (0.0, 1.2494139565970581, 20.0), (0.0, 1.4573831148958467, 20.0), (1.183345557164655, 1.0140249978127547, 7.0), (0.9379911871785624, 1.1564146479363573, 20.0), (0.0, 1.5704849777255805, 16.0), (0.9379911871785624, 1.009256294323251, 20.0), (0.0, 1.1355960973282844, 20.0), (0.0, 1.5471450898512462, 20.0), (1.6225562489182657, 0.9798510319878896, 20.0), (1.868136110750982, 0.9269452488091825, 20.0), (1.2196806094328008, 1.4058498142201963, 20.0), (0.5727939142319125, 1.4604466308377981, 20.0), (0.0, 1.2505633043496833, 20.0)]
mean fitness:
[0.9189918090439939, 1.3561025665184026, 19.28]
center: 
[  4.97652960e+00   1.21201754e+00   3.96659027e+02   6.00000000e+00
   3.54809761e+01   4.51689404e+03   4.65409813e+01   4.61824875e+01
   2.30245495e+00]
members:
[[  1.10000002e+00   1.00000001e-01   3.00000000e+01   9.00000000e+00
    2.00000000e+00   3.81297754e+03   1.80000000e+01   3.10000000e+01
    1.92399998e+01]
 [  4.24570751e+00   8.39999974e-01   9.68000000e+02   1.00000000e+01
    5.36899986e+01   4.01700000e+03   2.60000000e+01   9.70000000e+01
    1.62299995e+01]
 [  6.98000002e+00   8.39999974e-01   1.97000000e+02   2.00000000e+00
    3.35400009e+01   5.31600000e+03   8.10000000e+01   4.13466148e+01
    7.64283657e+00]
 [  9.67000008e+00   2.25000000e+00   3.48000000e+02   1.00000000e+01
    3.28425560e+01   5.13100000e+03   4.00000000e+01   0.00000000e+00
   -1.34799995e+01]
 [  7.48999977e+00   1.70000005e+00   8.90000000e+01   7.00000000e+00
    6.24900017e+01   3.51900000e+03   6.00000000e+01   9.42854309e+01
   -6.21999979e+00]
 [  5.40000021e-01   9.99999978e-03   4.06000000e+02   9.00000000e+00
    9.44499969e+01   4.03200000e+03   4.60000000e+01   6.80000000e+01
   -1.14700003e+01]
 [  9.81000042e+00   7.50000000e-01   7.00000000e+02   8.00000000e+00
    3.00000000e+00   3.54200000e+03   4.60000000e+01   8.10000000e+01
    1.89099998e+01]
 [  7.90999985e+00   1.94000006e+00   5.69433533e+02   9.00000000e+00
    8.83099976e+01   3.89800000e+03   6.34428291e+01   3.77535477e+01
    7.50000000e+00]
 [  6.00000024e-01   0.00000000e+00   5.00000000e+01   1.00000000e+00
    2.28600006e+01   5.02900000e+03   6.90000000e+01   8.60000000e+01
    2.42000008e+00]
 [  9.30000019e+00   2.23000002e+00   9.32628723e+02   1.00000000e+00
    3.00000000e+00   3.89442310e+03   5.00000000e+01   7.90000000e+01
    1.29399996e+01]
 [  6.88258171e-01   1.72327369e-01   7.22072937e+02   6.00000000e+00
    8.89100037e+01   4.14300000e+03   7.60000000e+01   9.00000000e+00
    1.90200005e+01]
 [  4.26442766e+00   2.97000003e+00   8.30000000e+02   1.00000000e+01
    4.07524796e+01   5.14100000e+03   1.60000000e+01   3.80000000e+01
   -1.90200005e+01]
 [  1.10000002e+00   1.00000001e-01   9.62000000e+02   7.00000000e+00
    2.87303352e+01   4.88300000e+03   7.70000000e+01   8.50000000e+01
    8.77000046e+00]
 [  6.98999977e+00   2.85999990e+00   1.00000000e+00   1.00000000e+00
    8.00000000e+00   4.63700000e+03   9.54847717e+01   1.40000000e+01
   -5.21999979e+00]
 [  6.51000023e+00   2.72453785e+00   3.00000000e+01   1.00000000e+00
    6.11599998e+01   5.00000000e+03   2.60000000e+01   2.40000000e+01
    3.46875954e+00]
 [  8.68999958e+00   1.36000001e+00   4.73000000e+02   6.00000000e+00
    7.27864532e+01   5.12140430e+03   8.96476898e+01   0.00000000e+00
    1.36000001e+00]
 [  1.36000001e+00   6.20000005e-01   1.00000000e+00   6.00000000e+00
    8.61500015e+01   4.29844824e+03   5.50000000e+01   4.69751854e+01
   -4.00000006e-01]
 [  2.35138154e+00   0.00000000e+00   2.47000000e+02   1.00000000e+00
    8.00000000e+00   4.02300000e+03   4.00000000e+01   2.20000000e+01
    6.63999987e+00]
 [  3.60000014e-01   6.00377284e-02   1.00000000e+02   1.00000000e+00
    1.94436550e+01   4.38300000e+03   2.90000000e+01   6.96875992e+01
   -2.61772752e+00]
 [  7.17000008e+00   2.77555346e+00   5.09000000e+02   5.00000000e+00
    2.00000000e+00   3.50000000e+03   9.49024296e+00   0.00000000e+00
    0.00000000e+00]
 [  1.08000004e+00   2.41000009e+00   6.43000000e+02   9.00000000e+00
    2.52700005e+01   5.25600000e+03   1.00000000e+01   0.00000000e+00
   -5.86000013e+00]
 [  8.25000000e+00   1.16999996e+00   9.40000000e+01   1.00000000e+01
    1.70699997e+01   5.41100000e+03   1.70000000e+01   2.10000000e+01
   -2.46000004e+00]
 [  5.90999985e+00   1.08000004e+00   4.94000000e+02   8.00000000e+00
    3.00000000e+00   5.00000000e+03   2.60000000e+01   2.40000000e+01
   -1.61003065e+00]
 [  3.60000014e-01   2.99999993e-02   1.00000000e+02   1.00000000e+00
    1.18999996e+01   4.30400000e+03   5.80000000e+01   7.00000000e+01
    9.06999969e+00]
 [  8.89999962e+00   2.17000008e+00   6.69000000e+02   1.00000000e+01
    5.42000008e+00   4.55500000e+03   3.00000000e+00   7.50000000e+01
   -2.99000001e+00]]
index:
[11, 12, 13, 14, 16, 18, 20, 28, 38, 47, 49, 52, 64, 72, 76, 83, 97]
fitness:
[(1.7994875173965252, 0.9443601640456725, 19.0), (1.9855489079756168, 0.6485296450390933, 20.0), (1.9855489079756168, 0.6485296450390933, 20.0), (0.5727939142319125, 1.721318820711991, 20.0), (1.6225562489182657, 1.562750939054319, 20.0), (1.9419011889093372, 1.3732657342555405, 20.0), (1.7625817984613854, 1.5469102943527098, 20.0), (1.6225562489182657, 1.395839613468926, 20.0), (1.4438561897747246, 1.3362219971011668, 20.0), (1.6225562489182657, 1.1321119259634542, 20.0), (1.4438561897747246, 1.1259619514354953, 20.0), (0.9379911871785624, 1.1564146479363573, 20.0), (0.0, 1.5471450898512462, 20.0), (1.2196806094328008, 1.4058498142201963, 20.0), (0.0, 1.4371918449033274, 20.0), (0.0, 1.2996344348574236, 20.0), (0.0, 1.011325186802143, 4.0)]
mean fitness:
[1.174171479874471, 1.2525506911198914, 19.0]
center: 
[  3.96243286e+00   9.42336500e-01   4.41762970e+02   4.47061396e+00
   3.33109207e+01   1.23412732e+03   7.16178894e+01   3.18925323e+01
  -1.36169875e+00]
members:
[[  7.96999979e+00   2.42140341e+00   5.95000000e+02   1.00000000e+00
    1.23800001e+01   6.42000000e+02   7.10000000e+01   5.00000000e+00
    1.41000004e+01]
 [  7.96999979e+00   1.03999996e+00   7.03000000e+02   9.00000000e+00
    1.83299999e+01   1.09000000e+03   7.20000000e+01   1.10000000e+01
   -1.41999996e+00]
 [  6.21999979e+00   1.85000002e+00   4.17000000e+02   6.00000000e+00
    2.73999996e+01   3.91000000e+02   9.00000000e+01   0.00000000e+00
    8.76000023e+00]
 [  6.65999985e+00   0.00000000e+00   5.00000000e+01   1.00000000e+00
    2.00000000e+00   9.80264404e+02   5.90000000e+01   9.20000000e+01
    8.27999973e+00]
 [  3.19000006e+00   2.73000002e+00   9.84000000e+02   8.00000000e+00
    8.92088318e+01   8.76000000e+02   9.10000000e+01   8.60000000e+01
   -1.94699993e+01]
 [  1.25999999e+00   1.60189354e+00   8.15305054e+02   1.00000000e+00
    1.00000000e+00   1.15000000e+03   8.40000000e+01   9.10000000e+01
   -1.07700005e+01]
 [  1.04999995e+00   5.00000000e-01   8.35288086e+02   1.00000000e+00
    8.00000000e+00   1.35000000e+03   1.00000000e+02   4.20000000e+01
    0.00000000e+00]
 [  3.68718684e-01   1.48000002e+00   4.40000000e+01   1.00000000e+01
    3.00900002e+01   1.79200000e+03   1.00000000e+01   3.65999222e+01
   -1.69400005e+01]
 [  2.50999999e+00   1.67999995e+00   7.61308212e+01   7.00000000e+00
    8.80400009e+01   5.00000000e+02   1.00000000e+02   5.00000000e+00
   -1.94799995e+01]
 [  1.00000000e+00   0.00000000e+00   1.20895973e+02   6.00000000e+00
    5.72500000e+01   1.00000000e+03   1.70000000e+01   4.20000000e+01
    1.42799997e+01]
 [  5.30000019e+00   4.30000007e-01   3.57518951e+02   9.00000000e+00
    5.40810471e+01   1.04188855e+03   9.00000000e+01   3.00000000e+00
   -7.32000017e+00]
 [  1.95000005e+00   3.10000002e-01   7.70000000e+01   3.00000000e+00
    2.74300003e+01   5.00000000e+02   1.00000000e+02   0.00000000e+00
   -7.42999983e+00]
 [  4.00000000e+00   6.68450864e-03   7.69000000e+02   1.00000000e+01
    8.00000000e+00   1.35000000e+03   1.00000000e+02   4.20000000e+01
   -1.00000000e+00]
 [  9.15999985e+00   1.71000004e+00   7.73183594e+02   1.00000000e+00
    5.71899986e+01   2.04000000e+02   9.00000000e+01   1.20000000e+01
    1.53299999e+01]
 [  2.03024507e+00   1.79119051e+00   1.00000000e+02   1.00000000e+00
    3.00000000e+00   1.15000000e+03   9.10000000e+01   2.20889568e+01
   -3.11123657e+00]
 [  1.33000004e+00   0.00000000e+00   4.04988678e+02   3.00000000e+00
    2.48199997e+01   1.84000000e+02   5.23483963e+01   5.00000000e+01
   -1.07000005e+00]
 [  8.72000027e+00   2.26999998e+00   1.00000000e+00   6.00000000e+00
    1.28900003e+01   1.69990027e+03   6.70000000e+01   1.30000000e+01
    1.66399994e+01]]
index:
[1, 4, 21, 25, 26, 27, 42, 48, 68, 69, 77, 82, 85, 86, 91, 93, 94]
fitness:
[(0.0, 1.4687703434607866, 20.0), (1.2196806094328008, 1.8288883178557405, 20.0), (1.7625817984613854, 1.5469102943527098, 20.0), (1.4438561897747246, 1.3836449895264926, 20.0), (0.9379911871785624, 0.8533390377944109, 20.0), (0.9379911871785624, 0.8533390377944109, 20.0), (1.6225562489182657, 1.7726801376535675, 20.0), (1.4438561897747246, 1.1259619514354953, 20.0), (1.6225562489182657, 1.2560997713151993, 20.0), (1.6225562489182657, 1.2560997713151993, 20.0), (0.0, 1.4371918449033274, 20.0), (0.0, 1.2996344348574236, 20.0), (0.0, 1.4983475984082704, 20.0), (0.0, 1.129285240367358, 20.0), (0.0, 1.1735902159892082, 20.0), (1.4438561897747246, 0.6761569520198539, 20.0), (0.0, 1.4863039303065266, 20.0)]
mean fitness:
[0.8269107116664872, 1.2968378746679987, 20.0]
center: 
[  3.60264277e+00   1.24331713e+00   4.80776947e+02   5.09248972e+00
   3.58998451e+01   2.38681348e+03   5.78108635e+01   3.95658531e+01
  -2.66542029e+00]
members:
[[  5.96999979e+00   1.64903522e-01   9.46000000e+02   1.29473758e+00
    7.39800034e+01   1.81600000e+03   5.30000000e+01   2.67318573e+01
   -2.40372968e+00]
 [  3.88000011e+00   2.09999993e-01   7.76000000e+02   1.00000000e+00
    5.93899994e+01   1.87000000e+03   9.04809036e+01   7.10000000e+01
   -1.75499992e+01]
 [  1.29999995e-01   2.81999993e+00   2.79000000e+02   6.00000000e+00
    8.42200012e+01   3.00200000e+03   5.70000000e+01   8.10000000e+01
   -1.81599998e+01]
 [  6.70000017e-01   1.58000004e+00   1.35000000e+02   3.00000000e+00
    2.72700005e+01   3.23400000e+03   6.80000000e+01   9.60000000e+01
    0.00000000e+00]
 [  1.33000004e+00   1.44000006e+00   6.19000000e+02   7.00000000e+00
    3.40900002e+01   2.76200000e+03   7.84023819e+01   7.00000000e+00
   -3.06999993e+00]
 [  6.46999979e+00   1.37000000e+00   8.26804993e+02   7.00000000e+00
    2.29400005e+01   2.68400000e+03   7.50000000e+01   7.00068970e+01
   -5.53999996e+00]
 [  6.63999987e+00   2.58999991e+00   5.93000000e+02   9.00000000e+00
    1.39600000e+01   2.55300000e+03   6.40000000e+01   8.50000000e+01
   -2.78959608e+00]
 [  5.51999998e+00   0.00000000e+00   2.20000000e+02   1.00000000e+00
    1.28999996e+00   2.10800000e+03   9.00000000e+01   3.70000000e+01
   -8.29999983e-01]
 [  1.59999996e-01   1.85000002e+00   7.60000000e+02   6.74004126e+00
    7.75188494e+00   2.97000000e+03   8.40000000e+01   4.00000000e+01
    3.87989068e+00]
 [  8.63942432e+00   7.00000003e-02   2.32000000e+02   6.00000000e+00
    5.47312021e+00   1.93800000e+03   1.00000000e+02   0.00000000e+00
    2.64072448e-01]
 [  1.10000002e+00   0.00000000e+00   7.00000000e+00   1.00000000e+00
    8.48799973e+01   3.20100000e+03   5.00000000e+00   6.80000000e+01
   -3.18000007e+00]
 [  8.57999992e+00   2.26880550e+00   6.33000000e+02   3.00000000e+00
    7.28799973e+01   2.60700000e+03   6.34654427e+01   3.00000000e+00
    0.00000000e+00]
 [  1.29999995e-01   1.90999997e+00   5.38000000e+02   7.00000000e+00
    8.65190506e+01   2.07300000e+03   8.40000000e+01   7.80000000e+01
    5.78000021e+00]
 [  3.98000002e+00   1.26999998e+00   7.34000000e+02   3.00000000e+00
    7.16025085e+01   3.27700000e+03   1.40000000e+01   6.11008930e+00
    3.00000012e-01]
 [  1.09999999e-01   4.39999998e-01   7.37000000e+02   2.00000000e+00
    6.65000010e+00   2.04500000e+03   1.30000000e+01   0.00000000e+00
    0.00000000e+00]
 [  4.48000002e+00   2.33702826e+00   3.53000000e+02   1.00000000e+01
    3.08700008e+01   2.81000000e+03   4.20000000e+01   6.80000000e+01
   -6.71999979e+00]
 [  1.59999996e-01   0.00000000e+00   3.00000000e+01   6.00000000e+00
    4.50499992e+01   1.86800000e+03   4.00000000e+00   0.00000000e+00
   -7.31987953e+00]]
index:
[3, 7, 41, 46, 57, 71, 78, 79, 80, 88, 90, 96, 98]
fitness:
[(0.0, 1.1956237858873302, 20.0), (0.0, 2.0461917987667126, 11.0), (0.0, 1.4573831148958467, 20.0), (1.6225562489182657, 1.1321119259634542, 20.0), (0.0, 1.5704849777255805, 16.0), (1.868136110750982, 0.9269452488091825, 20.0), (0.0, 1.4274047938072814, 20.0), (0.0, 1.4274047938072814, 20.0), (0.0, 1.322995609006954, 20.0), (0.0, 1.2505633043496833, 20.0), (0.0, 1.1735902159892082, 20.0), (0.0, 1.011325186802143, 4.0), (0.0, 0.842542181231084, 19.0)]
mean fitness:
[0.2685147968976344, 1.2911205336185956, 17.692307692307693]
center: 
[  4.56711435e+00   9.58376944e-01   3.60460571e+02   5.04083014e+00
   4.03792305e+01   6.56123096e+03   4.12562866e+01   4.75913658e+01
   2.62769222e+00]
members:
[[  1.38000000e+00   6.60000026e-01   4.28000000e+02   1.00000000e+01
    7.91100006e+01   7.30400000e+03   3.60000000e+01   4.30000000e+01
   -1.57500000e+01]
 [  9.20000017e-01   0.00000000e+00   1.00000000e+00   1.00000000e+01
    9.01999969e+01   5.95300000e+03   1.60000000e+01   9.80000000e+01
   -2.90000010e+00]
 [  1.59999996e-01   2.50697266e-02   2.95000000e+02   2.00000000e+00
    1.88500004e+01   6.07800000e+03   4.58296280e+01   2.80000000e+01
    1.85100002e+01]
 [  5.21999979e+00   3.79999995e-01   3.16000000e+02   5.00000000e+00
    3.00000000e+00   6.91500000e+03   5.75021095e+01   8.00000000e+00
    1.62000000e+00]
 [  1.97728074e+00   1.98000002e+00   9.79000000e+02   6.00000000e+00
    2.44000006e+00   7.46700000e+03   9.50000000e+01   2.04108486e+01
    1.95000000e+01]
 [  9.90999985e+00   1.16819954e+00   6.29000000e+02   7.00000000e+00
    5.33400002e+01   6.64900000e+03   5.80000000e+01   4.60000000e+01
    6.40000010e+00]
 [  3.39520073e+00   2.28999996e+00   9.44000000e+02   2.00000000e+00
    8.32099991e+01   7.34900000e+03   7.10000000e+01   6.40000000e+01
    2.54999995e+00]
 [  9.40999985e+00   5.89999974e-01   2.22000000e+02   1.53079379e+00
    1.87199993e+01   6.33300000e+03   1.70000000e+01   6.35806351e+01
   -9.38000011e+00]
 [  2.78999996e+00   2.09999990e+00   5.83000000e+02   6.00000000e+00
    6.17900009e+01   6.27600000e+03   2.00000000e+01   2.20000000e+01
    1.88899994e+01]
 [  7.76000023e+00   3.49999994e-01   1.48000000e+02   8.00000000e+00
    4.77299995e+01   5.59200000e+03   8.30000000e+01   8.66962433e+01
   -2.00000000e+00]
 [  4.00000000e+00   2.15630263e-01   4.98706722e+00   1.00000000e+00
    1.07399998e+01   6.82300000e+03   1.80000000e+01   6.00000000e+01
   -1.09099998e+01]
 [  9.96000004e+00   2.70000005e+00   9.60000000e+01   4.00000000e+00
    4.27799988e+01   5.83400000e+03   5.00000000e+00   3.60000000e+01
   -2.16000009e+00]
 [  2.49000001e+00   0.00000000e+00   4.00000000e+01   3.00000000e+00
    1.30200005e+01   6.72300000e+03   1.40000000e+01   4.30000000e+01
    9.78999996e+00]]
