Gen : 0
0 : (4, 36, 0.0, 267.2297, 1.0)
1 : (36, 25, 0.0062, 385.1543, 1.9474)
2 : (2, 38, 0.009, 505.9731, 1.0)
3 : (38, 22, 0.0056, 402.5317, 2.3125)
4 : (0, 41, 0.0032, 392.2982, 0.0)
5 : (40, 1, 0.0029, 382.5533, 3.0)
6 : (0, 36, 0.0, 369.4549, 0.0)
7 : (35, 0, 0.0032, 334.9065, 0.0)
8 : (1, 41, 0.0021, 440.3709, 1.0)
9 : (39, 4, 0.0, 217.8125, 6.6667)
10 : (0, 41, 0.0044, 377.0412, 0.0)
11 : (40, 4, 0.0007, 268.1656, 10.6667)
12 : (0, 41, 0.0013, 431.0847, 0.0)
13 : (40, 3, 0.0024, 274.0317, 2.5)
14 : (0, 40, 0.0, 218.1099, 0.0)
15 : (40, 3, 0.001, 294.7369, 4.0)
16 : (0, 40, 0.0, 343.0459, 0.0)
17 : (40, 2, 0.0024, 242.2033, 11.5)
18 : (0, 37, 0.0066, 558.4642, 0.0)
19 : (37, 1, 0.0052, 354.6775, 33.0)
20 : (0, 40, 0.0194, 722.2007, 0.0)
21 : (40, 0, 0.005, 567.7396, 0.0)
22 : (0, 40, 0.0087, 400.3813, 0.0)
23 : (40, 0, 0.0012, 266.2255, 0.0)
24 : (10, 30, 0.0, 528.8804, 1.6667)
25 : (30, 40, 0.0033, 268.0296, 1.7037)
26 : (39, 1, 0.0067, 338.534, 38.0)
27 : (1, 39, 0.0005, 299.7235, 39.0)
28 : (37, 3, 0.0062, 369.262, 7.6667)
29 : (3, 37, 0.0028, 269.6063, 3.5556)
30 : (38, 2, 0.0043, 376.8912, 6.5)
31 : (2, 38, 0.0003, 178.2967, 4.25)
32 : (9, 31, 0.0, 255.3627, 1.5)
33 : (31, 10, 0.0009, 393.5188, 5.25)
34 : (3, 37, 0.0, 285.6538, 1.0)
35 : (37, 3, 0.0007, 297.4228, 10.0)
36 : (2, 35, 0.0166, 646.8683, 1.0)
37 : (35, 2, 0.0065, 360.7197, 15.0)
38 : (4, 36, 0.0, 184.3409, 1.0)
39 : (36, 4, 0.008, 353.0164, 5.3333)
40 : (7, 33, 0.0125, 411.7163, 1.1667)
41 : (33, 7, 0.0031, 284.5973, 5.3611)
42 : (4, 36, 0.0066, 394.445, 1.0)
43 : (36, 4, 0.003, 293.5278, 7.75)
44 : (7, 33, 0.0033, 368.7273, 3.5)
45 : (33, 9, 0.0092, 339.0288, 7.875)
46 : (6, 34, 0.0078, 345.8284, 1.2)
47 : (34, 7, 0.0084, 350.0715, 5.3667)
48 : (39, 1, 0.0085, 447.2928, 1.0)
49 : (1, 39, 0.0021, 559.963, 2.0)
50 : (8, 32, 0.001, 276.638, 1.0)
51 : (32, 8, 0.0028, 246.0998, 2.75)
52 : (4, 36, 0.0181, 546.8932, 1.3333)
53 : (36, 5, 0.0122, 367.1658, 6.8333)
54 : (29, 11, 0.0059, 431.9485, 2.875)
55 : (11, 29, 0.0032, 257.6264, 1.5417)
56 : (27, 13, 0.0047, 424.9495, 2.875)
57 : (13, 28, 0.0001, 218.1893, 1.9844)
58 : (27, 5, 0.0027, 475.1831, 4.8)
59 : (5, 28, 0.0001, 251.6237, 1.96)
60 : (7, 33, 0.0091, 479.2282, 1.4)
61 : (33, 7, 0.0136, 418.5732, 6.48)
62 : (7, 33, 0.0, 298.8189, 1.4)
63 : (33, 7, 0.0019, 245.2109, 6.48)
64 : (0, 40, 0.0, 327.5489, 0.0)
65 : (40, 2, 0.0104, 427.2456, 17.0)
66 : (5, 35, 0.019, 462.9529, 1.0)
67 : (35, 5, 0.0045, 298.3232, 7.0)
68 : (4, 36, 0.0111, 388.2376, 1.0)
69 : (36, 4, 0.0046, 339.4169, 3.75)
70 : (6, 34, 0.0047, 364.6535, 1.0)
71 : (34, 9, 0.0077, 291.3866, 4.0)
72 : (7, 33, 0.0034, 240.4829, 1.4)
73 : (33, 7, 0.0027, 417.473, 4.85)
74 : (19, 21, 0.0026, 385.0484, 2.1111)
75 : (21, 19, 0.0111, 357.4438, 2.1235)
76 : (1, 7, 0.0, 680.9874, 1.0)
77 : (7, 1, 0.0, 353.953, 0.0)
78 : (5, 35, 0.0, 340.496, 1.0)
79 : (35, 5, 0.0021, 424.895, 6.2)
80 : (3, 37, 0.0, 162.3674, 1.0)
81 : (37, 5, 0.0, 317.555, 9.5)
82 : (6, 34, 0.0017, 349.1103, 1.2)
83 : (34, 7, 0.0031, 403.4803, 4.3667)
84 : (7, 16, 0.0065, 225.1987, 1.6667)
85 : (16, 7, 0.0, 199.2319, 4.4167)
86 : (13, 27, 0.0074, 406.2563, 1.8571)
87 : (27, 13, 0.0025, 241.5903, 3.551)
88 : (17, 23, 0.0037, 417.0449, 1.8889)
89 : (23, 17, 0.0119, 325.4755, 2.4321)
90 : (5, 35, 0.0, 79.1958, 1.6667)
91 : (35, 6, 0.004, 445.7934, 9.5556)
92 : (7, 33, 0.0, 236.409, 1.1667)
93 : (33, 9, 0.0035, 392.2226, 4.3095)
94 : (11, 29, 0.0029, 265.9754, 1.6)
95 : (29, 12, 0.0078, 492.2996, 4.3714)
96 : (29, 11, 0.0025, 408.97, 3.375)
97 : (11, 31, 0.0001, 231.5419, 1.7969)
98 : (3, 37, 0.0033, 298.673, 1.0)
99 : (37, 4, 0.0075, 367.8664, 7.75)
100 : (11, 29, 0.0023, 366.1345, 2.2)
101 : (29, 11, 0.0027, 363.9071, 4.84)
102 : (7, 33, 0.005, 247.1522, 1.1667)
103 : (33, 7, 0.0019, 350.8217, 5.0278)
104 : (1, 39, 0.0, 290.1289, 1.0)
105 : (39, 5, 0.0002, 253.4667, 9.3333)
106 : (6, 34, 0.0052, 333.243, 1.0)
107 : (34, 7, 0.0008, 324.192, 5.4)
108 : (3, 37, 0.003, 337.4585, 1.0)
109 : (37, 4, 0.0003, 266.7384, 9.5)
110 : (3, 37, 0.0, 420.2479, 1.5)
111 : (37, 5, 0.0009, 274.7772, 7.875)
112 : (20, 20, 0.0016, 397.9995, 2.5714)
113 : (20, 20, 0.0, 250.8377, 2.8214)
114 : (13, 27, 0.0149, 483.42, 1.4444)
115 : (27, 14, 0.0014, 386.7847, 2.9383)
116 : (31, 9, 0.0038, 333.0725, 3.4444)
117 : (9, 33, 0.003, 218.272, 1.4306)
118 : (14, 26, 0.0025, 401.5415, 1.5556)
119 : (26, 14, 0.0062, 292.1978, 3.0694)
120 : (25, 15, 0.0052, 414.622, 2.0)
121 : (15, 26, 0.0103, 270.5923, 1.5455)
122 : (11, 29, 0.0107, 492.9018, 1.8333)
123 : (29, 12, 0.0038, 368.2447, 4.3056)
124 : (9, 31, 0.0032, 309.9356, 1.125)
125 : (31, 9, 0.0045, 315.5904, 3.5156)
126 : (8, 32, 0.0039, 568.4466, 1.6)
127 : (32, 8, 0.0048, 314.1323, 5.72)
128 : (9, 31, 0.0066, 451.0943, 2.25)
129 : (31, 10, 0.0064, 327.7335, 5.45)
130 : (15, 25, 0.0, 370.7168, 1.6667)
131 : (25, 15, 0.0022, 277.254, 2.7407)
132 : (16, 25, 0.0045, 406.3615, 2.2857)
133 : (24, 16, 0.0011, 236.8281, 3.0408)
134 : (17, 23, 0.0028, 436.9088, 1.6)
135 : (23, 17, 0.0085, 309.0327, 2.46)
136 : (14, 26, 0.0044, 539.3989, 1.4444)
137 : (26, 15, 0.0084, 320.2894, 2.7444)
138 : (21, 19, 0.0028, 358.8064, 2.1)
139 : (19, 22, 0.01, 387.7064, 2.01)
140 : (13, 27, 0.0015, 291.8998, 1.625)
141 : (27, 15, 0.0014, 140.5828, 2.7625)
142 : (10, 30, 0.0, 256.0745, 1.4286)
143 : (30, 10, 0.0034, 336.9625, 4.5714)
144 : (22, 18, 0.0042, 377.169, 3.1429)
145 : (18, 25, 0.0043, 283.8644, 2.8776)
146 : (15, 16, 0.0043, 367.3571, 2.0)
147 : (16, 18, 0.0089, 293.0373, 2.25)
148 : (16, 24, 0.0019, 278.5509, 2.2857)
149 : (24, 23, 0.0087, 299.9436, 3.1607)
150 : (29, 11, 0.0044, 377.0168, 2.625)
151 : (11, 30, 0.0006, 245.8884, 1.5139)
152 : (23, 17, 0.0, 371.0136, 1.9167)
153 : (17, 24, 0.0022, 223.7765, 1.4097)
154 : (17, 23, 0.0018, 417.6855, 1.6667)
155 : (23, 17, 0.0016, 305.4931, 2.7407)
156 : (10, 30, 0.0087, 425.9859, 1.6667)
157 : (30, 11, 0.003, 367.998, 4.381)
158 : (27, 13, 0.0012, 308.2336, 3.0)
159 : (13, 28, 0.0107, 244.304, 1.875)
160 : (12, 28, 0.0021, 372.4004, 1.7143)
161 : (28, 12, 0.007, 272.5284, 3.8163)
162 : (24, 16, 0.0007, 398.089, 2.6667)
163 : (16, 26, 0.011, 368.8654, 2.2083)
164 : (32, 8, 0.0016, 380.7053, 2.8)
165 : (8, 32, 0.0031, 302.8418, 1.8)
166 : (22, 18, 0.0046, 332.5385, 2.375)
167 : (18, 23, 0.0014, 409.3573, 2.2639)
168 : (10, 30, 0.0, 222.5007, 1.3333)
169 : (30, 10, 0.0, 239.1769, 4.4762)
170 : (9, 22, 0.0, 185.4544, 1.3333)
171 : (22, 9, 0.0, 194.9922, 3.3333)
172 : (22, 18, 0.0, 309.1872, 2.5)
173 : (18, 22, 0.0012, 273.8285, 2.2778)
174 : (19, 21, 0.0008, 331.1199, 1.375)
175 : (21, 21, 0.0017, 226.0126, 2.7969)
176 : (19, 21, 0.0, 266.0263, 1.9)
177 : (21, 19, 0.0021, 239.4883, 2.4333)
178 : (15, 25, 0.0028, 348.8996, 1.6667)
179 : (25, 15, 0.0007, 217.7872, 3.2083)
180 : (14, 26, 0.0052, 455.3539, 1.75)
181 : (26, 14, 0.0063, 308.6231, 3.8214)
182 : (7, 33, 0.0037, 434.8764, 1.4)
183 : (33, 7, 0.0024, 288.7523, 5.6)
184 : (15, 12, 0.0, 188.9045, 1.5714)
185 : (12, 15, 0.0, 96.6055, 1.6964)
186 : (18, 22, 0.0, 189.7392, 1.7778)
187 : (22, 21, 0.0003, 162.9489, 2.1616)
188 : (5, 15, 0.0, 213.5001, 1.6667)
189 : (15, 6, 0.0, 177.3287, 3.9167)
190 : (21, 19, 0.0, 250.2926, 2.3333)
191 : (19, 23, 0.0, 164.9611, 2.5417)
192 : (21, 12, 0.0, 245.9148, 4.2)
193 : (12, 23, 0.0025, 207.4433, 2.3143)
194 : (11, 29, 0.005, 405.9269, 1.4286)
195 : (29, 11, 0.0006, 262.1546, 3.8036)
196 : (13, 27, 0.0024, 440.8336, 1.4444)
197 : (27, 14, 0.0012, 265.382, 3.0494)
198 : (18, 22, 0.0053, 477.075, 1.5455)
199 : (22, 18, 0.0015, 286.1731, 1.9621)
200 : (0, 38, 0.0, 79.0975, 0.0)
201 : (38, 15, 0.0, 155.6371, 3.3636)
202 : (0, 40, 0.0, 94.9318, 0.0)
203 : (40, 12, 0.0007, 187.9972, 4.0)
204 : (0, 25, 0.0, 19.1946, 0.0)
205 : (25, 6, 0.0, 199.2611, 4.0)
206 : (0, 30, 0.0, 217.0027, 0.0)
207 : (30, 8, 0.0007, 203.4175, 3.75)
208 : (0, 30, 0.0, 234.824, 0.0)
209 : (30, 15, 0.001, 194.6392, 1.75)
210 : (0, 35, 0.0, 171.6914, 0.0)
211 : (35, 9, 0.0, 237.844, 4.25)
212 : (0, 40, 0.0, 54.8568, 0.0)
213 : (40, 5, 0.0016, 246.0609, 8.25)
214 : (0, 31, 0.0, 339.2382, 0.0)
215 : (31, 11, 0.0003, 211.3773, 3.625)
216 : (0, 36, 0.0, 124.051, 0.0)
217 : (36, 9, 0.0008, 238.0707, 4.125)
218 : (0, 40, 0.0, 164.0764, 0.0)
219 : (40, 9, 0.0024, 204.9434, 4.1111)
220 : (19, 11, 0.0063, 357.7711, 2.7143)
221 : (11, 55, 0.0001, 124.5594, 1.4127)
222 : (6, 25, 0.0, 171.1881, 1.5)
223 : (25, 6, 0.0, 130.3147, 6.125)
224 : (5, 27, 0.0022, 180.5957, 1.6667)
225 : (27, 6, 0.0012, 122.952, 2.4167)
226 : (26, 14, 0.004, 378.2328, 2.6)
227 : (14, 26, 0.0063, 317.7072, 1.7333)
228 : (13, 27, 0.005, 377.6103, 1.3)
229 : (27, 13, 0.0019, 219.6713, 2.63)
230 : (38, 2, 0.0057, 408.2405, 15.0)
231 : (2, 38, 0.0008, 224.1599, 8.5)
232 : (39, 1, 0.0066, 443.2875, 30.0)
233 : (1, 39, 0.0013, 161.9753, 31.0)
234 : (39, 1, 0.0074, 428.6382, 27.0)
235 : (1, 39, 0.0015, 284.1812, 28.0)
236 : (35, 5, 0.0138, 512.1155, 8.25)
237 : (5, 35, 0.0048, 279.2184, 3.3125)
238 : (29, 3, 0.0066, 499.4088, 4.3333)
239 : (3, 29, 0.0003, 127.0858, 2.4444)
240 : (37, 3, 0.0043, 449.7303, 8.0)
241 : (3, 38, 0.0002, 125.6988, 3.6667)
242 : (34, 6, 0.0068, 366.0528, 4.6667)
243 : (6, 35, 0.0003, 79.8858, 1.7778)
244 : (34, 6, 0.0023, 273.99, 5.8)
245 : (6, 36, 0.0001, 159.4845, 2.36)
246 : (34, 6, 0.0044, 454.4257, 6.8)
247 : (6, 34, 0.0157, 332.284, 2.95)
248 : (30, 10, 0.0017, 366.4893, 3.7143)
249 : (10, 31, 0.0, 114.9946, 1.7143)
250 : (23, 17, 0.0015, 416.7062, 1.9091)
251 : (17, 23, 0.0, 127.1202, 1.719)
252 : (32, 8, 0.0079, 461.2937, 5.2)
253 : (8, 33, 0.0004, 143.3725, 2.2)
254 : (34, 6, 0.009, 560.7133, 8.25)
255 : (6, 34, 0.0076, 351.894, 2.85)
256 : (34, 6, 0.0045, 435.681, 6.6)
257 : (6, 34, 0.0003, 240.6753, 2.52)
258 : (11, 29, 0.0023, 353.4327, 1.375)
259 : (29, 11, 0.0047, 324.7756, 2.9219)
260 : (6, 34, 0.0032, 358.1071, 1.0)
261 : (34, 6, 0.0016, 284.9285, 5.8333)
262 : (26, 14, 0.0096, 515.6764, 3.2)
263 : (14, 26, 0.0002, 101.9941, 3.44)
264 : (6, 34, 0.0048, 378.2154, 1.5)
265 : (34, 7, 0.0, 132.134, 6.9)
266 : (20, 20, 0.0016, 400.1748, 2.5)
267 : (20, 20, 0.0008, 160.3242, 2.9286)
268 : (20, 20, 0.0122, 372.5723, 1.5833)
269 : (20, 20, 0.0035, 171.2456, 1.6603)
270 : (8, 7, 0.007, 237.3864, 1.6)
271 : (7, 8, 0.0003, 127.7152, 1.32)
272 : (22, 10, 0.0063, 467.7313, 2.2)
273 : (10, 22, 0.0002, 130.9259, 2.44)
274 : (38, 2, 0.0176, 578.17, 18.0)
275 : (2, 38, 0.0022, 391.0784, 10.0)
276 : (12, 28, 0.0031, 381.3381, 1.3333)
277 : (28, 12, 0.0035, 294.4901, 2.8148)
278 : (29, 11, 0.0071, 424.6058, 3.8571)
279 : (11, 29, 0.0002, 126.0031, 1.8571)
280 : (24, 9, 0.0049, 499.1088, 3.6)
281 : (9, 24, 0.0002, 100.2378, 2.1)
282 : (17, 23, 0.0164, 484.9217, 1.5)
283 : (23, 18, 0.0039, 276.3827, 2.2273)
284 : (13, 27, 0.0132, 461.5336, 1.0)
285 : (27, 14, 0.0057, 329.1455, 4.0)
286 : (10, 30, 0.0061, 350.9132, 2.0)
287 : (30, 10, 0.0011, 174.2049, 6.4)
288 : (9, 31, 0.0048, 426.844, 1.0)
289 : (31, 9, 0.0027, 266.4423, 3.3333)
290 : (11, 29, 0.0088, 439.4537, 1.2222)
291 : (29, 11, 0.0058, 300.6865, 3.0278)
292 : (22, 18, 0.0032, 270.9562, 2.2222)
293 : (18, 22, 0.0016, 126.5829, 2.2469)
294 : (15, 25, 0.009, 461.2824, 1.4)
295 : (25, 16, 0.0028, 261.418, 2.2)
296 : (4, 8, 0.0117, 387.1676, 1.5)
297 : (8, 4, 0.0007, 144.1694, 3.1667)
298 : (34, 6, 0.0038, 412.2241, 5.0)
299 : (6, 34, 0.0002, 260.8267, 1.8333)
300 : (40, 0, 0.0077, 524.3285, 0.0)
301 : (0, 40, 0.0077, 604.0381, 0.0)
302 : (13, 27, 0.0029, 474.4836, 1.3)
303 : (27, 13, 0.002, 321.3809, 2.8111)
304 : (14, 26, 0.0024, 431.9672, 2.1667)
305 : (26, 14, 0.0073, 387.6394, 4.6944)
306 : (18, 22, 0.0018, 347.2807, 2.5714)
307 : (22, 18, 0.0057, 341.3882, 3.9286)
308 : (8, 32, 0.0012, 265.3062, 1.6)
309 : (32, 9, 0.0048, 198.0392, 5.12)
310 : (21, 19, 0.0072, 461.2187, 2.3333)
311 : (19, 21, 0.0038, 335.3684, 2.2593)
312 : (8, 32, 0.0017, 519.9129, 1.3333)
313 : (32, 8, 0.005, 256.9378, 5.2222)
314 : (12, 28, 0.0057, 509.744, 1.2)
315 : (28, 12, 0.0001, 182.4209, 2.72)
316 : (17, 23, 0.0062, 438.001, 1.2727)
317 : (23, 17, 0.0023, 242.5766, 2.2066)
318 : (6, 20, 0.0, 224.8733, 1.5)
319 : (20, 6, 0.0, 183.2133, 6.1667)
320 : (7, 23, 0.0, 205.7601, 1.0)
321 : (23, 7, 0.0004, 185.9988, 3.3333)
322 : (31, 9, 0.0043, 427.2535, 7.0)
323 : (9, 31, 0.0031, 273.5474, 4.0)
324 : (25, 15, 0.0063, 420.166, 2.1818)
325 : (15, 26, 0.0001, 136.8867, 1.562)
326 : (11, 29, 0.0055, 404.7648, 1.5714)
327 : (29, 11, 0.0013, 176.2247, 4.0816)
328 : (9, 31, 0.0016, 348.4195, 1.2857)
329 : (31, 9, 0.0054, 269.8405, 5.2143)
330 : (34, 6, 0.0005, 334.3073, 8.5)
331 : (6, 34, 0.0, 160.4269, 4.5)
332 : (30, 11, 0.0, 270.6782, 3.625)
333 : (10, 30, 0.005, 198.07, 1.7031)
334 : (27, 13, 0.0088, 449.582, 3.4286)
335 : (13, 28, 0.0017, 207.457, 2.0536)
336 : (20, 20, 0.0053, 486.5663, 2.2222)
337 : (20, 20, 0.0006, 178.2858, 2.2778)
338 : (24, 16, 0.0047, 499.9735, 2.1818)
339 : (16, 25, 0.0055, 233.7339, 1.7182)
340 : (20, 20, 0.0046, 410.1534, 2.0)
341 : (20, 20, 0.0017, 278.2814, 2.4444)
342 : (19, 21, 0.0032, 384.5905, 2.375)
343 : (21, 19, 0.0, 208.0073, 2.6719)
344 : (10, 30, 0.0054, 426.8652, 1.1111)
345 : (30, 10, 0.0109, 314.1028, 3.7639)
346 : (22, 18, 0.0057, 414.1539, 2.625)
347 : (18, 23, 0.0029, 281.0171, 2.2917)
348 : (24, 14, 0.0051, 467.629, 2.875)
349 : (14, 24, 0.0002, 151.3383, 2.1094)
350 : (23, 17, 0.0086, 487.0625, 2.5556)
351 : (17, 23, 0.0069, 323.2505, 2.1944)
352 : (5, 8, 0.0092, 463.166, 1.6667)
353 : (8, 5, 0.0004, 134.5496, 4.3333)
354 : (5, 7, 0.0, 470.8586, 2.5)
355 : (7, 5, 0.0, 147.1624, 7.5)
356 : (28, 12, 0.0042, 426.7478, 3.0)
357 : (12, 28, 0.0026, 267.2921, 1.875)
358 : (17, 23, 0.0109, 423.9548, 1.8889)
359 : (23, 18, 0.0032, 252.5739, 2.321)
360 : (23, 17, 0.0066, 403.6158, 2.1)
361 : (17, 23, 0.0018, 254.4373, 1.91)
362 : (26, 14, 0.0069, 408.6181, 2.6667)
363 : (14, 29, 0.0001, 118.3895, 1.6667)
364 : (22, 18, 0.0108, 517.4371, 2.625)
365 : (18, 22, 0.0065, 367.5003, 2.2917)
366 : (18, 22, 0.0095, 472.942, 2.25)
367 : (22, 18, 0.0063, 328.3973, 3.0357)
368 : (24, 16, 0.0072, 417.7177, 3.0)
369 : (16, 25, 0.0001, 160.2938, 2.5714)
370 : (14, 26, 0.0107, 452.2451, 1.75)
371 : (26, 14, 0.0016, 292.5453, 3.2188)
372 : (20, 20, 0.002, 428.4356, 1.7778)
373 : (20, 20, 0.003, 224.651, 2.1778)
374 : (11, 29, 0.0077, 413.0774, 1.5714)
375 : (29, 11, 0.0092, 306.9916, 4.5952)
376 : (23, 17, 0.011, 481.0179, 2.3)
377 : (17, 23, 0.0014, 144.9277, 1.83)
378 : (15, 25, 0.016, 544.7271, 1.3636)
379 : (25, 15, 0.0017, 243.8159, 2.3058)
380 : (27, 13, 0.0075, 421.6109, 3.2857)
381 : (13, 27, 0.0002, 118.032, 2.0357)
382 : (17, 23, 0.012, 499.7943, 2.125)
383 : (23, 17, 0.0002, 227.2453, 3.0156)
384 : (26, 14, 0.0042, 418.9702, 3.25)
385 : (14, 26, 0.0007, 147.408, 2.0313)
386 : (32, 8, 0.0104, 471.405, 6.0)
387 : (8, 32, 0.0091, 270.9708, 2.8)
388 : (24, 16, 0.0073, 537.7285, 2.875)
389 : (16, 25, 0.0001, 126.8469, 2.0972)
390 : (16, 25, 0.0027, 347.261, 1.4)
391 : (24, 16, 0.0013, 187.4734, 2.8222)
392 : (22, 18, 0.005, 389.0307, 3.5)
393 : (18, 22, 0.0019, 231.4005, 3.0714)
394 : (25, 15, 0.007, 417.6075, 2.625)
395 : (15, 25, 0.0001, 143.7473, 2.2031)
396 : (21, 19, 0.0172, 533.6902, 2.1111)
397 : (19, 21, 0.0015, 242.6911, 2.3457)
398 : (20, 20, 0.0087, 421.5168, 2.5)
399 : (20, 20, 0.0001, 222.9884, 2.3125)
400 : (1, 31, 0.0, 80.3754, 1.0)
401 : (31, 12, 0.0003, 204.7563, 3.5556)
402 : (0, 29, 0.0, 165.9955, 0.0)
403 : (29, 6, 0.0006, 246.3242, 3.8333)
404 : (0, 41, 0.0, 45.5332, 0.0)
405 : (40, 13, 0.0005, 181.864, 3.1667)
406 : (0, 30, 0.0, 86.0579, 0.0)
407 : (30, 5, 0.0003, 230.4953, 5.2)
408 : (0, 40, 0.0117, 547.9868, 0.0)
409 : (40, 13, 0.0012, 214.4208, 3.4545)
410 : (0, 40, 0.0, 19.358, 0.0)
411 : (40, 11, 0.0009, 241.1384, 2.8182)
412 : (0, 40, 0.0, 21.2008, 0.0)
413 : (40, 14, 0.0007, 170.1388, 3.5455)
414 : (0, 19, 0.0, 309.7911, 0.0)
415 : (19, 8, 0.0003, 156.2755, 2.5)
416 : (0, 29, 0.0, 117.907, 0.0)
417 : (29, 7, 0.0012, 223.6115, 4.0)
418 : (0, 26, 0.0, 201.1172, 0.0)
419 : (26, 16, 0.003, 175.2032, 2.0909)
420 : (20, 20, 0.008, 412.0072, 1.8889)
421 : (20, 59, 0.0005, 131.5285, 1.3681)
422 : (5, 10, 0.0, 145.6283, 1.25)
423 : (10, 5, 0.0, 122.9924, 2.0625)
424 : (5, 11, 0.0, 151.3996, 1.6667)
425 : (11, 5, 0.0012, 137.8725, 5.3333)
426 : (23, 11, 0.0132, 499.7967, 3.5)
427 : (11, 23, 0.0004, 270.3414, 2.0714)
428 : (11, 29, 0.0122, 548.1275, 1.5714)
429 : (29, 11, 0.0002, 233.4884, 3.9286)
430 : (37, 3, 0.008, 413.5581, 4.3333)
431 : (3, 37, 0.0009, 129.1099, 2.4444)
432 : (39, 1, 0.0113, 478.2971, 31.0)
433 : (1, 39, 0.0023, 159.3467, 32.0)
434 : (38, 2, 0.0088, 444.0341, 19.0)
435 : (2, 38, 0.0018, 129.9827, 20.0)
436 : (34, 6, 0.0071, 447.7218, 10.0)
437 : (6, 34, 0.0003, 217.8722, 5.3333)
438 : (34, 6, 0.0043, 474.5368, 6.6)
439 : (6, 35, 0.0001, 97.1047, 2.1)
440 : (34, 6, 0.0078, 442.8715, 6.4)
441 : (6, 34, 0.0003, 82.5158, 2.0667)
442 : (35, 5, 0.0062, 358.6092, 6.0)
443 : (5, 39, 0.0003, 141.6329, 2.2)
444 : (36, 4, 0.0063, 341.4262, 7.5)
445 : (4, 39, 0.0002, 163.4021, 2.875)
446 : (36, 4, 0.0041, 391.0876, 5.75)
447 : (4, 36, 0.0091, 290.4619, 2.4375)
448 : (24, 16, 0.0038, 385.7666, 3.4286)
449 : (16, 24, 0.0001, 137.7522, 2.4898)
450 : (31, 9, 0.0065, 494.3309, 5.8)
451 : (9, 31, 0.0002, 117.2564, 2.96)
452 : (34, 6, 0.0075, 414.129, 4.2)
453 : (6, 34, 0.0006, 163.5007, 2.04)
454 : (32, 8, 0.0052, 404.5568, 3.75)
455 : (8, 32, 0.0003, 283.8239, 1.4688)
456 : (34, 6, 0.005, 487.5256, 5.4)
457 : (6, 34, 0.0047, 297.5772, 1.9)
458 : (8, 27, 0.0, 344.7823, 1.1429)
459 : (27, 8, 0.0012, 262.1604, 3.8776)
460 : (10, 30, 0.0039, 449.2856, 1.2857)
461 : (30, 10, 0.0019, 312.5121, 4.4694)
462 : (19, 17, 0.0037, 389.7133, 1.5833)
463 : (17, 19, 0.0001, 100.7194, 1.5985)
464 : (10, 28, 0.0069, 397.157, 1.5)
465 : (28, 10, 0.0001, 114.8715, 4.2143)
466 : (19, 21, 0.0047, 420.8555, 1.9)
467 : (21, 19, 0.0001, 116.1596, 2.4333)
468 : (17, 20, 0.0073, 375.1831, 1.2143)
469 : (20, 17, 0.0026, 210.148, 1.4439)
470 : (28, 12, 0.0035, 288.0005, 3.375)
471 : (12, 28, 0.0001, 162.0481, 1.9219)
472 : (28, 12, 0.0052, 365.9518, 2.8889)
473 : (12, 29, 0.0002, 141.7033, 1.6543)
474 : (35, 5, 0.0081, 396.1281, 5.6)
475 : (5, 35, 0.0005, 153.978, 2.12)
476 : (10, 30, 0.0023, 361.0164, 1.1111)
477 : (30, 10, 0.0045, 293.8079, 3.6389)
478 : (21, 19, 0.0095, 486.3472, 1.7778)
479 : (19, 21, 0.0001, 143.3333, 2.0778)
480 : (25, 15, 0.0101, 543.8942, 1.9231)
481 : (15, 25, 0.0023, 142.4583, 1.3269)
482 : (13, 27, 0.0105, 499.2174, 1.4444)
483 : (27, 14, 0.0014, 220.1151, 2.4444)
484 : (16, 24, 0.0059, 473.6577, 1.5556)
485 : (24, 16, 0.0016, 239.4472, 2.5556)
486 : (15, 25, 0.0033, 374.8241, 2.0)
487 : (25, 16, 0.0001, 264.4359, 3.375)
488 : (11, 29, 0.0077, 394.7617, 1.375)
489 : (29, 11, 0.0013, 213.2834, 3.2969)
490 : (11, 29, 0.0059, 379.2429, 1.5714)
491 : (29, 11, 0.0019, 184.4802, 3.7959)
492 : (5, 4, 0.0, 166.1911, 1.6667)
493 : (4, 5, 0.0, 50.2356, 1.5556)
494 : (12, 28, 0.0085, 420.6109, 1.5)
495 : (28, 12, 0.0079, 377.9893, 3.4375)
496 : (17, 23, 0.0016, 415.5515, 1.5455)
497 : (23, 17, 0.0, 120.0634, 2.3545)
498 : (21, 19, 0.007, 477.6096, 2.0)
499 : (19, 22, 0.0002, 165.3271, 1.75)
500 : (38, 2, 0.0059, 507.3277, 17.5)
501 : (2, 38, 0.0008, 351.5584, 9.75)
502 : (12, 28, 0.001, 354.7149, 1.5)
503 : (28, 12, 0.0012, 320.7344, 4.2143)
504 : (12, 28, 0.0, 305.7091, 2.0)
505 : (28, 13, 0.0059, 361.6219, 4.6667)
506 : (13, 27, 0.0021, 279.3394, 1.7143)
507 : (27, 14, 0.0056, 337.0587, 3.5893)
508 : (9, 31, 0.0, 319.0517, 1.8)
509 : (31, 9, 0.0063, 225.5946, 7.7)
510 : (22, 18, 0.007, 449.6589, 1.9091)
511 : (18, 22, 0.0018, 270.2457, 1.8099)
512 : (10, 30, 0.0033, 530.9315, 1.25)
513 : (30, 11, 0.001, 240.8999, 3.5313)
514 : (14, 26, 0.0052, 465.8412, 1.5556)
515 : (26, 14, 0.0001, 123.7163, 2.284)
516 : (11, 29, 0.0013, 275.2914, 1.0)
517 : (29, 11, 0.0023, 221.2313, 3.3333)
518 : (12, 20, 0.0, 160.5668, 1.3333)
519 : (20, 12, 0.0008, 158.3772, 2.5417)
520 : (14, 20, 0.0, 122.1711, 1.625)
521 : (20, 14, 0.0005, 172.5635, 2.7031)
522 : (27, 13, 0.0071, 428.3673, 2.4545)
523 : (13, 27, 0.0026, 291.5213, 1.3455)
524 : (25, 15, 0.0093, 477.8142, 3.8333)
525 : (15, 25, 0.0002, 143.3587, 3.1389)
526 : (17, 23, 0.0137, 552.7542, 1.8889)
527 : (23, 17, 0.0002, 165.0377, 2.9861)
528 : (18, 22, 0.0146, 537.8331, 2.0)
529 : (22, 18, 0.0033, 331.5665, 2.4444)
530 : (32, 8, 0.0, 320.3112, 4.4286)
531 : (8, 32, 0.0031, 176.5217, 1.7755)
532 : (23, 6, 0.0, 312.8394, 3.5)
533 : (6, 23, 0.0044, 115.3277, 1.5833)
534 : (27, 13, 0.0064, 387.8302, 2.7)
535 : (13, 27, 0.0017, 168.6604, 1.47)
536 : (21, 19, 0.0029, 398.7638, 2.5714)
537 : (19, 21, 0.0006, 241.5837, 3.0816)
538 : (6, 18, 0.0034, 452.1357, 1.5)
539 : (18, 6, 0.0001, 227.1445, 4.625)
540 : (22, 18, 0.0053, 458.7035, 2.5714)
541 : (18, 22, 0.0017, 231.6395, 2.5714)
542 : (17, 23, 0.0013, 382.3793, 3.2)
543 : (23, 17, 0.0014, 228.2721, 4.3667)
544 : (17, 23, 0.0063, 489.9065, 1.7)
545 : (23, 17, 0.0157, 403.0536, 2.37)
546 : (20, 20, 0.0103, 456.3442, 1.8182)
547 : (20, 21, 0.0017, 207.7702, 1.7818)
548 : (25, 15, 0.0075, 576.7977, 2.0)
549 : (15, 26, 0.0002, 128.2111, 1.5455)
550 : (20, 20, 0.0069, 381.2545, 1.8889)
551 : (20, 20, 0.0081, 413.701, 2.1889)
552 : (14, 18, 0.0036, 364.522, 1.3)
553 : (18, 14, 0.0025, 193.4992, 1.7545)
554 : (9, 11, 0.0072, 443.7227, 1.5)
555 : (11, 9, 0.0024, 207.4329, 1.75)
556 : (14, 26, 0.0019, 332.113, 1.2727)
557 : (26, 14, 0.0, 214.5853, 2.6273)
558 : (21, 19, 0.0039, 416.058, 2.2222)
559 : (19, 21, 0.0001, 163.264, 2.1222)
560 : (24, 16, 0.0093, 466.7809, 2.1)
561 : (16, 24, 0.0008, 156.2687, 1.81)
562 : (28, 12, 0.0089, 415.7234, 3.0)
563 : (12, 31, 0.0002, 149.0894, 1.6667)
564 : (27, 13, 0.0185, 601.5321, 3.1667)
565 : (13, 27, 0.0042, 404.8875, 2.6944)
566 : (12, 28, 0.0034, 308.5432, 1.5)
567 : (28, 12, 0.0028, 324.3595, 3.4375)
568 : (18, 22, 0.0049, 432.8582, 1.6364)
569 : (22, 19, 0.0015, 327.6889, 2.0579)
570 : (16, 24, 0.0149, 500.7787, 2.5)
571 : (24, 16, 0.0002, 268.5051, 4.4167)
572 : (10, 30, 0.0029, 398.8651, 1.4286)
573 : (30, 10, 0.0029, 280.5343, 4.9048)
574 : (11, 29, 0.0023, 441.4272, 1.2)
575 : (29, 11, 0.0044, 241.2954, 6.04)
576 : (27, 12, 0.0137, 505.7861, 2.5714)
577 : (12, 27, 0.003, 219.2775, 2.0816)
578 : (15, 25, 0.0107, 467.9702, 1.4444)
579 : (25, 17, 0.0002, 181.4809, 2.6444)
580 : (25, 15, 0.0117, 483.1348, 3.125)
581 : (15, 25, 0.0003, 128.3467, 2.3036)
582 : (23, 17, 0.0046, 403.44, 2.625)
583 : (17, 24, 0.0025, 198.1582, 2.4531)
584 : (21, 19, 0.0056, 433.6472, 2.125)
585 : (19, 21, 0.0001, 170.9946, 2.3472)
586 : (27, 13, 0.01, 451.9196, 2.75)
587 : (13, 27, 0.0026, 254.2708, 1.75)
588 : (23, 17, 0.0025, 437.4641, 2.625)
589 : (17, 23, 0.0, 143.2591, 2.1806)
590 : (25, 15, 0.0111, 502.2311, 2.0)
591 : (15, 25, 0.0029, 228.6011, 1.7)
592 : (17, 23, 0.0081, 416.3317, 1.8889)
593 : (23, 17, 0.004, 267.3227, 2.4321)
594 : (25, 15, 0.0083, 454.7474, 2.5)
595 : (15, 25, 0.0002, 145.9237, 1.8333)
596 : (15, 25, 0.0059, 366.6793, 1.5)
597 : (25, 16, 0.0006, 206.7777, 1.95)
598 : (21, 19, 0.0105, 485.9383, 1.6364)
599 : (19, 22, 0.002, 287.6756, 1.7197)
600 : (3, 28, 0.0, 353.2798, 1.0)
601 : (28, 55, 0.0, 243.6584, 1.1667)
602 : (1, 39, 0.0, 88.3643, 1.0)
603 : (39, 76, 0.0001, 215.1409, 1.2188)
604 : (3, 38, 0.0, 113.6956, 1.0)
605 : (37, 56, 0.0, 229.5948, 1.4231)
606 : (7, 32, 0.0, 151.5372, 1.0)
607 : (32, 70, 0.0, 199.8628, 1.2308)
608 : (0, 37, 0.0, 143.8272, 0.0)
609 : (37, 3, 0.0002, 213.1102, 10.0)
610 : (4, 36, 0.0, 184.47, 1.0)
611 : (36, 6, 0.0, 153.9418, 3.75)
612 : (3, 29, 0.0, 171.0701, 1.0)
613 : (29, 6, 0.0003, 238.7485, 6.0)
614 : (2, 20, 0.0, 260.9677, 1.0)
615 : (20, 2, 0.0004, 232.3713, 10.0)
616 : (3, 37, 0.0025, 214.0898, 1.5)
617 : (37, 9, 0.0, 186.8995, 7.375)
618 : (2, 31, 0.0, 213.7948, 1.0)
619 : (31, 2, 0.0, 209.6403, 7.5)
620 : (5, 35, 0.0, 195.5528, 1.25)
621 : (35, 69, 0.0, 235.2307, 1.1417)
622 : (1, 39, 0.0, 165.761, 1.0)
623 : (39, 12, 0.0021, 274.3799, 3.5)
624 : (3, 37, 0.0, 262.8564, 1.0)
625 : (37, 26, 0.0, 267.1581, 2.3333)
626 : (0, 40, 0.0, 87.6384, 0.0)
627 : (40, 7, 0.0, 166.287, 6.0)
628 : (0, 40, 0.0, 204.5918, 0.0)
629 : (40, 8, 0.0007, 258.7281, 4.875)
630 : (2, 38, 0.0, 226.9827, 1.0)
631 : (38, 10, 0.0006, 276.2484, 4.2222)
632 : (3, 37, 0.0, 204.6148, 1.0)
633 : (37, 5, 0.0, 214.5941, 8.0)
634 : (2, 38, 0.0, 193.5317, 1.0)
635 : (38, 4, 0.0, 179.2873, 8.25)
636 : (0, 41, 0.0, 175.7133, 0.0)
637 : (40, 3, 0.0007, 233.9538, 12.6667)
638 : (5, 37, 0.0, 278.0162, 1.25)
639 : (35, 5, 0.0007, 454.3394, 11.4167)
640 : (0, 40, 0.0105, 425.5245, 0.0)
641 : (40, 0, 0.0001, 316.0646, 0.0)
642 : (3, 37, 0.0075, 493.2263, 1.0)
643 : (37, 3, 0.0003, 347.6067, 11.3333)
644 : (0, 40, 0.0, 274.1757, 0.0)
645 : (40, 1, 0.0, 206.8967, 28.0)
646 : (1, 39, 0.0, 178.1159, 1.0)
647 : (39, 3, 0.0, 223.9639, 10.3333)
648 : (1, 39, 0.0, 336.5877, 1.0)
649 : (39, 4, 0.0, 218.6115, 39.0)
650 : (0, 40, 0.0, 160.0326, 0.0)
651 : (40, 3, 0.0002, 259.7693, 13.0)
652 : (3, 37, 0.0211, 620.1401, 1.0)
653 : (37, 3, 0.0197, 474.0959, 11.3333)
654 : (4, 36, 0.0, 173.6114, 1.0)
655 : (36, 4, 0.0016, 190.9801, 7.5)
656 : (0, 25, 0.0, 189.4901, 0.0)
657 : (25, 0, 0.0007, 211.4622, 0.0)
658 : (4, 36, 0.0, 143.6352, 1.0)
659 : (36, 4, 0.0, 193.3022, 3.0)
660 : (2, 36, 0.0, 455.0336, 1.0)
661 : (36, 2, 0.0, 314.9618, 33.0)
662 : (4, 36, 0.0074, 539.4592, 1.0)
663 : (36, 4, 0.0152, 333.4743, 9.25)
664 : (3, 37, 0.0029, 165.402, 1.0)
665 : (37, 3, 0.0008, 398.4974, 11.3333)
666 : (4, 36, 0.005, 391.566, 1.0)
667 : (36, 4, 0.0022, 454.0832, 3.6667)
668 : (2, 38, 0.0, 342.5881, 1.0)
669 : (38, 2, 0.0042, 408.8505, 15.5)
670 : (6, 34, 0.0, 296.6443, 1.2)
671 : (34, 6, 0.0145, 327.0743, 6.44)
672 : (5, 35, 0.0032, 461.1129, 2.5)
673 : (35, 5, 0.016, 364.932, 3.5)
674 : (5, 35, 0.013, 477.8464, 1.25)
675 : (35, 5, 0.014, 333.0572, 6.8125)
676 : (11, 30, 0.0, 298.6335, 1.2222)
677 : (29, 11, 0.0, 247.0797, 3.0247)
678 : (1, 34, 0.0104, 413.5017, 1.0)
679 : (34, 1, 0.0001, 212.8255, 28.0)
680 : (19, 23, 0.0135, 489.0533, 1.5833)
681 : (21, 19, 0.0003, 197.7547, 1.8712)
682 : (7, 33, 0.0092, 463.0157, 1.1667)
683 : (33, 7, 0.0163, 347.5826, 6.6333)
684 : (4, 36, 0.0022, 299.8335, 1.5)
685 : (36, 4, 0.0045, 265.434, 12.5)
686 : (7, 33, 0.007, 408.5798, 1.4)
687 : (33, 7, 0.0073, 259.6576, 4.48)
688 : (3, 31, 0.0137, 624.1034, 1.0)
689 : (31, 3, 0.0006, 280.2112, 9.0)
690 : (2, 35, 0.0, 255.211, 1.0)
691 : (34, 2, 0.0026, 275.6073, 16.5)
692 : (10, 30, 0.0072, 471.9673, 1.4286)
693 : (30, 10, 0.0029, 220.7601, 4.3469)
694 : (5, 36, 0.0039, 408.0453, 1.25)
695 : (35, 5, 0.0025, 258.897, 8.5625)
696 : (2, 38, 0.0, 291.9867, 1.0)
697 : (38, 2, 0.0047, 332.8389, 19.5)
698 : (4, 36, 0.0, 778.8872, 1.3333)
699 : (36, 4, 0.0, 229.8812, 6.7778)
700 : (7, 2, 0.0112, 593.6226, 3.5)
701 : (2, 7, 0.0012, 136.2726, 4.5)
702 : (2, 38, 0.0, 150.9107, 1.0)
703 : (38, 2, 0.0019, 215.6908, 19.5)
704 : (13, 27, 0.002, 502.3788, 1.5714)
705 : (27, 13, 0.0, 205.4466, 3.5714)
706 : (5, 35, 0.0, 209.0222, 1.25)
707 : (35, 5, 0.0003, 271.9619, 6.5625)
708 : (33, 7, 0.0041, 345.3429, 5.0)
709 : (7, 33, 0.0001, 181.6311, 2.0)
710 : (4, 36, 0.0, 343.752, 1.0)
711 : (36, 4, 0.0073, 259.0063, 8.0)
712 : (12, 28, 0.0049, 560.3293, 1.7143)
713 : (28, 12, 0.013, 333.8321, 4.119)
714 : (5, 35, 0.0112, 563.176, 1.0)
715 : (35, 5, 0.0001, 269.2745, 7.2)
716 : (5, 35, 0.0047, 318.353, 1.25)
717 : (35, 5, 0.0009, 365.0201, 6.3125)
718 : (7, 33, 0.005, 405.1685, 1.5)
719 : (33, 7, 0.0009, 335.6417, 6.9)
720 : (30, 10, 0.0097, 498.142, 2.7778)
721 : (10, 30, 0.0002, 153.404, 1.4198)
722 : (8, 32, 0.0022, 349.338, 1.0)
723 : (32, 8, 0.0013, 376.9035, 4.0)
724 : (15, 27, 0.0049, 388.4452, 1.6667)
725 : (25, 15, 0.0001, 202.7958, 2.9583)
726 : (11, 31, 0.0059, 424.7067, 1.375)
727 : (29, 11, 0.0001, 268.6661, 3.5469)
728 : (24, 16, 0.0046, 349.3986, 3.4286)
729 : (16, 24, 0.0001, 161.9275, 3.0714)
730 : (13, 27, 0.0, 478.223, 2.2)
731 : (27, 13, 0.0025, 282.8085, 5.84)
732 : (6, 34, 0.0022, 324.0358, 1.2)
733 : (34, 6, 0.0, 214.2694, 6.64)
734 : (1, 39, 0.0, 416.4388, 1.0)
735 : (39, 1, 0.0029, 301.1636, 13.0)
736 : (16, 25, 0.0175, 465.4585, 1.2308)
737 : (24, 16, 0.0003, 202.4118, 2.2028)
738 : (14, 29, 0.0, 315.9221, 1.3)
739 : (26, 14, 0.0, 178.1052, 3.0333)
740 : (12, 30, 0.0, 247.9135, 1.1)
741 : (28, 12, 0.0, 177.8914, 3.6375)
742 : (9, 32, 0.0009, 241.6211, 1.8)
743 : (31, 9, 0.0, 190.7027, 5.16)
744 : (17, 23, 0.0067, 434.9348, 2.4286)
745 : (23, 17, 0.0135, 308.8842, 3.3469)
746 : (8, 32, 0.0, 397.5081, 1.75)
747 : (32, 8, 0.0005, 203.5872, 6.75)
748 : (8, 32, 0.0013, 420.1211, 1.1667)
749 : (32, 8, 0.0, 204.0856, 4.7381)
750 : (13, 27, 0.0017, 309.4636, 1.4444)
751 : (27, 13, 0.0, 193.8623, 3.3056)
752 : (8, 28, 0.0, 437.2849, 1.1429)
753 : (28, 8, 0.0005, 323.6656, 4.0204)
754 : (13, 27, 0.0021, 447.4588, 1.625)
755 : (27, 13, 0.0, 173.0788, 3.0781)
756 : (21, 19, 0.0042, 352.0154, 2.3333)
757 : (19, 21, 0.0001, 172.3558, 2.2593)
758 : (17, 8, 0.0, 333.8831, 5.0)
759 : (8, 17, 0.0, 26.6644, 6.5)
760 : (1, 32, 0.0117, 716.1712, 1.0)
761 : (32, 1, 0.0079, 347.6739, 2.0)
762 : (6, 38, 0.0008, 267.2257, 1.0)
763 : (34, 6, 0.0006, 232.1237, 5.6667)
764 : (18, 23, 0.0028, 278.757, 2.0)
765 : (22, 18, 0.0014, 20.2857, 4.0)
766 : (0, 0, 0.0, 0.0, 0.0)
767 : (0, 0, 0.0, 0.0, 0.0)
768 : (7, 33, 0.0027, 428.261, 2.0)
769 : (33, 7, 0.0, 315.2249, 8.75)
770 : (18, 23, 0.0073, 385.0855, 1.3846)
771 : (22, 18, 0.0001, 142.7711, 1.8531)
772 : (17, 24, 0.0042, 327.3594, 1.7)
773 : (23, 17, 0.0, 224.6463, 2.4111)
774 : (15, 25, 0.01, 454.6832, 1.6667)
775 : (25, 15, 0.0001, 191.4377, 3.2083)
776 : (13, 27, 0.0086, 459.9151, 1.7143)
777 : (27, 13, 0.0001, 238.1012, 3.5893)
778 : (8, 13, 0.0, 388.4318, 2.6667)
779 : (13, 8, 0.0, 74.34, 4.8889)
780 : (11, 29, 0.0021, 311.0585, 1.375)
781 : (29, 11, 0.0011, 78.0356, 3.4821)
782 : (14, 26, 0.0011, 364.8893, 2.0)
783 : (26, 14, 0.0, 162.3276, 3.8571)
784 : (15, 25, 0.0068, 439.8471, 1.875)
785 : (25, 15, 0.0001, 223.2612, 2.7344)
786 : (20, 21, 0.0098, 457.4734, 1.8)
787 : (20, 20, 0.0002, 292.5581, 2.4222)
788 : (11, 31, 0.0033, 350.1943, 1.5714)
789 : (29, 11, 0.0005, 267.6674, 4.2245)
790 : (6, 34, 0.0, 561.8887, 2.0)
791 : (34, 6, 0.0066, 250.5659, 8.0)
792 : (7, 33, 0.0, 346.6042, 1.4)
793 : (33, 7, 0.0046, 276.182, 4.68)
794 : (17, 24, 0.0035, 358.9383, 1.8889)
795 : (23, 17, 0.0001, 286.8305, 2.7361)
796 : (18, 24, 0.0057, 261.1652, 2.0)
797 : (22, 18, 0.0001, 238.7701, 2.875)
798 : (7, 33, 0.0, 472.7194, 1.2)
799 : (33, 7, 0.006, 300.4647, 5.7)
800 : (2, 9, 0.0, 151.1668, 1.0)
801 : (7, 40, 0.0198, 165.8239, 1.1429)
802 : (0, 7, 0.0, 216.7686, 0.0)
803 : (7, 44, 0.0172, 158.3842, 1.1667)
804 : (6, 34, 0.0, 184.6855, 1.0)
805 : (34, 88, 0.0001, 164.1525, 1.4)
806 : (5, 35, 0.0, 298.9153, 1.25)
807 : (35, 47, 0.0, 206.9607, 1.6023)
808 : (3, 32, 0.0029, 623.6008, 1.5)
809 : (32, 51, 0.0, 224.1509, 1.3)
810 : (5, 35, 0.0, 426.5486, 1.0)
811 : (35, 51, 0.0613, 108.2975, 1.1724)
812 : (5, 35, 0.0, 151.9063, 1.0)
813 : (35, 46, 0.0559, 106.2851, 1.4)
814 : (3, 44, 0.0, 106.78, 1.0)
815 : (37, 3, 0.0028, 25.4412, 7.3333)
816 : (2, 39, 0.0, 114.3375, 1.0)
817 : (38, 2, 0.0006, 194.1611, 14.0)
818 : (2, 35, 0.0, 100.6308, 1.0)
819 : (35, 2, 0.0007, 154.5729, 15.0)
820 : (2, 35, 0.0, 185.1279, 2.0)
821 : (35, 3, 0.0008, 196.5697, 13.5)
822 : (5, 19, 0.0, 67.3447, 1.6667)
823 : (19, 5, 0.0018, 221.6221, 3.5556)
824 : (0, 40, 0.0, 251.4023, 0.0)
825 : (40, 0, 0.0007, 155.7748, 0.0)
826 : (9, 33, 0.0081, 311.9982, 1.125)
827 : (31, 62, 0.0, 216.8188, 1.2969)
828 : (9, 31, 0.0032, 328.8981, 1.2857)
829 : (31, 46, 0.0002, 176.6447, 1.3766)
830 : (4, 36, 0.0, 141.7535, 1.0)
831 : (36, 4, 0.0304, 59.738, 8.75)
832 : (4, 36, 0.0, 58.0497, 1.0)
833 : (36, 4, 0.0302, 56.8363, 9.0)
834 : (4, 36, 0.0, 251.7617, 1.3333)
835 : (36, 4, 0.0615, 123.575, 7.4444)
836 : (1, 39, 0.0, 2.5086, 1.0)
837 : (39, 1, 0.0445, 298.4433, 18.0)
838 : (3, 37, 0.0, 191.9146, 1.0)
839 : (37, 3, 0.0087, 264.7752, 9.6667)
840 : (7, 33, 0.0, 217.6475, 1.4)
841 : (33, 7, 0.0074, 262.7302, 6.08)
842 : (1, 8, 0.0, 808.1609, 1.0)
843 : (8, 1, 0.0952, 166.0336, 6.0)
844 : (2, 38, 0.0, 102.0355, 1.0)
845 : (38, 2, 0.0665, 120.6823, 10.5)
846 : (2, 28, 0.0, 43.3232, 1.0)
847 : (28, 2, 0.0581, 108.7565, 10.5)
848 : (2, 38, 0.0, 170.8061, 1.0)
849 : (38, 2, 0.0748, 120.7732, 2.0)
850 : (2, 38, 0.0, 63.167, 1.0)
851 : (38, 2, 0.0588, 109.3158, 2.5)
852 : (6, 34, 0.0, 287.4991, 1.2)
853 : (34, 6, 0.0083, 290.8963, 5.24)
854 : (5, 35, 0.0, 271.2432, 1.0)
855 : (35, 5, 0.0, 193.3809, 4.8)
856 : (6, 34, 0.0, 265.9246, 1.2)
857 : (34, 6, 0.003, 245.4671, 6.44)
858 : (1, 39, 0.0, 97.6362, 1.0)
859 : (39, 1, 0.0566, 115.4894, 5.0)
860 : (5, 35, 0.0, 370.1378, 1.0)
861 : (35, 5, 0.0004, 288.3468, 6.2)
862 : (8, 42, 0.0016, 264.2532, 1.0)
863 : (32, 8, 0.0, 237.3016, 4.7143)
864 : (4, 43, 0.0025, 321.7813, 1.3333)
865 : (36, 4, 0.0, 258.8333, 9.7778)
866 : (12, 28, 0.005, 389.5226, 1.375)
867 : (28, 12, 0.0399, 225.6033, 3.2639)
868 : (9, 31, 0.0, 243.8497, 1.5)
869 : (31, 9, 0.0005, 174.7695, 4.25)
870 : (5, 36, 0.0, 177.5166, 1.0)
871 : (35, 5, 0.0594, 120.0431, 6.8)
872 : (3, 37, 0.0, 103.8056, 1.5)
873 : (37, 3, 0.064, 125.9222, 18.75)
874 : (5, 35, 0.0, 299.7074, 1.6667)
875 : (35, 5, 0.0018, 46.683, 2.8333)
876 : (7, 33, 0.0041, 414.0334, 1.1667)
877 : (33, 7, 0.0036, 195.2892, 4.6944)
878 : (1, 18, 0.0, 327.3841, 1.0)
879 : (18, 1, 0.0017, 78.5839, 9.0)
880 : (14, 26, 0.0052, 369.98, 1.4444)
881 : (26, 14, 0.043, 188.1664, 3.0494)
882 : (31, 9, 0.0067, 389.7666, 3.75)
883 : (9, 31, 0.0003, 142.3162, 1.5938)
884 : (5, 35, 0.0022, 382.0788, 1.0)
885 : (35, 5, 0.0238, 51.7834, 6.0)
886 : (6, 34, 0.0126, 443.4642, 1.2)
887 : (34, 6, 0.001, 321.8685, 5.24)
888 : (4, 36, 0.0, 186.5949, 1.0)
889 : (36, 4, 0.0132, 330.929, 9.3333)
890 : (8, 32, 0.0, 278.8865, 1.0)
891 : (32, 8, 0.0005, 187.6904, 4.2857)
892 : (12, 28, 0.0037, 401.1779, 1.0)
893 : (28, 12, 0.004, 86.6781, 2.6364)
894 : (9, 31, 0.0, 334.7867, 1.0)
895 : (31, 9, 0.0513, 250.8524, 5.3333)
896 : (12, 28, 0.0102, 585.0611, 1.3333)
897 : (28, 14, 0.0002, 118.6334, 3.1481)
898 : (4, 6, 0.0, 277.929, 1.5)
899 : (6, 5, 0.0, 265.0029, 2.5)
900 : (9, 32, 0.0074, 461.1504, 1.2857)
901 : (31, 9, 0.0001, 230.3388, 6.0571)
902 : (5, 35, 0.0015, 434.4491, 1.6667)
903 : (35, 5, 0.0, 173.5414, 9.2222)
904 : (9, 31, 0.001, 309.7489, 1.0)
905 : (31, 9, 0.0089, 255.7639, 2.8889)
906 : (11, 29, 0.0, 282.5037, 1.375)
907 : (29, 11, 0.0, 242.9459, 4.0536)
908 : (17, 23, 0.0034, 389.0634, 1.6667)
909 : (23, 17, 0.0336, 270.2771, 2.7407)
910 : (12, 28, 0.0041, 272.2859, 1.5)
911 : (28, 12, 0.0001, 146.9897, 3.9286)
912 : (12, 28, 0.001, 328.2101, 1.7143)
913 : (28, 12, 0.0, 154.9322, 4.7857)
914 : (4, 36, 0.0, 367.3896, 1.0)
915 : (36, 4, 0.0, 281.4597, 7.0)
916 : (20, 20, 0.0034, 452.9679, 1.5385)
917 : (20, 20, 0.0001, 243.307, 1.7115)
918 : (24, 16, 0.0039, 451.5373, 2.4)
919 : (16, 25, 0.0047, 202.749, 1.5818)
920 : (26, 14, 0.0032, 431.7941, 2.8889)
921 : (14, 29, 0.0027, 215.99, 1.5889)
922 : (13, 27, 0.0034, 245.4379, 1.8571)
923 : (27, 13, 0.005, 269.0286, 4.1429)
924 : (25, 15, 0.0043, 446.7804, 2.7778)
925 : (15, 25, 0.0012, 187.838, 1.8642)
926 : (8, 32, 0.0046, 459.5984, 1.0)
927 : (32, 10, 0.0074, 292.0261, 4.125)
928 : (8, 33, 0.0127, 415.8951, 1.4)
929 : (32, 8, 0.0003, 193.3919, 5.5667)
930 : (13, 27, 0.0061, 480.3246, 1.3)
931 : (27, 13, 0.0008, 276.6005, 3.0333)
932 : (10, 30, 0.0017, 378.6204, 1.25)
933 : (30, 10, 0.0, 221.3008, 3.5313)
934 : (15, 25, 0.0041, 383.275, 1.25)
935 : (25, 16, 0.0, 140.0612, 2.2955)
936 : (9, 31, 0.0, 360.8459, 1.5)
937 : (31, 10, 0.0, 255.2992, 4.5)
938 : (7, 15, 0.0059, 347.4361, 2.3333)
939 : (15, 7, 0.0013, 67.3802, 4.1111)
940 : (31, 9, 0.0047, 439.6166, 4.3333)
941 : (9, 31, 0.0001, 198.4106, 1.9048)
942 : (23, 17, 0.001, 374.7976, 2.2)
943 : (17, 24, 0.0048, 108.3984, 1.7455)
944 : (6, 5, 0.0019, 356.58, 1.6667)
945 : (5, 6, 0.0098, 123.8541, 1.6667)
946 : (19, 21, 0.0063, 420.1477, 1.6364)
947 : (21, 19, 0.0009, 206.9781, 2.0579)
948 : (16, 24, 0.0061, 397.6723, 1.3333)
949 : (24, 16, 0.0001, 119.9074, 2.2121)
950 : (14, 26, 0.0049, 323.5493, 1.4)
951 : (26, 14, 0.0032, 243.2695, 2.0444)
952 : (23, 17, 0.0028, 447.2698, 2.0)
953 : (17, 23, 0.0039, 227.0644, 1.7273)
954 : (17, 23, 0.0, 214.8775, 1.7143)
955 : (23, 17, 0.0, 161.8724, 3.0893)
956 : (17, 23, 0.0028, 266.0934, 1.4545)
957 : (23, 17, 0.0001, 106.7104, 2.0379)
958 : (28, 12, 0.0022, 403.4503, 3.2857)
959 : (12, 28, 0.0001, 118.4624, 1.9107)
960 : (10, 30, 0.0033, 350.6197, 2.0)
961 : (30, 10, 0.0007, 114.0805, 5.6)
962 : (19, 21, 0.0025, 374.1406, 1.4615)
963 : (21, 19, 0.006, 270.8238, 1.7051)
964 : (27, 13, 0.006, 459.8672, 3.0)
965 : (13, 27, 0.0496, 128.7341, 1.6667)
966 : (26, 15, 0.0115, 297.9857, 3.1429)
967 : (14, 26, 0.0003, 224.9149, 2.449)
968 : (19, 23, 0.0021, 285.4135, 1.8)
969 : (21, 19, 0.0, 145.4849, 2.28)
970 : (22, 18, 0.0055, 428.3314, 2.1)
971 : (18, 23, 0.0001, 77.4413, 1.8273)
972 : (14, 11, 0.004, 386.0341, 1.8571)
973 : (11, 14, 0.0086, 89.8263, 1.8367)
974 : (16, 24, 0.0015, 381.7395, 1.6)
975 : (24, 16, 0.0146, 149.8787, 2.46)
976 : (31, 9, 0.0045, 412.7275, 10.0)
977 : (9, 31, 0.0119, 38.9198, 4.75)
978 : (22, 18, 0.0036, 265.6609, 1.875)
979 : (18, 22, 0.0272, 28.2529, 2.2083)
980 : (6, 34, 0.0018, 348.2455, 1.5)
981 : (34, 6, 0.0, 190.036, 6.875)
982 : (21, 19, 0.0, 216.8873, 1.9091)
983 : (19, 21, 0.0007, 217.9057, 1.9909)
984 : (23, 17, 0.0, 180.0407, 2.5)
985 : (17, 23, 0.0, 175.5863, 2.4375)
986 : (26, 14, 0.0, 215.2129, 2.875)
987 : (14, 26, 0.0011, 223.8583, 2.1094)
988 : (17, 23, 0.0, 234.827, 1.4167)
989 : (23, 17, 0.0, 166.8335, 1.9514)
990 : (20, 21, 0.0, 227.6437, 1.2308)
991 : (20, 20, 0.0, 143.1445, 1.6331)
992 : (15, 26, 0.0, 287.0325, 1.1538)
993 : (25, 15, 0.001, 258.3232, 2.0962)
994 : (11, 29, 0.0021, 357.1246, 1.8333)
995 : (29, 11, 0.0012, 161.461, 5.1667)
996 : (18, 22, 0.004, 380.0283, 2.6667)
997 : (22, 20, 0.0001, 95.3659, 3.5238)
998 : (19, 22, 0.0008, 348.4982, 1.4545)
999 : (21, 19, 0.0, 181.5127, 2.0413)
1000 : (3, 37, 0.0, 81.2405, 1.5)
1001 : (37, 3, 0.0095, 357.9828, 17.25)
1002 : (4, 33, 0.0021, 50.5112, 2.0)
1003 : (33, 4, 0.0111, 411.4677, 17.5)
1004 : (27, 5, 0.0007, 183.8464, 5.2)
1005 : (4, 28, 0.0, 199.0683, 2.3)
1006 : (39, 3, 0.0, 155.8179, 2.3333)
1007 : (1, 39, 0.0005, 191.4353, 3.3333)
1008 : (34, 7, 0.0005, 191.579, 5.5)
1009 : (6, 35, 0.0006, 135.6689, 1.9167)
1010 : (28, 2, 0.0, 201.7925, 5.0)
1011 : (2, 29, 0.0, 230.2925, 3.5)
1012 : (34, 7, 0.0, 223.2463, 4.6667)
1013 : (5, 36, 0.0, 103.2904, 2.4167)
1014 : (27, 2, 0.0006, 179.2249, 8.0)
1015 : (1, 27, 0.0, 186.9655, 9.0)
1016 : (4, 36, 0.0, 284.0694, 2.0)
1017 : (36, 4, 0.0202, 364.1677, 12.0)
1018 : (2, 39, 0.0, 294.367, 1.0)
1019 : (38, 18, 0.0, 218.8464, 2.7143)
1020 : (9, 31, 0.0225, 422.2021, 1.5)
1021 : (31, 9, 0.0198, 434.5979, 5.9)
1022 : (10, 30, 0.0054, 255.9253, 1.0)
1023 : (30, 10, 0.008, 331.4275, 3.1)
1024 : (6, 34, 0.0059, 285.7524, 1.2)
1025 : (34, 6, 0.0118, 238.7108, 6.64)
1026 : (6, 34, 0.0, 241.8792, 1.2)
1027 : (34, 6, 0.0167, 497.0714, 3.05)
1028 : (2, 38, 0.0264, 452.3104, 2.0)
1029 : (38, 2, 0.0128, 413.2099, 35.0)
1030 : (9, 31, 0.0084, 361.0486, 2.25)
1031 : (31, 9, 0.0077, 359.0399, 7.0625)
1032 : (9, 31, 0.0182, 543.3634, 1.8)
1033 : (31, 9, 0.0207, 493.3995, 6.95)
1034 : (10, 30, 0.0013, 215.0871, 1.1111)
1035 : (30, 10, 0.0097, 358.2063, 3.2346)
1036 : (7, 33, 0.0084, 403.5603, 1.75)
1037 : (33, 7, 0.0064, 321.8834, 9.25)
1038 : (3, 37, 0.0, 135.3723, 1.0)
1039 : (37, 3, 0.0119, 422.5584, 10.3333)
1040 : (12, 28, 0.0038, 315.6643, 1.7143)
1041 : (28, 12, 0.0121, 368.0121, 4.102)
1042 : (2, 38, 0.0105, 360.2439, 1.0)
1043 : (38, 2, 0.0077, 196.6812, 8.0)
1044 : (6, 35, 0.0054, 292.0688, 1.0)
1045 : (34, 6, 0.0184, 356.0462, 5.8333)
1046 : (4, 36, 0.0, 185.8434, 1.0)
1047 : (36, 4, 0.0, 615.3539, 5.25)
1048 : (3, 37, 0.016, 441.6698, 1.5)
1049 : (37, 3, 0.0137, 444.6781, 13.75)
1050 : (1, 39, 0.0, 278.301, 1.0)
1051 : (39, 1, 0.0106, 367.542, 0.0)
1052 : (2, 38, 0.0, 232.3541, 1.0)
1053 : (38, 2, 0.0167, 378.1924, 2.5)
1054 : (4, 36, 0.0, 225.1276, 1.0)
1055 : (36, 4, 0.0026, 231.9825, 7.5)
1056 : (7, 33, 0.0, 262.9964, 1.0)
1057 : (33, 7, 0.0005, 326.2849, 4.0)
1058 : (6, 34, 0.0, 188.5398, 1.2)
1059 : (34, 6, 0.0, 252.1837, 7.3)
1060 : (14, 26, 0.0085, 414.0984, 1.8571)
1061 : (26, 14, 0.0117, 374.5768, 3.9796)
1062 : (4, 35, 0.0145, 322.933, 1.0)
1063 : (34, 4, 0.0146, 303.5738, 7.5)
1064 : (15, 25, 0.0033, 369.1865, 1.875)
1065 : (25, 15, 0.0205, 488.9405, 2.9844)
1066 : (2, 38, 0.0, 261.3814, 1.0)
1067 : (38, 4, 0.0172, 351.6624, 7.25)
1068 : (9, 31, 0.0067, 345.6887, 1.1429)
1069 : (31, 9, 0.0177, 383.7846, 4.5918)
1070 : (3, 38, 0.0087, 325.387, 1.0)
1071 : (37, 3, 0.0153, 423.2319, 11.0)
1072 : (39, 1, 0.0023, 299.029, 9.0)
1073 : (1, 40, 0.0, 197.6204, 10.0)
1074 : (39, 1, 0.0022, 361.9313, 24.0)
1075 : (1, 41, 0.0001, 80.7686, 25.0)
1076 : (38, 2, 0.0014, 345.5771, 15.5)
1077 : (2, 41, 0.0, 153.657, 8.75)
1078 : (39, 1, 0.0018, 384.5759, 16.0)
1079 : (1, 41, 0.0, 129.0559, 17.0)
1080 : (1, 39, 0.0, 204.5827, 1.0)
1081 : (39, 1, 0.0104, 408.3977, 23.0)
1082 : (2, 38, 0.0, 251.0743, 1.0)
1083 : (38, 2, 0.0161, 431.3176, 2.5)
1084 : (17, 23, 0.0017, 351.5675, 2.4286)
1085 : (23, 17, 0.019, 429.0927, 1.7755)
1086 : (9, 31, 0.0014, 370.157, 1.0)
1087 : (31, 9, 0.0054, 230.0608, 5.3333)
1088 : (8, 33, 0.0054, 260.2137, 2.0)
1089 : (32, 9, 0.0182, 332.8208, 7.6667)
1090 : (2, 39, 0.0, 280.2126, 2.0)
1091 : (38, 2, 0.0256, 408.6539, 25.0)
1092 : (8, 33, 0.0, 229.1996, 1.1429)
1093 : (32, 8, 0.0101, 274.6488, 5.1905)
1094 : (4, 36, 0.0, 307.4241, 1.0)
1095 : (36, 4, 0.0247, 389.5061, 6.5)
1096 : (7, 33, 0.0064, 497.9172, 1.75)
1097 : (33, 7, 0.0225, 480.6549, 6.9375)
1098 : (12, 28, 0.0057, 516.0241, 2.0)
1099 : (28, 12, 0.014, 416.9311, 4.8333)
1100 : (8, 32, 0.007, 361.0292, 1.5)
1101 : (32, 8, 0.0085, 359.5361, 8.375)
1102 : (7, 33, 0.0112, 446.6851, 1.1667)
1103 : (33, 7, 0.0079, 362.6444, 5.1944)
1104 : (30, 10, 0.0016, 340.6043, 3.1429)
1105 : (10, 30, 0.0046, 209.4277, 1.8776)
1106 : (2, 38, 0.0, 324.6285, 1.0)
1107 : (38, 3, 0.0142, 316.6524, 12.3333)
1108 : (17, 23, 0.0015, 258.3208, 1.6)
1109 : (23, 17, 0.0119, 337.6334, 2.2364)
1110 : (2, 38, 0.0064, 370.2513, 1.0)
1111 : (38, 2, 0.0221, 396.5179, 18.5)
1112 : (13, 27, 0.0088, 302.5204, 1.0833)
1113 : (27, 13, 0.0098, 351.6671, 2.2803)
1114 : (10, 30, 0.0066, 353.5351, 1.4286)
1115 : (30, 11, 0.0111, 206.4674, 4.3469)
1116 : (10, 30, 0.0082, 380.7991, 1.6667)
1117 : (30, 10, 0.0199, 440.0469, 6.1333)
1118 : (12, 28, 0.0023, 269.3661, 1.7143)
1119 : (28, 12, 0.0192, 467.1427, 4.2857)
1120 : (11, 29, 0.0025, 286.7984, 1.5714)
1121 : (29, 11, 0.0157, 403.424, 3.5102)
1122 : (16, 24, 0.0015, 299.037, 1.5)
1123 : (24, 16, 0.0145, 420.623, 2.55)
1124 : (24, 16, 0.0018, 370.2683, 2.875)
1125 : (16, 24, 0.015, 445.8444, 2.0972)
1126 : (21, 19, 0.0045, 388.4949, 6.6667)
1127 : (19, 21, 0.0137, 415.4079, 6.4167)
1128 : (9, 31, 0.0067, 336.4172, 1.3333)
1129 : (31, 9, 0.0095, 348.9821, 4.619)
1130 : (7, 33, 0.0018, 242.563, 1.1667)
1131 : (33, 7, 0.0049, 371.3628, 3.3611)
1132 : (6, 34, 0.0234, 500.652, 1.25)
1133 : (34, 6, 0.0127, 470.8308, 7.05)
1134 : (12, 21, 0.0085, 338.2885, 1.2)
1135 : (21, 12, 0.0021, 244.5625, 2.0222)
1136 : (26, 14, 0.0033, 383.9316, 3.4286)
1137 : (14, 26, 0.0162, 434.8837, 2.1786)
1138 : (8, 32, 0.0032, 356.1656, 1.0)
1139 : (32, 8, 0.0072, 311.0899, 4.4286)
1140 : (8, 32, 0.0132, 455.6251, 1.1667)
1141 : (32, 8, 0.013, 374.9819, 5.5278)
1142 : (14, 26, 0.004, 441.0721, 1.5556)
1143 : (26, 14, 0.0103, 346.3941, 2.9506)
1144 : (20, 20, 0.0012, 217.4284, 1.8182)
1145 : (20, 20, 0.0159, 288.6564, 2.0818)
1146 : (26, 14, 0.002, 221.6347, 2.3636)
1147 : (14, 26, 0.0049, 288.9091, 1.5364)
1148 : (24, 16, 0.0, 212.7035, 2.3)
1149 : (16, 24, 0.0016, 246.5451, 1.6636)
1150 : (9, 31, 0.0062, 311.9003, 1.2857)
1151 : (31, 9, 0.0042, 356.5093, 3.898)
1152 : (14, 26, 0.0086, 453.5415, 2.0)
1153 : (26, 14, 0.002, 344.7278, 3.8571)
1154 : (7, 33, 0.0, 432.1746, 1.0)
1155 : (33, 7, 0.0171, 373.4388, 4.8571)
1156 : (18, 22, 0.0017, 364.382, 1.6364)
1157 : (22, 18, 0.0102, 341.8818, 1.9636)
1158 : (9, 31, 0.0088, 320.7787, 2.25)
1159 : (31, 9, 0.0059, 199.3668, 7.5625)
1160 : (12, 30, 0.0033, 268.1852, 1.375)
1161 : (28, 12, 0.0026, 190.5614, 4.1964)
1162 : (15, 25, 0.0051, 376.2465, 2.0)
1163 : (25, 15, 0.009, 291.6644, 3.8571)
1164 : (11, 30, 0.0019, 407.6452, 1.2222)
1165 : (29, 11, 0.0151, 409.0182, 2.4691)
1166 : (22, 19, 0.0062, 458.5121, 3.6667)
1167 : (18, 22, 0.0141, 414.0901, 4.1333)
1168 : (9, 19, 0.0023, 353.263, 1.5)
1169 : (19, 9, 0.0151, 384.2025, 3.7)
1170 : (16, 24, 0.007, 417.7551, 2.2857)
1171 : (24, 16, 0.0077, 312.3408, 3.5476)
1172 : (19, 20, 0.0104, 413.1722, 3.1667)
1173 : (20, 19, 0.0123, 397.8034, 2.6944)
1174 : (19, 21, 0.0053, 285.6135, 1.7273)
1175 : (21, 19, 0.0043, 275.4786, 1.7934)
1176 : (14, 30, 0.0074, 324.2994, 1.8571)
1177 : (26, 14, 0.0066, 200.8032, 5.5714)
1178 : (18, 23, 0.0129, 395.4543, 2.5714)
1179 : (22, 18, 0.0122, 224.4771, 3.7619)
1180 : (15, 26, 0.0, 93.2558, 1.4)
1181 : (25, 15, 0.0022, 256.3984, 2.9333)
1182 : (9, 31, 0.0044, 278.0418, 1.6)
1183 : (31, 9, 0.0167, 333.6899, 6.52)
1184 : (5, 35, 0.0066, 302.0301, 1.3333)
1185 : (35, 5, 0.0162, 341.5062, 9.0833)
1186 : (15, 25, 0.0176, 368.9204, 1.875)
1187 : (25, 15, 0.0148, 401.3546, 3.6964)
1188 : (14, 26, 0.0083, 425.4745, 1.5556)
1189 : (26, 14, 0.0141, 344.8382, 3.1944)
1190 : (11, 29, 0.0065, 277.2779, 1.1111)
1191 : (29, 11, 0.0059, 212.2696, 3.0111)
1192 : (31, 9, 0.0075, 366.9186, 5.0)
1193 : (9, 31, 0.007, 378.9208, 2.3333)
1194 : (15, 25, 0.0029, 223.1755, 1.8571)
1195 : (25, 15, 0.0181, 474.0422, 3.8367)
1196 : (20, 20, 0.0038, 358.0352, 2.0)
1197 : (20, 20, 0.0132, 309.8007, 2.4444)
1198 : (19, 25, 0.0061, 303.8682, 1.6)
1199 : (21, 19, 0.0149, 354.1741, 2.825)
1200 : (0, 2, 0.0, 52.4603, 0.0)
1201 : (2, 2, 0.0027, 394.8905, 0.0)
1202 : (0, 40, 0.0, 425.6049, 0.0)
1203 : (40, 82, 0.0002, 214.4386, 1.1818)
1204 : (0, 40, 0.0, 97.003, 0.0)
1205 : (40, 67, 0.0, 206.0554, 1.2581)
1206 : (1, 35, 0.0018, 304.4337, 1.0)
1207 : (35, 66, 0.0005, 260.8354, 1.2857)
1208 : (0, 26, 0.0, 172.1205, 0.0)
1209 : (26, 64, 0.0004, 244.1178, 1.1818)
1210 : (0, 37, 0.0, 391.0447, 0.0)
1211 : (37, 66, 0.0001, 226.2821, 1.2759)
1212 : (3, 7, 0.0, 119.7272, 1.0)
1213 : (4, 3, 0.0, 228.2753, 1.3333)
1214 : (7, 9, 0.0, 105.8177, 1.1667)
1215 : (3, 7, 0.0, 148.4016, 1.3889)
1216 : (5, 37, 0.0101, 328.8804, 1.0)
1217 : (35, 5, 0.022, 291.7892, 6.8)
1218 : (0, 41, 0.0051, 425.6723, 0.0)
1219 : (40, 1, 0.0193, 315.1055, 2.0)
1220 : (4, 26, 0.0, 158.6699, 1.0)
1221 : (23, 5, 0.0, 157.0722, 5.25)
1222 : (0, 0, 0.0, 0.0, 0.0)
1223 : (0, 0, 0.0, 216.373, 0.0)
1224 : (3, 42, 0.0, 174.4208, 1.0)
1225 : (37, 8, 0.0016, 149.6199, 6.3333)
1226 : (4, 41, 0.0, 105.001, 1.0)
1227 : (36, 4, 0.0002, 184.7032, 9.3333)
1228 : (9, 28, 0.0, 162.792, 1.0)
1229 : (26, 14, 0.0006, 151.4475, 2.2727)
1230 : (0, 7, 0.0, 147.2474, 0.0)
1231 : (7, 1, 0.0068, 231.9167, 7.0)
1232 : (4, 27, 0.0, 93.6606, 1.0)
1233 : (24, 9, 0.0012, 150.0329, 3.0)
1234 : (2, 38, 0.0067, 466.7876, 1.0)
1235 : (38, 6, 0.0007, 225.0264, 5.8333)
1236 : (1, 39, 0.0, 266.1343, 1.0)
1237 : (39, 12, 0.0039, 230.0585, 2.9)
1238 : (0, 40, 0.0, 344.3696, 0.0)
1239 : (40, 3, 0.0056, 301.8883, 12.6667)
1240 : (5, 35, 0.0016, 387.867, 1.0)
1241 : (35, 5, 0.0223, 301.3181, 3.8)
1242 : (0, 40, 0.0044, 363.5219, 0.0)
1243 : (40, 0, 0.0294, 408.0945, 0.0)
1244 : (6, 36, 0.011, 442.5784, 1.2)
1245 : (34, 6, 0.0162, 334.0151, 5.55)
1246 : (1, 39, 0.0046, 467.1435, 1.0)
1247 : (39, 3, 0.0242, 346.7855, 11.0)
1248 : (7, 33, 0.0009, 231.3392, 1.2)
1249 : (33, 9, 0.0234, 312.2936, 4.275)
1250 : (36, 4, 0.0045, 487.3395, 10.0)
1251 : (4, 36, 0.0003, 61.2361, 4.6667)
1252 : (3, 37, 0.0014, 256.5155, 1.0)
1253 : (37, 3, 0.0164, 349.0852, 8.6667)
1254 : (3, 37, 0.0, 472.3705, 1.0)
1255 : (37, 3, 0.015, 347.6273, 5.3333)
1256 : (6, 34, 0.0134, 498.9055, 1.2)
1257 : (34, 6, 0.0175, 369.4185, 5.24)
1258 : (4, 36, 0.0059, 345.5131, 1.3333)
1259 : (36, 4, 0.0001, 217.0233, 7.7778)
1260 : (3, 37, 0.0, 340.9265, 1.5)
1261 : (37, 3, 0.0176, 351.9401, 18.25)
1262 : (2, 38, 0.0164, 646.1823, 1.0)
1263 : (38, 2, 0.0214, 402.7207, 17.5)
1264 : (8, 33, 0.0052, 387.4092, 1.0)
1265 : (32, 9, 0.0169, 300.4999, 4.125)
1266 : (1, 40, 0.0088, 357.062, 1.0)
1267 : (39, 2, 0.0333, 380.6549, 1.5)
1268 : (0, 40, 0.01, 487.1724, 0.0)
1269 : (40, 2, 0.0162, 293.6075, 8.5)
1270 : (3, 37, 0.0089, 477.3287, 1.0)
1271 : (37, 7, 0.0167, 256.1338, 4.0)
1272 : (4, 36, 0.0, 378.2773, 1.0)
1273 : (36, 9, 0.0118, 239.8674, 5.1429)
1274 : (10, 31, 0.0034, 363.84, 1.1111)
1275 : (30, 18, 0.0003, 225.0133, 2.9111)
1276 : (7, 34, 0.0, 333.946, 1.5)
1277 : (32, 13, 0.0, 206.6784, 4.1875)
1278 : (4, 36, 0.0088, 396.388, 1.0)
1279 : (36, 8, 0.0001, 230.9741, 7.4)
1280 : (1, 39, 0.0022, 376.3045, 1.0)
1281 : (39, 1, 0.0022, 89.8302, 31.0)
1282 : (26, 7, 0.0074, 440.4655, 6.25)
1283 : (7, 26, 0.0002, 267.8444, 3.3125)
1284 : (28, 13, 0.0036, 352.991, 3.5)
1285 : (12, 28, 0.0001, 178.6556, 1.9286)
1286 : (6, 37, 0.0054, 272.8481, 1.2)
1287 : (34, 6, 0.0222, 394.7005, 3.24)
1288 : (5, 35, 0.0, 189.9154, 1.0)
1289 : (35, 5, 0.0281, 103.937, 7.2)
1290 : (2, 14, 0.0, 277.6742, 1.0)
1291 : (14, 2, 0.0304, 111.5378, 5.0)
1292 : (16, 28, 0.0161, 484.668, 1.4545)
1293 : (24, 16, 0.0003, 252.3619, 2.7172)
1294 : (6, 34, 0.0131, 556.3294, 1.5)
1295 : (34, 6, 0.018, 300.8287, 6.375)
1296 : (7, 34, 0.0138, 458.6164, 1.4)
1297 : (33, 7, 0.0002, 153.6288, 6.6)
1298 : (6, 34, 0.0021, 392.9973, 1.0)
1299 : (34, 6, 0.0057, 228.4087, 5.8333)
1300 : (1, 23, 0.0045, 417.9165, 1.0)
1301 : (23, 1, 0.0075, 265.1495, 3.0)
1302 : (3, 37, 0.0035, 366.7753, 1.5)
1303 : (37, 3, 0.003, 185.0966, 13.25)
1304 : (1, 40, 0.0057, 406.7965, 1.0)
1305 : (39, 1, 0.0009, 239.1311, 17.0)
1306 : (12, 28, 0.0042, 411.485, 1.5)
1307 : (28, 12, 0.0004, 193.7087, 2.5625)
1308 : (6, 34, 0.0, 362.7393, 1.2)
1309 : (34, 6, 0.0276, 357.7597, 4.24)
1310 : (6, 34, 0.0042, 473.7266, 1.2)
1311 : (34, 6, 0.0028, 373.3455, 6.8)
1312 : (13, 28, 0.0196, 553.5046, 1.25)
1313 : (27, 21, 0.0005, 175.0501, 2.3542)
1314 : (14, 21, 0.0, 157.8257, 1.7143)
1315 : (21, 14, 0.0, 45.1757, 2.8393)
1316 : (0, 0, 0.0, 0.0, 0.0)
1317 : (0, 0, 0.0, 0.0, 0.0)
1318 : (10, 30, 0.0038, 402.6655, 1.0)
1319 : (30, 10, 0.0058, 242.0584, 3.1)
1320 : (13, 27, 0.0021, 399.7047, 1.3333)
1321 : (27, 13, 0.0034, 208.1991, 2.8333)
1322 : (13, 27, 0.0023, 335.1407, 1.4444)
1323 : (27, 13, 0.0033, 179.9434, 3.3056)
1324 : (5, 36, 0.0017, 338.4104, 1.0)
1325 : (35, 5, 0.0174, 313.7262, 6.8)
1326 : (29, 12, 0.0021, 356.9519, 2.2)
1327 : (11, 29, 0.0001, 153.1221, 1.4667)
1328 : (13, 27, 0.0087, 475.3877, 1.5)
1329 : (27, 16, 0.006, 175.2414, 2.85)
1330 : (17, 23, 0.0086, 451.2282, 2.6667)
1331 : (23, 17, 0.0002, 172.4048, 3.6667)
1332 : (14, 27, 0.0088, 403.6995, 1.5556)
1333 : (26, 14, 0.0007, 194.4883, 2.8395)
1334 : (28, 12, 0.0058, 456.1258, 2.25)
1335 : (12, 28, 0.0002, 175.4463, 1.7813)
1336 : (7, 36, 0.0005, 320.2164, 1.1667)
1337 : (33, 15, 0.0008, 213.8428, 2.7424)
1338 : (6, 37, 0.0, 213.7474, 1.0)
1339 : (34, 16, 0.0, 175.5758, 3.1818)
1340 : (21, 19, 0.0065, 475.0455, 2.25)
1341 : (19, 21, 0.0016, 167.4297, 2.6563)
1342 : (15, 32, 0.013, 510.0712, 1.1818)
1343 : (25, 19, 0.0001, 206.6186, 2.1818)
1344 : (6, 5, 0.0051, 453.0035, 2.0)
1345 : (5, 6, 0.0005, 75.1234, 2.3333)
1346 : (7, 35, 0.006, 356.1566, 1.75)
1347 : (33, 7, 0.0001, 119.4782, 2.9375)
1348 : (7, 34, 0.0, 401.1113, 1.0)
1349 : (33, 7, 0.0, 129.9794, 4.4286)
1350 : (12, 28, 0.0085, 497.9583, 1.8333)
1351 : (28, 12, 0.0047, 156.9151, 4.2619)
1352 : (6, 34, 0.0135, 524.1701, 1.2)
1353 : (34, 6, 0.0132, 286.1218, 6.64)
1354 : (6, 38, 0.0, 202.8485, 1.2)
1355 : (34, 6, 0.0008, 254.4512, 3.04)
1356 : (9, 33, 0.0087, 445.4134, 1.2857)
1357 : (31, 9, 0.0001, 243.1881, 4.1837)
1358 : (13, 28, 0.009, 446.2193, 1.3)
1359 : (27, 13, 0.0007, 229.0594, 3.0333)
1360 : (23, 17, 0.0031, 343.7943, 2.1)
1361 : (17, 23, 0.0026, 179.9809, 1.7364)
1362 : (2, 5, 0.0037, 327.7101, 1.0)
1363 : (5, 3, 0.0024, 141.1589, 3.0)
1364 : (23, 17, 0.0056, 442.8112, 2.375)
1365 : (17, 23, 0.0009, 179.1007, 2.1528)
1366 : (9, 31, 0.0062, 393.0513, 1.2857)
1367 : (31, 9, 0.0005, 190.3753, 5.0476)
1368 : (19, 23, 0.0037, 322.8226, 1.4167)
1369 : (21, 19, 0.0001, 160.5133, 1.8681)
1370 : (19, 24, 0.0141, 457.6475, 1.8)
1371 : (21, 19, 0.0009, 240.6265, 2.0727)
1372 : (17, 27, 0.0081, 379.6276, 1.5455)
1373 : (23, 17, 0.0002, 147.6317, 2.0545)
1374 : (22, 22, 0.0076, 388.6111, 1.8333)
1375 : (18, 22, 0.0002, 170.2365, 1.8833)
1376 : (27, 13, 0.0087, 494.3712, 2.875)
1377 : (13, 29, 0.0002, 143.2193, 1.5875)
1378 : (2, 41, 0.0102, 472.21, 1.0)
1379 : (38, 2, 0.0005, 324.1581, 39.0)
1380 : (29, 12, 0.0028, 406.184, 4.0)
1381 : (11, 29, 0.0092, 196.7169, 2.1429)
1382 : (18, 22, 0.0046, 433.7408, 1.2143)
1383 : (22, 18, 0.0001, 168.3136, 1.5476)
1384 : (7, 19, 0.0085, 419.9722, 1.4)
1385 : (19, 7, 0.0011, 45.4659, 3.68)
1386 : (10, 31, 0.0, 290.0101, 1.6667)
1387 : (30, 10, 0.0, 279.3719, 5.5333)
1388 : (14, 26, 0.0081, 430.1224, 1.75)
1389 : (26, 14, 0.0001, 182.7893, 3.3438)
1390 : (25, 15, 0.004, 454.6101, 2.25)
1391 : (15, 25, 0.0046, 206.099, 2.1563)
1392 : (23, 18, 0.0064, 443.1633, 1.9167)
1393 : (17, 23, 0.0085, 277.2332, 1.6288)
1394 : (10, 30, 0.0, 263.439, 1.25)
1395 : (30, 10, 0.0019, 49.3764, 4.0357)
1396 : (15, 25, 0.0057, 506.3926, 1.4444)
1397 : (25, 15, 0.0007, 233.1035, 2.9383)
1398 : (23, 20, 0.013, 491.0987, 1.7692)
1399 : (17, 23, 0.0004, 247.2385, 1.6154)
1400 : (9, 23, 0.0095, 348.5195, 1.125)
1401 : (23, 12, 0.0006, 252.6017, 2.1125)
1402 : (12, 27, 0.0081, 237.5803, 1.1111)
1403 : (27, 13, 0.0014, 293.3097, 2.8111)
1404 : (3, 21, 0.0, 126.7938, 1.5)
1405 : (21, 5, 0.0, 226.2412, 5.375)
1406 : (2, 39, 0.0, 155.2425, 1.0)
1407 : (38, 54, 0.0005, 190.0401, 1.4231)
1408 : (2, 28, 0.0, 580.2843, 1.0)
1409 : (28, 5, 0.0007, 293.2096, 7.0)
1410 : (4, 36, 0.0044, 298.0823, 1.0)
1411 : (36, 7, 0.0, 226.8897, 5.1667)
1412 : (3, 37, 0.0, 115.1274, 1.0)
1413 : (37, 5, 0.0, 271.871, 6.0)
1414 : (2, 38, 0.0, 327.0556, 1.0)
1415 : (38, 2, 0.0008, 378.8008, 1.5)
1416 : (9, 29, 0.0006, 306.3517, 1.5)
1417 : (6, 12, 0.0, 241.6197, 1.3)
1418 : (6, 34, 0.0, 159.1368, 1.5)
1419 : (34, 9, 0.0, 239.8726, 3.3571)
1420 : (4, 29, 0.0, 118.2044, 1.0)
1421 : (29, 5, 0.0, 228.3621, 4.8)
1422 : (3, 38, 0.0, 338.4067, 1.5)
1423 : (37, 9, 0.0, 264.2995, 8.375)
1424 : (3, 37, 0.0, 165.4073, 1.0)
1425 : (37, 11, 0.0, 228.9262, 4.375)
1426 : (2, 38, 0.0, 171.3712, 1.0)
1427 : (38, 6, 0.0, 286.7502, 5.5)
1428 : (4, 36, 0.0078, 376.3239, 1.0)
1429 : (36, 7, 0.0, 254.7028, 4.4286)
1430 : (5, 23, 0.0, 197.8771, 1.0)
1431 : (23, 10, 0.0, 208.5268, 2.875)
1432 : (6, 34, 0.0153, 408.389, 1.0)
1433 : (34, 6, 0.0002, 197.1331, 5.5)
1434 : (2, 38, 0.0, 159.7591, 1.0)
1435 : (38, 3, 0.0012, 328.7573, 12.6667)
1436 : (16, 24, 0.007, 543.0198, 1.7778)
1437 : (24, 23, 0.0001, 177.2972, 2.0648)
1438 : (26, 5, 0.0127, 395.0537, 5.2)
1439 : (5, 28, 0.0002, 164.2276, 2.3)
1440 : (9, 31, 0.0035, 385.5935, 1.5)
1441 : (31, 10, 0.0011, 419.7964, 2.7857)
1442 : (13, 27, 0.005, 426.7287, 1.2222)
1443 : (27, 28, 0.0004, 331.6889, 2.0159)
1444 : (7, 34, 0.0023, 263.4674, 1.0)
1445 : (33, 7, 0.0, 273.8244, 3.1429)
1446 : (4, 37, 0.0019, 114.2782, 1.0)
1447 : (36, 4, 0.0, 262.3344, 9.0)
1448 : (7, 34, 0.0, 237.3954, 1.1667)
1449 : (33, 8, 0.0, 267.2679, 3.7381)
1450 : (7, 36, 0.0, 162.922, 1.0)
1451 : (33, 7, 0.0, 295.5985, 4.8333)
1452 : (7, 30, 0.0, 331.2013, 1.75)
1453 : (30, 7, 0.0004, 227.9378, 5.1875)
1454 : (5, 37, 0.0, 214.0201, 1.25)
1455 : (35, 5, 0.0, 298.3077, 7.8125)
1456 : (2, 23, 0.0022, 251.2639, 1.0)
1457 : (20, 3, 0.0005, 267.6246, 10.0)
1458 : (9, 31, 0.0048, 398.3347, 1.8)
1459 : (31, 9, 0.0043, 446.4823, 5.76)
1460 : (7, 32, 0.0033, 317.0687, 1.4)
1461 : (32, 7, 0.0, 255.232, 6.28)
1462 : (5, 35, 0.0059, 390.3405, 1.0)
1463 : (35, 5, 0.0008, 367.5607, 9.0)
1464 : (8, 32, 0.0039, 183.1509, 1.4)
1465 : (32, 12, 0.0012, 266.8701, 4.175)
1466 : (18, 22, 0.0103, 431.9686, 1.8889)
1467 : (22, 18, 0.0008, 348.0308, 2.6543)
1468 : (9, 31, 0.0073, 326.8084, 1.125)
1469 : (31, 9, 0.0011, 325.8606, 3.0156)
1470 : (14, 26, 0.0165, 425.3965, 1.75)
1471 : (26, 14, 0.0041, 359.7402, 3.2188)
1472 : (12, 28, 0.0073, 277.0902, 1.3333)
1473 : (28, 12, 0.0001, 218.005, 2.9259)
1474 : (11, 29, 0.0061, 247.9299, 1.5714)
1475 : (29, 11, 0.0012, 239.6007, 3.9388)
1476 : (10, 30, 0.0042, 335.6432, 1.6667)
1477 : (30, 10, 0.0016, 279.1868, 5.1111)
1478 : (16, 24, 0.0221, 484.2378, 1.6)
1479 : (24, 16, 0.0016, 234.392, 2.36)
1480 : (12, 28, 0.0033, 367.2482, 1.7143)
1481 : (28, 12, 0.0001, 200.4595, 4.7857)
1482 : (11, 29, 0.0035, 464.1158, 1.1)
1483 : (29, 11, 0.0001, 265.7219, 2.81)
1484 : (12, 28, 0.0064, 442.4407, 1.5)
1485 : (28, 12, 0.0001, 310.0381, 3.5625)
1486 : (15, 25, 0.001, 334.7592, 1.5)
1487 : (25, 19, 0.0008, 214.561, 1.9615)
1488 : (7, 33, 0.0059, 335.6034, 1.5)
1489 : (33, 7, 0.0029, 318.6933, 6.9)
1490 : (7, 33, 0.0, 171.702, 1.1667)
1491 : (33, 8, 0.0009, 277.6831, 4.4524)
1492 : (3, 37, 0.0, 134.5191, 1.0)
1493 : (37, 3, 0.0, 201.7069, 11.0)
1494 : (4, 36, 0.0, 139.4742, 1.0)
1495 : (36, 6, 0.0, 208.6102, 3.6667)
1496 : (3, 37, 0.0, 130.9849, 1.5)
1497 : (37, 4, 0.0004, 213.5149, 9.5)
1498 : (12, 28, 0.0, 187.0237, 1.3333)
1499 : (28, 13, 0.0, 190.5408, 2.9259)
1500 : (7, 33, 0.0, 112.1238, 1.0)
1501 : (33, 7, 0.0, 288.3246, 4.8571)
1502 : (3, 37, 0.0, 225.046, 1.0)
1503 : (37, 6, 0.0, 321.3662, 7.0)
1504 : (4, 39, 0.0, 189.6735, 1.3333)
1505 : (36, 4, 0.0016, 371.5197, 14.1667)
1506 : (5, 37, 0.0039, 253.3466, 1.0)
1507 : (35, 5, 0.0004, 271.5439, 5.4)
1508 : (4, 39, 0.0016, 196.9316, 1.0)
1509 : (36, 4, 0.0, 297.0862, 11.0)
1510 : (5, 40, 0.004, 168.6368, 1.0)
1511 : (35, 5, 0.0, 231.905, 7.0)
1512 : (2, 38, 0.0, 213.5913, 1.0)
1513 : (38, 2, 0.005, 481.164, 7.5)
1514 : (16, 24, 0.0068, 373.3465, 1.3333)
1515 : (24, 17, 0.0001, 288.9032, 2.0278)
1516 : (7, 33, 0.0074, 272.3087, 1.0)
1517 : (33, 7, 0.0033, 347.9421, 6.8)
1518 : (5, 35, 0.0, 324.651, 1.0)
1519 : (35, 5, 0.0039, 366.985, 4.8)
1520 : (10, 30, 0.0, 348.6284, 2.0)
1521 : (30, 10, 0.0, 308.2094, 6.2)
1522 : (20, 20, 0.0191, 404.3623, 1.9)
1523 : (20, 20, 0.0012, 187.8358, 1.9909)
1524 : (8, 33, 0.0128, 408.5513, 1.3333)
1525 : (32, 10, 0.0001, 283.7466, 3.8889)
1526 : (9, 19, 0.0092, 335.2466, 1.5)
1527 : (19, 9, 0.0007, 236.7766, 3.25)
1528 : (6, 34, 0.0201, 536.6259, 1.2)
1529 : (34, 6, 0.0012, 387.1843, 6.84)
1530 : (7, 33, 0.0144, 436.1411, 1.1667)
1531 : (33, 7, 0.0002, 228.0209, 5.5278)
1532 : (8, 32, 0.0084, 399.5121, 1.1429)
1533 : (32, 8, 0.0006, 294.555, 4.5918)
1534 : (12, 28, 0.0145, 482.3727, 1.7143)
1535 : (28, 12, 0.0002, 304.4754, 4.4524)
1536 : (13, 27, 0.0164, 490.9467, 1.625)
1537 : (27, 14, 0.0008, 311.9843, 2.5781)
1538 : (4, 36, 0.0078, 433.3859, 1.0)
1539 : (36, 4, 0.0059, 483.5159, 12.3333)
1540 : (10, 30, 0.0048, 398.4035, 1.4286)
1541 : (30, 10, 0.0005, 324.9367, 4.3469)
1542 : (12, 28, 0.0078, 347.9108, 1.6)
1543 : (28, 12, 0.0006, 192.6462, 4.9333)
1544 : (11, 29, 0.0048, 436.1641, 1.2857)
1545 : (29, 11, 0.0005, 361.999, 3.7857)
1546 : (11, 31, 0.0039, 324.7975, 1.375)
1547 : (29, 12, 0.0001, 195.0973, 4.5625)
1548 : (14, 26, 0.0234, 579.011, 3.25)
1549 : (26, 15, 0.0015, 327.6806, 7.3125)
1550 : (11, 29, 0.0042, 366.2831, 1.1)
1551 : (29, 11, 0.0001, 275.241, 2.0111)
1552 : (13, 27, 0.0155, 485.2296, 1.625)
1553 : (27, 13, 0.0014, 280.3453, 3.6607)
1554 : (10, 30, 0.0155, 524.287, 1.4286)
1555 : (30, 10, 0.0012, 273.4998, 5.0714)
1556 : (9, 31, 0.0084, 305.9325, 1.125)
1557 : (31, 9, 0.0001, 316.9243, 3.875)
1558 : (13, 27, 0.0097, 330.1882, 1.5)
1559 : (27, 13, 0.0002, 218.5064, 3.1667)
1560 : (30, 10, 0.0128, 410.256, 3.375)
1561 : (10, 30, 0.0005, 206.4742, 1.6719)
1562 : (5, 35, 0.0, 391.048, 1.25)
1563 : (35, 5, 0.0054, 351.7878, 8.3125)
1564 : (4, 36, 0.0059, 373.6282, 1.0)
1565 : (36, 4, 0.001, 312.5837, 9.0)
1566 : (11, 29, 0.0091, 401.1617, 1.5714)
1567 : (29, 12, 0.0023, 341.3038, 3.2245)
1568 : (6, 34, 0.0066, 414.8349, 1.5)
1569 : (34, 6, 0.0001, 276.4388, 8.125)
1570 : (10, 30, 0.0088, 369.3116, 1.1111)
1571 : (30, 10, 0.0001, 263.6399, 3.2346)
1572 : (11, 29, 0.0231, 509.4247, 1.5714)
1573 : (29, 11, 0.0026, 250.5008, 3.6531)
1574 : (8, 32, 0.0018, 388.2729, 1.3333)
1575 : (32, 8, 0.0, 228.2029, 6.0667)
1576 : (24, 16, 0.0097, 430.3998, 3.0)
1577 : (16, 24, 0.0002, 312.2491, 2.7143)
1578 : (13, 27, 0.0025, 407.6584, 1.3)
1579 : (27, 13, 0.0, 173.8344, 2.73)
1580 : (12, 28, 0.0091, 411.0664, 1.3333)
1581 : (28, 14, 0.0001, 205.3168, 2.303)
1582 : (22, 18, 0.008, 409.1408, 2.4444)
1583 : (18, 22, 0.0002, 298.8326, 2.1605)
1584 : (18, 22, 0.0128, 470.8134, 2.25)
1585 : (22, 18, 0.001, 214.987, 2.9063)
1586 : (21, 19, 0.011, 446.1531, 2.1)
1587 : (19, 21, 0.0002, 160.1535, 1.9)
1588 : (9, 31, 0.0042, 353.6841, 1.5)
1589 : (31, 9, 0.0001, 239.0903, 4.75)
1590 : (16, 24, 0.0128, 388.8972, 1.875)
1591 : (24, 16, 0.0009, 247.7132, 2.875)
1592 : (24, 16, 0.0198, 460.5829, 2.1818)
1593 : (16, 24, 0.0005, 141.7551, 1.6182)
1594 : (21, 19, 0.0074, 291.5659, 2.2222)
1595 : (19, 21, 0.0001, 186.076, 2.1222)
1596 : (26, 14, 0.0092, 351.3124, 2.8889)
1597 : (14, 26, 0.0004, 147.6748, 1.9861)
1598 : (12, 28, 0.0052, 389.2448, 1.3333)
1599 : (28, 12, 0.0012, 258.3083, 3.1481)
1600 : (6, 23, 0.0, 351.0368, 1.2)
1601 : (23, 58, 0.0, 184.6408, 1.16)
1602 : (1, 14, 0.0, 75.8067, 0.0)
1603 : (14, 48, 0.0, 173.2614, 1.0)
1604 : (1, 25, 0.0, 348.7059, 1.0)
1605 : (25, 83, 0.0001, 178.4055, 1.0833)
1606 : (3, 37, 0.0, 37.0521, 1.0)
1607 : (37, 86, 0.0, 147.7131, 1.1613)
1608 : (4, 24, 0.0, 364.7481, 1.0)
1609 : (24, 72, 0.0, 171.1736, 1.3158)
1610 : (5, 35, 0.0162, 389.3826, 1.0)
1611 : (35, 38, 0.0001, 291.2357, 1.75)
1612 : (7, 29, 0.0, 130.4423, 1.5)
1613 : (29, 68, 0.0003, 197.3977, 1.3864)
1614 : (8, 22, 0.0, 223.6163, 1.0)
1615 : (22, 76, 0.0, 179.3005, 1.15)
1616 : (7, 33, 0.0121, 284.509, 1.0)
1617 : (33, 35, 0.0, 192.8233, 1.5238)
1618 : (3, 37, 0.005, 120.9635, 1.0)
1619 : (37, 85, 0.0, 166.7375, 1.2333)
1620 : (3, 21, 0.0, 91.3001, 1.0)
1621 : (20, 28, 0.0, 174.7965, 1.5)
1622 : (4, 6, 0.0, 478.6063, 1.0)
1623 : (6, 18, 0.0, 141.487, 1.4)
1624 : (7, 25, 0.0, 191.7614, 1.1667)
1625 : (25, 39, 0.0006, 167.7815, 1.2583)
1626 : (3, 11, 0.0, 351.3204, 1.0)
1627 : (11, 10, 0.0004, 192.1841, 1.7143)
1628 : (4, 36, 0.0, 81.024, 1.3333)
1629 : (36, 4, 0.0, 167.5235, 10.7778)
1630 : (0, 40, 0.0, 137.9433, 0.0)
1631 : (40, 0, 0.0003, 311.0726, 0.0)
1632 : (0, 41, 0.0, 113.5377, 0.0)
1633 : (40, 0, 0.0004, 275.1012, 0.0)
1634 : (0, 40, 0.0, 222.2216, 0.0)
1635 : (40, 0, 0.0, 284.1482, 0.0)
1636 : (12, 29, 0.0159, 436.3445, 1.5714)
1637 : (28, 48, 0.0001, 216.585, 1.5564)
1638 : (0, 40, 0.0, 195.3671, 0.0)
1639 : (40, 0, 0.0, 302.9473, 0.0)
1640 : (1, 39, 0.0081, 287.5311, 1.0)
1641 : (39, 1, 0.0001, 250.5393, 11.0)
1642 : (1, 39, 0.0234, 309.001, 1.0)
1643 : (39, 1, 0.0003, 404.8031, 14.0)
1644 : (0, 40, 0.0176, 344.4451, 0.0)
1645 : (40, 0, 0.0002, 347.0341, 0.0)
1646 : (0, 40, 0.0, 0.0, 0.0)
1647 : (40, 0, 0.0, 464.7224, 0.0)
1648 : (0, 40, 0.0452, 546.3866, 0.0)
1649 : (40, 0, 0.0009, 377.4693, 0.0)
1650 : (0, 37, 0.0352, 379.2118, 0.0)
1651 : (37, 0, 0.0009, 314.3163, 0.0)
1652 : (8, 32, 0.0107, 403.0281, 1.6)
1653 : (32, 8, 0.0007, 314.9048, 5.92)
1654 : (0, 40, 0.0059, 259.0278, 0.0)
1655 : (40, 0, 0.0001, 256.0482, 0.0)
1656 : (3, 38, 0.0, 299.5061, 1.0)
1657 : (37, 3, 0.0003, 208.6412, 8.0)
1658 : (10, 30, 0.0022, 368.0024, 1.25)
1659 : (30, 10, 0.0006, 413.793, 4.3214)
1660 : (9, 31, 0.0052, 402.7223, 1.1429)
1661 : (31, 9, 0.0001, 317.5031, 4.0179)
1662 : (17, 23, 0.0, 304.2582, 1.5455)
1663 : (23, 17, 0.0, 310.2162, 1.9587)
1664 : (7, 33, 0.0059, 305.3681, 1.1667)
1665 : (33, 7, 0.001, 382.6808, 5.6333)
1666 : (9, 31, 0.0079, 414.5189, 2.25)
1667 : (31, 9, 0.0188, 224.6883, 6.3125)
1668 : (11, 29, 0.0035, 281.2177, 1.1)
1669 : (29, 11, 0.0001, 337.0345, 2.91)
1670 : (6, 34, 0.0046, 380.3927, 1.2)
1671 : (34, 6, 0.0001, 333.7488, 5.44)
1672 : (19, 21, 0.0066, 351.1869, 1.8)
1673 : (21, 19, 0.0001, 205.577, 2.28)
1674 : (21, 19, 0.0072, 379.3878, 2.5714)
1675 : (19, 21, 0.0001, 201.618, 3.0816)
1676 : (28, 12, 0.0022, 290.2763, 3.5)
1677 : (12, 28, 0.0, 163.5202, 1.8125)
1678 : (17, 23, 0.0007, 255.7797, 1.7)
1679 : (23, 17, 0.0, 195.6373, 2.4111)
1680 : (5, 35, 0.037, 512.0753, 1.25)
1681 : (35, 5, 0.0009, 395.8665, 3.0625)
1682 : (5, 35, 0.0156, 425.4796, 1.3333)
1683 : (35, 5, 0.0002, 268.076, 9.0833)
1684 : (8, 32, 0.0097, 470.9801, 1.1429)
1685 : (32, 8, 0.0007, 265.2622, 3.7347)
1686 : (14, 26, 0.001, 334.3019, 1.8571)
1687 : (26, 14, 0.0, 251.6385, 3.9796)
1688 : (9, 31, 0.0247, 512.6179, 1.125)
1689 : (31, 9, 0.0004, 255.5642, 3.8906)
1690 : (6, 34, 0.0098, 416.1741, 1.0)
1691 : (34, 6, 0.0001, 279.6706, 3.4)
1692 : (3, 37, 0.0, 312.0831, 1.5)
1693 : (37, 3, 0.0, 307.0917, 20.5)
1694 : (2, 37, 0.0132, 246.7868, 1.0)
1695 : (37, 2, 0.001, 425.3949, 11.5)
1696 : (10, 31, 0.0, 175.5228, 1.25)
1697 : (30, 10, 0.0, 243.2891, 3.4063)
1698 : (5, 35, 0.0, 189.7423, 1.0)
1699 : (35, 5, 0.0, 272.2088, 6.6)
1700 : (12, 29, 0.0, 197.994, 1.7143)
1701 : (28, 12, 0.0006, 297.6444, 4.102)
1702 : (23, 17, 0.0092, 444.805, 2.1)
1703 : (17, 23, 0.001, 227.5512, 1.7364)
1704 : (6, 35, 0.0161, 405.6595, 1.5)
1705 : (34, 6, 0.0012, 319.5797, 6.875)
1706 : (9, 31, 0.0352, 497.5293, 2.0)
1707 : (31, 9, 0.0005, 252.8607, 6.6)
1708 : (21, 19, 0.0112, 451.341, 3.5)
1709 : (19, 21, 0.0002, 293.5099, 2.75)
1710 : (19, 21, 0.0065, 342.0343, 2.0)
1711 : (21, 19, 0.0008, 318.1935, 2.3)
1712 : (11, 29, 0.0017, 293.0356, 1.1)
1713 : (29, 11, 0.0, 274.5098, 3.2333)
1714 : (11, 30, 0.0049, 305.9862, 1.4286)
1715 : (29, 11, 0.0001, 239.133, 3.8036)
1716 : (3, 37, 0.0, 219.6157, 1.0)
1717 : (37, 3, 0.0002, 339.5204, 9.0)
1718 : (10, 30, 0.011, 440.6905, 1.25)
1719 : (30, 10, 0.0002, 272.7758, 3.7813)
1720 : (14, 26, 0.0088, 373.0822, 1.4)
1721 : (26, 14, 0.0002, 313.546, 2.54)
1722 : (2, 38, 0.0126, 400.959, 1.0)
1723 : (38, 2, 0.001, 378.0961, 18.5)
1724 : (2, 39, 0.0021, 300.4411, 1.0)
1725 : (38, 2, 0.0013, 387.8257, 18.5)
1726 : (5, 35, 0.0014, 346.1983, 1.3333)
1727 : (35, 5, 0.0, 382.1739, 9.0833)
1728 : (5, 35, 0.0035, 355.5225, 1.0)
1729 : (35, 5, 0.0, 222.1565, 5.6)
1730 : (9, 31, 0.0, 322.9651, 1.125)
1731 : (31, 9, 0.0, 278.9176, 3.8906)
1732 : (9, 31, 0.0155, 453.8262, 1.2857)
1733 : (31, 9, 0.0002, 271.7648, 4.4694)
1734 : (19, 22, 0.0117, 425.6919, 1.5833)
1735 : (21, 19, 0.0003, 347.0926, 1.6894)
1736 : (4, 36, 0.0074, 353.4337, 1.0)
1737 : (36, 4, 0.001, 267.236, 10.0)
1738 : (3, 37, 0.0124, 373.7952, 1.0)
1739 : (37, 3, 0.0002, 414.2267, 9.3333)
1740 : (13, 27, 0.0142, 413.4742, 1.7143)
1741 : (27, 13, 0.0002, 267.2352, 3.5893)
1742 : (17, 23, 0.0126, 481.6195, 1.7778)
1743 : (23, 17, 0.0009, 267.7929, 2.7531)
1744 : (11, 29, 0.0125, 427.989, 1.5714)
1745 : (29, 12, 0.0012, 314.8445, 4.2245)
1746 : (13, 27, 0.009, 445.7345, 1.4444)
1747 : (27, 13, 0.0002, 318.6521, 2.9383)
1748 : (10, 30, 0.0167, 466.0814, 1.25)
1749 : (30, 10, 0.0008, 263.4181, 3.7813)
1750 : (14, 26, 0.0112, 393.5107, 1.375)
1751 : (26, 14, 0.0002, 259.2115, 3.4219)
1752 : (14, 26, 0.0106, 421.7316, 2.0)
1753 : (26, 14, 0.0002, 247.0132, 3.7143)
1754 : (19, 21, 0.013, 423.4688, 1.5455)
1755 : (21, 19, 0.0002, 196.8631, 2.0496)
1756 : (6, 34, 0.0062, 333.5106, 3.0)
1757 : (34, 6, 0.0006, 293.0758, 15.5)
1758 : (14, 26, 0.0093, 372.1243, 1.4)
1759 : (26, 14, 0.0002, 299.3926, 2.34)
1760 : (3, 37, 0.0105, 374.5252, 1.0)
1761 : (37, 3, 0.0001, 367.985, 10.3333)
1762 : (9, 31, 0.0387, 518.6548, 1.2857)
1763 : (31, 9, 0.0006, 212.3027, 4.1837)
1764 : (15, 25, 0.0186, 463.388, 1.5)
1765 : (25, 15, 0.0003, 285.3318, 2.8333)
1766 : (19, 21, 0.0086, 402.1811, 2.7143)
1767 : (21, 19, 0.0001, 145.78, 3.2449)
1768 : (25, 15, 0.0074, 410.8304, 4.1667)
1769 : (15, 25, 0.0001, 176.3188, 3.0278)
1770 : (7, 33, 0.0088, 414.744, 1.1667)
1771 : (33, 7, 0.0004, 311.3893, 5.6333)
1772 : (11, 30, 0.002, 302.1821, 1.375)
1773 : (29, 12, 0.0008, 361.8314, 2.8194)
1774 : (13, 27, 0.0113, 399.8934, 1.4444)
1775 : (27, 13, 0.0007, 337.3958, 3.3056)
1776 : (10, 30, 0.0124, 417.5429, 1.0)
1777 : (30, 10, 0.0007, 336.0323, 3.0)
1778 : (21, 19, 0.0125, 442.3906, 3.0)
1779 : (19, 21, 0.0003, 255.2388, 3.0)
1780 : (13, 27, 0.0102, 367.4561, 1.3)
1781 : (27, 13, 0.0002, 229.0824, 2.73)
1782 : (8, 14, 0.0132, 468.3363, 1.6)
1783 : (14, 8, 0.0004, 193.3958, 2.72)
1784 : (18, 22, 0.0159, 478.0262, 2.125)
1785 : (22, 18, 0.0003, 250.4753, 2.6806)
1786 : (9, 31, 0.0248, 560.2888, 1.5)
1787 : (31, 9, 0.0003, 271.7866, 4.5833)
1788 : (12, 28, 0.0154, 391.7188, 1.2)
1789 : (28, 12, 0.0002, 277.5277, 3.1333)
1790 : (19, 21, 0.0049, 324.7987, 1.6364)
1791 : (21, 19, 0.0001, 322.41, 1.8864)
1792 : (24, 16, 0.0158, 490.083, 2.0)
1793 : (16, 24, 0.0004, 228.057, 1.8)
1794 : (27, 13, 0.0073, 400.7053, 3.5714)
1795 : (13, 27, 0.0003, 242.2435, 2.0714)
1796 : (12, 28, 0.0022, 338.8621, 1.3333)
1797 : (28, 12, 0.0012, 317.8036, 3.4167)
1798 : (20, 20, 0.0183, 471.1162, 2.0)
1799 : (20, 20, 0.0011, 285.4984, 2.0)
1800 : (5, 19, 0.0, 186.4735, 1.0)
1801 : (18, 88, 0.0001, 113.4036, 1.1176)
1802 : (3, 26, 0.0, 180.2393, 1.0)
1803 : (24, 35, 0.0, 79.5291, 1.3158)
1804 : (3, 22, 0.0, 78.3374, 1.0)
1805 : (19, 31, 0.0, 85.349, 1.3333)
1806 : (0, 0, 0.0, 90.2851, 0.0)
1807 : (0, 1, 0.0, 76.0977, 0.0)
1808 : (2, 21, 0.0032, 237.9077, 1.0)
1809 : (21, 37, 0.0, 79.3817, 1.2222)
1810 : (6, 22, 0.0, 77.0094, 1.2)
1811 : (21, 39, 0.0, 79.86, 1.2333)
1812 : (7, 23, 0.0, 277.5523, 1.1667)
1813 : (23, 7, 0.0081, 240.7381, 3.6944)
1814 : (3, 18, 0.0, 161.6432, 1.0)
1815 : (18, 3, 0.0153, 281.9331, 5.0)
1816 : (10, 20, 0.0008, 258.6691, 1.4286)
1817 : (20, 11, 0.0033, 198.0082, 2.4286)
1818 : (6, 8, 0.0, 123.5475, 1.5)
1819 : (8, 14, 0.0, 235.7839, 1.5)
1820 : (0, 40, 0.0, 80.4719, 0.0)
1821 : (40, 28, 0.0415, 82.9801, 1.4615)
1822 : (0, 40, 0.0, 384.635, 0.0)
1823 : (40, 31, 0.0466, 96.5389, 1.3462)
1824 : (1, 36, 0.0, 389.3585, 1.0)
1825 : (36, 38, 0.0405, 87.5098, 1.2333)
1826 : (0, 28, 0.0, 172.9906, 0.0)
1827 : (28, 29, 0.0695, 121.6742, 1.2857)
1828 : (0, 40, 0.0, 449.8213, 0.0)
1829 : (40, 27, 0.0206, 148.2098, 1.8571)
1830 : (7, 32, 0.0, 397.8173, 1.1667)
1831 : (32, 73, 0.0001, 232.4237, 1.2284)
1832 : (0, 40, 0.0, 487.7473, 0.0)
1833 : (40, 27, 0.0211, 144.8186, 2.0)
1834 : (5, 27, 0.0, 217.7997, 1.0)
1835 : (27, 70, 0.0, 213.7697, 1.1667)
1836 : (1, 7, 0.0, 0.9688, 1.0)
1837 : (7, 1, 0.0452, 92.8851, 2.0)
1838 : (3, 37, 0.0, 76.6446, 1.5)
1839 : (37, 3, 0.0526, 361.4174, 18.75)
1840 : (4, 36, 0.0, 375.7295, 1.0)
1841 : (36, 4, 0.0176, 316.7827, 9.0)
1842 : (3, 36, 0.0, 213.9835, 1.0)
1843 : (36, 3, 0.0004, 275.3362, 8.6667)
1844 : (0, 40, 0.0, 493.4691, 0.0)
1845 : (40, 0, 0.0431, 283.7977, 0.0)
1846 : (30, 10, 0.0005, 332.2778, 6.3333)
1847 : (10, 30, 0.0, 202.981, 4.0833)
1848 : (2, 38, 0.0029, 318.8011, 1.0)
1849 : (38, 2, 0.0436, 285.2427, 10.5)
1850 : (5, 35, 0.0074, 384.2748, 1.0)
1851 : (35, 5, 0.0152, 280.0522, 7.0)
1852 : (5, 35, 0.0, 426.2338, 1.6667)
1853 : (35, 6, 0.0515, 307.7554, 6.9167)
1854 : (0, 40, 0.0, 371.9514, 0.0)
1855 : (40, 2, 0.0532, 110.2237, 12.0)
1856 : (3, 8, 0.01, 444.4883, 1.0)
1857 : (8, 3, 0.0006, 284.6945, 4.5)
1858 : (3, 37, 0.0, 250.4079, 1.5)
1859 : (37, 3, 0.0265, 375.9667, 3.25)
1860 : (3, 37, 0.0, 275.6149, 1.0)
1861 : (37, 3, 0.0056, 312.803, 10.6667)
1862 : (2, 38, 0.0059, 697.8619, 1.0)
1863 : (38, 2, 0.0428, 313.3408, 14.0)
1864 : (2, 38, 0.0, 402.8137, 1.0)
1865 : (38, 2, 0.0518, 341.658, 19.0)
1866 : (9, 31, 0.0015, 268.4569, 1.4)
1867 : (31, 10, 0.0057, 222.5754, 4.6286)
1868 : (5, 35, 0.0035, 396.3649, 1.0)
1869 : (35, 9, 0.0281, 248.0888, 4.1429)
1870 : (5, 35, 0.0054, 456.1841, 1.0)
1871 : (35, 10, 0.028, 240.2038, 3.1)
1872 : (33, 7, 0.0033, 430.9428, 3.4)
1873 : (7, 36, 0.0028, 166.7923, 1.7333)
1874 : (25, 11, 0.0081, 489.2572, 2.0)
1875 : (11, 28, 0.0011, 113.9154, 1.625)
1876 : (30, 5, 0.0044, 433.85, 5.0)
1877 : (5, 33, 0.0002, 144.3361, 2.0)
1878 : (36, 4, 0.004, 427.8238, 7.5)
1879 : (4, 37, 0.0003, 148.744, 2.875)
1880 : (6, 34, 0.0092, 617.5243, 1.2)
1881 : (34, 8, 0.0227, 339.0529, 5.7)
1882 : (3, 37, 0.0, 248.9194, 1.0)
1883 : (37, 3, 0.0388, 270.6772, 10.3333)
1884 : (11, 29, 0.0011, 222.2908, 1.2222)
1885 : (29, 13, 0.0315, 246.0288, 2.7222)
1886 : (6, 34, 0.0, 306.7863, 1.5)
1887 : (34, 6, 0.0361, 265.2722, 4.625)
1888 : (1, 39, 0.0, 489.8288, 1.0)
1889 : (39, 1, 0.0315, 241.3589, 7.0)
1890 : (7, 33, 0.0059, 535.6795, 1.25)
1891 : (33, 7, 0.0116, 244.6902, 6.85)
1892 : (24, 16, 0.0039, 414.9312, 2.4)
1893 : (16, 24, 0.0001, 44.9617, 1.74)
1894 : (15, 25, 0.0038, 460.8927, 1.4444)
1895 : (25, 15, 0.0254, 85.9991, 2.9383)
1896 : (3, 6, 0.0, 580.4958, 1.0)
1897 : (6, 3, 0.0586, 150.1239, 2.5)
1898 : (21, 19, 0.0034, 308.3164, 2.0)
1899 : (19, 21, 0.0341, 103.0425, 2.3333)
1900 : (12, 28, 0.0, 225.9178, 1.3333)
1901 : (28, 12, 0.0, 187.3676, 2.9259)
1902 : (10, 30, 0.0014, 322.123, 1.0)
1903 : (30, 11, 0.0044, 187.1228, 3.4444)
1904 : (13, 27, 0.001, 221.7312, 2.0)
1905 : (27, 13, 0.0, 274.5591, 4.1429)
1906 : (6, 18, 0.0, 190.0229, 1.2)
1907 : (18, 6, 0.001, 113.2451, 4.05)
1908 : (20, 20, 0.0026, 445.375, 3.1667)
1909 : (20, 21, 0.012, 268.9431, 3.8611)
1910 : (29, 11, 0.0017, 365.9167, 3.75)
1911 : (11, 32, 0.0109, 234.2191, 2.4583)
1912 : (11, 29, 0.0, 79.9093, 1.2222)
1913 : (29, 11, 0.0161, 64.2985, 3.0247)
1914 : (13, 24, 0.002, 373.5299, 1.3)
1915 : (24, 13, 0.0, 97.8448, 2.5889)
1916 : (10, 13, 0.0022, 379.1763, 2.3333)
1917 : (13, 14, 0.0014, 181.0701, 2.5556)
1918 : (11, 29, 0.0039, 411.5432, 1.25)
1919 : (29, 11, 0.0001, 301.5486, 3.3611)
1920 : (10, 30, 0.0048, 393.7025, 1.25)
1921 : (30, 12, 0.0001, 206.1952, 2.6944)
1922 : (11, 29, 0.0011, 450.7008, 1.5714)
1923 : (29, 12, 0.0, 221.3107, 2.8214)
1924 : (27, 13, 0.0044, 399.7719, 4.5)
1925 : (13, 30, 0.0113, 246.9485, 2.75)
1926 : (29, 11, 0.0032, 464.1298, 9.3333)
1927 : (11, 33, 0.0091, 222.6798, 5.0833)
1928 : (15, 25, 0.0, 296.2131, 1.3)
1929 : (25, 15, 0.0, 206.6886, 2.3909)
1930 : (22, 18, 0.0054, 521.1509, 2.7143)
1931 : (18, 22, 0.0046, 71.4024, 2.5893)
1932 : (13, 27, 0.0025, 570.6864, 1.1818)
1933 : (27, 14, 0.0, 207.763, 2.4182)
1934 : (14, 26, 0.0056, 534.3979, 2.0)
1935 : (26, 15, 0.0001, 148.5896, 2.875)
1936 : (13, 27, 0.0, 390.4704, 2.1667)
1937 : (27, 13, 0.0053, 204.4933, 4.5278)
1938 : (16, 21, 0.0046, 288.5155, 1.7778)
1939 : (21, 19, 0.0085, 171.1694, 2.4198)
1940 : (23, 17, 0.0043, 262.5612, 2.5556)
1941 : (17, 25, 0.0064, 161.5046, 1.3951)
1942 : (19, 21, 0.0054, 259.8789, 2.0)
1943 : (21, 19, 0.0082, 174.1286, 2.3)
1944 : (13, 23, 0.0034, 262.7819, 2.0)
1945 : (23, 13, 0.0094, 188.179, 5.0)
1946 : (10, 5, 0.0014, 251.6358, 3.3333)
1947 : (5, 10, 0.0001, 48.7429, 2.4444)
1948 : (34, 6, 0.0027, 432.6811, 5.4)
1949 : (6, 34, 0.0002, 52.3535, 2.28)
1950 : (15, 25, 0.0054, 443.4115, 1.5)
1951 : (25, 15, 0.0089, 158.7361, 2.6111)
1952 : (12, 28, 0.0053, 369.8371, 1.5714)
1953 : (28, 13, 0.0001, 200.0121, 3.6964)
1954 : (7, 33, 0.0, 410.834, 1.0)
1955 : (33, 7, 0.0315, 276.2518, 4.5714)
1956 : (12, 28, 0.0016, 253.6592, 1.2222)
1957 : (28, 12, 0.003, 128.7852, 2.9222)
1958 : (23, 17, 0.0021, 296.5044, 2.3)
1959 : (17, 23, 0.0001, 24.4892, 1.73)
1960 : (16, 24, 0.0, 382.3314, 2.2857)
1961 : (24, 16, 0.0006, 38.4947, 3.5476)
1962 : (12, 28, 0.003, 347.5775, 1.3333)
1963 : (28, 12, 0.0175, 279.4017, 2.9259)
1964 : (26, 14, 0.0014, 324.0522, 2.4)
1965 : (14, 26, 0.0109, 264.6288, 1.64)
1966 : (5, 35, 0.0, 233.575, 1.25)
1967 : (35, 7, 0.0, 325.7073, 3.375)
1968 : (11, 29, 0.0, 311.2637, 1.2222)
1969 : (29, 12, 0.013, 274.577, 2.7222)
1970 : (13, 27, 0.001, 353.1044, 1.4444)
1971 : (27, 13, 0.0119, 246.2319, 2.9383)
1972 : (10, 30, 0.0, 456.2709, 1.8)
1973 : (30, 10, 0.0015, 282.3993, 5.3)
1974 : (28, 12, 0.0056, 498.5728, 2.7)
1975 : (12, 28, 0.0012, 191.3311, 1.3364)
1976 : (21, 19, 0.0036, 456.2763, 2.625)
1977 : (19, 21, 0.0085, 271.0883, 2.3281)
1978 : (17, 23, 0.0039, 440.0067, 1.8889)
1979 : (23, 18, 0.0021, 241.1611, 2.4321)
1980 : (14, 26, 0.0021, 384.2188, 1.5)
1981 : (26, 16, 0.0013, 131.8896, 4.5833)
1982 : (13, 27, 0.002, 468.29, 1.4444)
1983 : (27, 13, 0.013, 280.7977, 3.4306)
1984 : (15, 25, 0.0009, 317.3097, 2.1429)
1985 : (25, 15, 0.0139, 270.019, 3.8571)
1986 : (23, 17, 0.0011, 314.5167, 2.2)
1987 : (17, 23, 0.0, 29.7347, 1.7455)
1988 : (25, 15, 0.002, 322.315, 3.125)
1989 : (15, 25, 0.0008, 257.2225, 2.0156)
1990 : (10, 9, 0.0, 338.5019, 3.3333)
1991 : (9, 10, 0.0334, 83.2227, 3.7778)
1992 : (6, 34, 0.0, 286.6272, 1.2)
1993 : (34, 6, 0.0327, 84.6379, 6.24)
1994 : (8, 32, 0.0014, 327.9993, 1.6)
1995 : (32, 9, 0.0056, 192.8962, 3.7667)
1996 : (8, 32, 0.0059, 472.9302, 1.1667)
1997 : (32, 8, 0.0037, 389.9568, 4.7381)
1998 : (8, 32, 0.0046, 542.2871, 1.1429)
1999 : (32, 8, 0.0011, 342.8432, 5.3571)
*********************************************************
   	     	          entropy          	         obj_1         	       obj_2       
   	     	---------------------------	-----------------------	-------------------
gen	evals	min     	avg    	max	min	avg    	max    	min	avg    	max
0  	1000 	0.184698	2.49868	3  	0  	350.126	808.161	0  	4.70759	39 