Gen : 0
0 : (0, 15)
1 : (15, 0)
2 : (0, 19)
3 : (19, 0)
4 : (1, 19)
5 : (19, 1)
6 : (8, 0)
7 : (0, 8)
8 : (0, 20)
9 : (20, 0)
10 : (2, 6)
11 : (6, 2)
12 : (13, 7)
13 : (7, 13)
14 : (20, 0)
15 : (0, 20)
16 : (1, 11)
17 : (11, 1)
18 : (1, 15)
19 : (15, 1)
20 : (0, 8)
21 : (8, 0)
22 : (4, 7)
23 : (7, 4)
24 : (15, 0)
25 : (0, 15)
26 : (2, 0)
27 : (0, 2)
28 : (0, 4)
29 : (4, 0)
30 : (8, 0)
31 : (0, 8)
32 : (2, 1)
33 : (1, 2)
34 : (16, 0)
35 : (0, 16)
36 : (0, 20)
37 : (20, 0)
38 : (1, 19)
39 : (19, 1)
40 : (8, 12)
41 : (12, 8)
42 : (11, 2)
43 : (2, 11)
44 : (18, 2)
45 : (2, 18)
46 : (3, 17)
47 : (17, 3)
48 : (3, 16)
49 : (16, 3)
50 : (16, 4)
51 : (4, 16)
52 : (2, 14)
53 : (14, 2)
54 : (13, 7)
55 : (7, 13)
56 : (0, 13)
57 : (13, 0)
58 : (16, 1)
59 : (1, 16)
60 : (20, 0)
61 : (0, 20)
62 : (6, 0)
63 : (0, 6)
64 : (10, 0)
65 : (0, 10)
66 : (16, 0)
67 : (0, 16)
68 : (4, 16)
69 : (16, 4)
70 : (1, 15)
71 : (15, 1)
72 : (0, 14)
73 : (14, 0)
74 : (0, 9)
75 : (9, 0)
76 : (1, 13)
77 : (13, 1)
78 : (14, 1)
79 : (1, 14)
80 : (0, 6)
81 : (6, 0)
82 : (18, 2)
83 : (2, 18)
84 : (2, 0)
85 : (0, 2)
86 : (12, 0)
87 : (0, 12)
88 : (12, 0)
89 : (0, 12)
90 : (2, 18)
91 : (18, 2)
92 : (20, 0)
93 : (0, 20)
94 : (1, 17)
95 : (17, 1)
96 : (6, 1)
97 : (1, 6)
98 : (17, 3)
99 : (3, 17)
*********************************************************
Gen : 1
0 : (20, 0)
1 : (0, 20)
2 : (0, 19)
3 : (19, 0)
6 : (20, 0)
7 : (0, 20)
8 : (1, 8)
9 : (8, 1)
12 : (0, 5)
13 : (5, 0)
14 : (2, 8)
15 : (8, 2)
16 : (0, 15)
17 : (15, 0)
18 : (2, 0)
19 : (0, 2)
20 : (11, 9)
21 : (9, 11)
24 : (19, 1)
25 : (1, 19)
26 : (1, 16)
27 : (16, 1)
28 : (11, 1)
29 : (1, 11)
30 : (14, 6)
31 : (6, 14)
32 : (18, 2)
33 : (2, 18)
34 : (9, 2)
35 : (2, 9)
36 : (0, 17)
37 : (17, 0)
40 : (7, 13)
41 : (13, 7)
44 : (0, 7)
45 : (7, 0)
46 : (10, 10)
47 : (10, 10)
48 : (18, 1)
49 : (1, 18)
58 : (0, 12)
59 : (12, 0)
62 : (0, 20)
63 : (20, 0)
64 : (13, 0)
65 : (0, 13)
66 : (0, 10)
67 : (10, 0)
68 : (7, 13)
69 : (13, 7)
70 : (0, 15)
71 : (15, 0)
72 : (19, 1)
73 : (1, 19)
74 : (0, 20)
75 : (20, 0)
76 : (13, 0)
77 : (0, 13)
80 : (16, 0)
81 : (0, 16)
84 : (0, 3)
85 : (3, 0)
86 : (5, 0)
87 : (0, 5)
88 : (5, 0)
89 : (0, 5)
90 : (20, 0)
91 : (0, 20)
92 : (3, 17)
93 : (17, 3)
94 : (13, 0)
95 : (0, 13)
96 : (15, 0)
97 : (0, 15)
98 : (18, 2)
99 : (2, 18)
*********************************************************
Gen : 2
4 : (8, 0)
5 : (0, 8)
6 : (6, 0)
7 : (0, 6)
8 : (4, 0)
9 : (0, 4)
12 : (11, 6)
13 : (6, 11)
14 : (18, 0)
15 : (0, 18)
16 : (11, 0)
17 : (0, 11)
18 : (14, 6)
19 : (6, 14)
20 : (20, 0)
21 : (0, 20)
22 : (8, 8)
23 : (8, 8)
24 : (20, 0)
25 : (0, 20)
26 : (0, 6)
27 : (6, 0)
28 : (2, 18)
29 : (18, 2)
30 : (1, 8)
31 : (8, 1)
34 : (20, 0)
35 : (0, 20)
36 : (1, 19)
37 : (19, 1)
38 : (16, 0)
39 : (0, 16)
42 : (16, 4)
43 : (4, 16)
44 : (18, 2)
45 : (2, 18)
46 : (14, 5)
47 : (5, 14)
48 : (18, 1)
49 : (1, 18)
52 : (7, 2)
53 : (2, 7)
54 : (12, 8)
55 : (8, 12)
56 : (5, 1)
57 : (1, 5)
58 : (8, 0)
59 : (0, 8)
60 : (4, 16)
61 : (16, 4)
62 : (0, 0)
63 : (0, 0)
64 : (14, 6)
65 : (6, 14)
82 : (17, 4)
83 : (3, 17)
84 : (19, 1)
85 : (1, 19)
88 : (18, 2)
89 : (2, 18)
90 : (14, 2)
91 : (2, 14)
94 : (8, 12)
95 : (12, 8)
96 : (7, 13)
97 : (13, 7)
98 : (19, 1)
99 : (1, 19)
*********************************************************
Gen : 3
4 : (19, 1)
5 : (1, 19)
6 : (18, 2)
7 : (2, 18)
8 : (5, 0)
9 : (0, 5)
12 : (1, 19)
13 : (19, 1)
14 : (15, 0)
15 : (0, 15)
16 : (18, 2)
17 : (2, 18)
20 : (20, 0)
21 : (0, 20)
24 : (7, 2)
25 : (2, 7)
26 : (5, 15)
27 : (15, 5)
32 : (2, 3)
33 : (3, 2)
34 : (0, 15)
35 : (15, 0)
36 : (1, 0)
37 : (0, 1)
38 : (15, 0)
39 : (0, 15)
40 : (19, 0)
41 : (0, 19)
44 : (7, 11)
45 : (11, 7)
48 : (0, 14)
49 : (14, 0)
54 : (19, 0)
55 : (0, 19)
56 : (0, 1)
57 : (1, 0)
62 : (13, 2)
63 : (2, 13)
64 : (7, 13)
65 : (13, 7)
66 : (14, 0)
67 : (0, 14)
68 : (0, 17)
69 : (17, 0)
70 : (11, 0)
71 : (0, 11)
76 : (14, 0)
77 : (0, 14)
80 : (9, 11)
81 : (11, 9)
84 : (18, 2)
85 : (2, 18)
86 : (9, 11)
87 : (11, 9)
88 : (19, 1)
89 : (1, 19)
92 : (2, 18)
93 : (18, 2)
94 : (3, 8)
95 : (8, 3)
96 : (12, 0)
97 : (0, 12)
*********************************************************
Gen : 4
0 : (11, 10)
1 : (9, 11)
2 : (2, 18)
3 : (18, 2)
4 : (20, 0)
5 : (0, 20)
6 : (18, 1)
7 : (1, 18)
10 : (17, 3)
11 : (3, 17)
12 : (7, 13)
13 : (13, 7)
14 : (7, 13)
15 : (13, 7)
16 : (8, 8)
17 : (8, 8)
18 : (7, 2)
19 : (2, 7)
20 : (17, 0)
21 : (0, 17)
22 : (8, 5)
23 : (5, 8)
28 : (1, 19)
29 : (19, 1)
30 : (3, 17)
31 : (17, 3)
32 : (3, 17)
33 : (17, 3)
34 : (5, 6)
35 : (6, 5)
38 : (20, 0)
39 : (0, 20)
40 : (3, 6)
41 : (6, 3)
42 : (17, 0)
43 : (0, 17)
46 : (13, 1)
47 : (1, 13)
48 : (16, 0)
49 : (0, 16)
50 : (1, 19)
51 : (19, 1)
52 : (11, 9)
53 : (9, 11)
64 : (15, 5)
65 : (5, 15)
68 : (0, 2)
69 : (2, 0)
70 : (11, 9)
71 : (9, 11)
72 : (15, 5)
73 : (5, 15)
74 : (0, 20)
75 : (20, 0)
76 : (7, 13)
77 : (13, 7)
78 : (0, 17)
79 : (17, 0)
80 : (20, 0)
81 : (0, 20)
82 : (12, 2)
83 : (2, 12)
84 : (4, 13)
85 : (13, 4)
86 : (5, 2)
87 : (2, 5)
88 : (15, 5)
89 : (5, 15)
90 : (19, 1)
91 : (1, 19)
92 : (15, 2)
93 : (2, 15)
94 : (20, 0)
95 : (0, 20)
98 : (13, 7)
99 : (7, 13)
*********************************************************
Gen : 5
2 : (4, 16)
3 : (16, 4)
6 : (6, 12)
7 : (12, 6)
8 : (4, 3)
9 : (3, 4)
10 : (8, 12)
11 : (12, 8)
16 : (6, 14)
17 : (14, 6)
20 : (3, 4)
21 : (4, 3)
22 : (11, 0)
23 : (0, 11)
24 : (18, 2)
25 : (2, 18)
26 : (8, 2)
27 : (2, 8)
30 : (7, 5)
31 : (5, 7)
32 : (14, 7)
33 : (6, 14)
34 : (20, 0)
35 : (0, 20)
36 : (4, 5)
37 : (5, 4)
38 : (20, 0)
39 : (0, 20)
42 : (1, 19)
43 : (19, 1)
46 : (8, 6)
47 : (6, 8)
54 : (4, 5)
55 : (5, 4)
56 : (10, 10)
57 : (10, 10)
60 : (7, 3)
61 : (3, 7)
70 : (10, 3)
71 : (3, 10)
80 : (11, 10)
81 : (9, 11)
82 : (1, 0)
83 : (0, 1)
84 : (20, 0)
85 : (0, 20)
88 : (5, 15)
89 : (15, 5)
90 : (8, 10)
91 : (10, 8)
92 : (1, 0)
93 : (0, 1)
96 : (6, 6)
97 : (6, 6)
*********************************************************
Gen : 6
0 : (20, 0)
1 : (0, 20)
8 : (8, 7)
9 : (7, 8)
10 : (8, 12)
11 : (12, 8)
12 : (1, 19)
13 : (19, 1)
14 : (11, 4)
15 : (4, 11)
20 : (18, 2)
21 : (2, 18)
22 : (5, 15)
23 : (15, 5)
26 : (9, 6)
27 : (6, 9)
28 : (8, 12)
29 : (12, 8)
32 : (16, 4)
33 : (4, 16)
34 : (0, 18)
35 : (18, 0)
36 : (6, 0)
37 : (0, 6)
38 : (0, 6)
39 : (6, 0)
42 : (7, 5)
43 : (5, 7)
44 : (6, 0)
45 : (0, 6)
46 : (6, 0)
47 : (0, 6)
48 : (14, 3)
49 : (3, 14)
52 : (20, 0)
53 : (0, 20)
54 : (20, 0)
55 : (0, 20)
56 : (8, 4)
57 : (4, 8)
58 : (8, 5)
59 : (5, 8)
60 : (1, 19)
61 : (19, 1)
62 : (15, 0)
63 : (0, 15)
64 : (19, 1)
65 : (1, 19)
66 : (15, 0)
67 : (0, 15)
68 : (12, 8)
69 : (8, 12)
70 : (18, 2)
71 : (2, 18)
72 : (15, 5)
73 : (5, 15)
74 : (7, 13)
75 : (13, 7)
76 : (6, 14)
77 : (14, 6)
80 : (7, 10)
81 : (10, 7)
82 : (20, 0)
83 : (0, 20)
84 : (2, 0)
85 : (0, 2)
88 : (10, 2)
89 : (2, 10)
94 : (15, 4)
95 : (4, 15)
96 : (13, 0)
97 : (0, 13)
98 : (3, 17)
99 : (17, 3)
*********************************************************
Gen : 7
0 : (4, 9)
1 : (9, 4)
2 : (20, 0)
3 : (0, 20)
6 : (12, 0)
7 : (0, 12)
8 : (20, 0)
9 : (0, 20)
10 : (11, 4)
11 : (4, 11)
12 : (12, 3)
13 : (3, 12)
14 : (20, 0)
15 : (0, 20)
18 : (3, 17)
19 : (17, 3)
20 : (0, 3)
21 : (3, 0)
22 : (4, 11)
23 : (11, 4)
26 : (7, 13)
27 : (13, 7)
28 : (2, 13)
29 : (13, 2)
30 : (2, 7)
31 : (7, 2)
32 : (20, 0)
33 : (0, 20)
34 : (20, 0)
35 : (0, 20)
36 : (9, 0)
37 : (0, 9)
38 : (20, 0)
39 : (0, 20)
40 : (1, 19)
41 : (19, 1)
42 : (8, 1)
43 : (1, 8)
44 : (11, 6)
45 : (6, 11)
46 : (3, 17)
47 : (17, 3)
48 : (2, 11)
49 : (11, 2)
50 : (4, 16)
51 : (16, 4)
52 : (6, 0)
53 : (0, 6)
54 : (13, 0)
55 : (0, 13)
56 : (0, 3)
57 : (3, 0)
58 : (6, 2)
59 : (2, 6)
60 : (9, 11)
61 : (11, 9)
64 : (0, 10)
65 : (10, 0)
66 : (15, 0)
67 : (0, 15)
68 : (9, 6)
69 : (6, 9)
72 : (12, 8)
73 : (8, 12)
74 : (0, 20)
75 : (20, 0)
76 : (1, 0)
77 : (0, 1)
78 : (19, 1)
79 : (1, 19)
80 : (9, 7)
81 : (7, 9)
82 : (20, 0)
83 : (0, 20)
86 : (4, 6)
87 : (6, 4)
88 : (1, 18)
89 : (18, 1)
90 : (3, 0)
91 : (0, 3)
92 : (1, 1)
93 : (1, 1)
98 : (20, 0)
99 : (0, 20)
*********************************************************
Gen : 8
0 : (1, 19)
1 : (19, 1)
8 : (11, 9)
9 : (9, 11)
12 : (10, 3)
13 : (3, 10)
14 : (12, 0)
15 : (0, 12)
16 : (0, 20)
17 : (20, 0)
20 : (1, 19)
21 : (19, 1)
26 : (19, 1)
27 : (1, 19)
28 : (4, 16)
29 : (16, 4)
30 : (0, 20)
31 : (20, 0)
32 : (1, 2)
33 : (2, 1)
34 : (0, 1)
35 : (1, 0)
36 : (20, 0)
37 : (0, 20)
40 : (1, 18)
41 : (18, 1)
46 : (2, 18)
47 : (18, 2)
48 : (9, 11)
49 : (11, 9)
52 : (1, 19)
53 : (19, 1)
54 : (20, 0)
55 : (0, 20)
56 : (12, 8)
57 : (8, 12)
60 : (20, 0)
61 : (0, 20)
62 : (8, 7)
63 : (7, 8)
64 : (15, 3)
65 : (3, 15)
72 : (20, 0)
73 : (0, 20)
74 : (7, 11)
75 : (11, 7)
78 : (11, 4)
79 : (4, 11)
80 : (13, 2)
81 : (2, 13)
84 : (2, 7)
85 : (7, 2)
90 : (0, 2)
91 : (2, 0)
92 : (20, 0)
93 : (0, 20)
94 : (0, 10)
95 : (10, 0)
96 : (5, 5)
97 : (5, 5)
*********************************************************
Gen : 9
0 : (14, 3)
1 : (3, 15)
2 : (20, 0)
3 : (0, 20)
4 : (4, 16)
5 : (16, 4)
6 : (18, 3)
7 : (2, 18)
10 : (20, 0)
11 : (0, 20)
14 : (20, 0)
15 : (0, 20)
16 : (7, 13)
17 : (13, 7)
18 : (19, 0)
19 : (0, 19)
20 : (20, 0)
21 : (0, 20)
22 : (10, 0)
23 : (0, 10)
24 : (4, 1)
25 : (1, 4)
26 : (1, 19)
27 : (19, 1)
28 : (20, 0)
29 : (0, 20)
32 : (20, 0)
33 : (0, 20)
34 : (10, 6)
35 : (6, 10)
36 : (20, 0)
37 : (0, 20)
38 : (1, 19)
39 : (19, 1)
42 : (2, 2)
43 : (2, 2)
44 : (1, 0)
45 : (0, 1)
46 : (8, 12)
47 : (12, 8)
52 : (17, 0)
53 : (0, 17)
54 : (4, 16)
55 : (16, 4)
56 : (0, 14)
57 : (13, 0)
58 : (1, 6)
59 : (6, 1)
62 : (17, 0)
63 : (0, 17)
64 : (5, 10)
65 : (10, 5)
68 : (13, 7)
69 : (7, 13)
70 : (17, 3)
71 : (3, 17)
74 : (2, 18)
75 : (18, 2)
76 : (14, 6)
77 : (6, 14)
78 : (3, 9)
79 : (9, 3)
80 : (0, 20)
81 : (20, 0)
82 : (19, 1)
83 : (1, 19)
84 : (10, 10)
85 : (10, 10)
86 : (20, 0)
87 : (0, 20)
88 : (6, 6)
89 : (6, 6)
90 : (16, 4)
91 : (4, 16)
92 : (6, 8)
93 : (8, 6)
96 : (12, 0)
97 : (0, 12)
*********************************************************
Gen : 10
2 : (2, 18)
3 : (18, 2)
4 : (20, 0)
5 : (0, 20)
6 : (10, 10)
7 : (10, 10)
8 : (4, 3)
9 : (3, 4)
10 : (20, 0)
11 : (0, 20)
16 : (20, 0)
17 : (0, 20)
18 : (20, 0)
19 : (0, 20)
22 : (2, 0)
23 : (0, 2)
24 : (20, 0)
25 : (0, 20)
28 : (2, 18)
29 : (18, 2)
30 : (1, 4)
31 : (4, 1)
32 : (20, 0)
33 : (0, 20)
36 : (8, 12)
37 : (12, 8)
38 : (14, 6)
39 : (6, 14)
40 : (20, 0)
41 : (0, 20)
42 : (2, 12)
43 : (12, 2)
44 : (0, 9)
45 : (9, 0)
46 : (20, 0)
47 : (0, 20)
50 : (3, 13)
51 : (13, 3)
54 : (20, 0)
55 : (0, 20)
56 : (5, 12)
57 : (12, 5)
60 : (3, 17)
61 : (17, 3)
62 : (1, 15)
63 : (15, 1)
64 : (15, 3)
65 : (3, 15)
66 : (20, 0)
67 : (0, 20)
68 : (20, 0)
69 : (0, 20)
70 : (11, 5)
71 : (5, 11)
72 : (9, 10)
73 : (10, 9)
74 : (8, 3)
75 : (3, 8)
76 : (10, 10)
77 : (10, 10)
78 : (6, 14)
79 : (14, 6)
80 : (20, 0)
81 : (0, 20)
82 : (2, 4)
83 : (4, 2)
84 : (10, 10)
85 : (10, 10)
86 : (14, 2)
87 : (2, 14)
94 : (16, 1)
95 : (1, 16)
98 : (4, 16)
99 : (16, 4)
*********************************************************
Gen : 11
0 : (14, 6)
1 : (6, 14)
4 : (3, 1)
5 : (1, 3)
8 : (20, 0)
9 : (0, 20)
10 : (17, 0)
11 : (0, 17)
12 : (20, 0)
13 : (0, 20)
16 : (17, 3)
17 : (3, 17)
22 : (9, 10)
23 : (10, 9)
26 : (3, 17)
27 : (17, 3)
28 : (8, 2)
29 : (2, 8)
32 : (16, 4)
33 : (4, 16)
34 : (16, 4)
35 : (4, 16)
36 : (10, 10)
37 : (10, 10)
38 : (15, 3)
39 : (3, 15)
40 : (0, 8)
41 : (8, 0)
44 : (2, 3)
45 : (3, 2)
52 : (1, 0)
53 : (0, 1)
56 : (5, 15)
57 : (15, 5)
58 : (20, 0)
59 : (0, 20)
60 : (10, 8)
61 : (8, 10)
62 : (5, 5)
63 : (5, 5)
64 : (1, 0)
65 : (0, 1)
68 : (1, 19)
69 : (19, 1)
70 : (4, 4)
71 : (4, 4)
72 : (2, 5)
73 : (5, 2)
74 : (2, 18)
75 : (18, 3)
76 : (12, 3)
77 : (3, 12)
78 : (16, 1)
79 : (1, 16)
82 : (14, 0)
83 : (0, 14)
86 : (0, 20)
87 : (20, 0)
88 : (20, 0)
89 : (0, 20)
90 : (6, 6)
91 : (6, 6)
92 : (1, 15)
93 : (15, 1)
94 : (20, 0)
95 : (0, 20)
96 : (11, 6)
97 : (6, 11)
98 : (15, 5)
99 : (5, 15)
*********************************************************
Gen : 12
4 : (1, 1)
5 : (1, 1)
8 : (20, 0)
9 : (0, 20)
12 : (13, 7)
13 : (7, 13)
14 : (9, 11)
15 : (11, 9)
16 : (20, 0)
17 : (0, 20)
18 : (20, 0)
19 : (0, 20)
20 : (20, 0)
21 : (0, 20)
22 : (19, 0)
23 : (0, 19)
24 : (2, 11)
25 : (11, 2)
26 : (9, 3)
27 : (3, 9)
28 : (9, 12)
29 : (11, 9)
30 : (1, 3)
31 : (3, 1)
32 : (13, 2)
33 : (2, 13)
34 : (20, 0)
35 : (0, 20)
36 : (19, 1)
37 : (1, 19)
38 : (15, 4)
39 : (4, 15)
40 : (0, 20)
41 : (20, 0)
42 : (1, 19)
43 : (19, 1)
44 : (9, 11)
45 : (11, 9)
46 : (2, 4)
47 : (4, 2)
50 : (1, 2)
51 : (2, 1)
52 : (20, 0)
53 : (0, 20)
54 : (14, 6)
55 : (6, 14)
56 : (10, 10)
57 : (10, 10)
58 : (9, 6)
59 : (6, 9)
60 : (6, 11)
61 : (11, 6)
64 : (7, 13)
65 : (13, 7)
68 : (13, 3)
69 : (3, 13)
72 : (19, 0)
73 : (0, 19)
74 : (14, 2)
75 : (2, 14)
76 : (6, 4)
77 : (4, 6)
78 : (5, 10)
79 : (10, 5)
80 : (17, 3)
81 : (3, 17)
84 : (4, 11)
85 : (11, 4)
86 : (15, 3)
87 : (3, 15)
88 : (3, 10)
89 : (10, 3)
92 : (10, 8)
93 : (8, 10)
94 : (0, 20)
95 : (20, 0)
98 : (7, 5)
99 : (5, 7)
*********************************************************
Gen : 13
2 : (10, 10)
3 : (10, 10)
6 : (6, 2)
7 : (2, 6)
8 : (5, 15)
9 : (15, 5)
10 : (20, 0)
11 : (0, 20)
14 : (8, 0)
15 : (0, 8)
20 : (14, 3)
21 : (3, 14)
22 : (5, 15)
23 : (15, 5)
24 : (12, 1)
25 : (1, 12)
26 : (0, 20)
27 : (20, 0)
32 : (18, 2)
33 : (2, 18)
34 : (20, 0)
35 : (0, 20)
36 : (20, 0)
37 : (0, 20)
38 : (13, 7)
39 : (7, 13)
40 : (20, 0)
41 : (0, 20)
42 : (0, 20)
43 : (20, 0)
44 : (6, 4)
45 : (4, 6)
48 : (9, 11)
49 : (11, 9)
50 : (0, 20)
51 : (20, 0)
52 : (1, 6)
53 : (6, 1)
54 : (2, 3)
55 : (3, 2)
56 : (3, 17)
57 : (17, 3)
58 : (0, 19)
59 : (19, 0)
60 : (20, 0)
61 : (0, 20)
66 : (3, 3)
67 : (3, 3)
72 : (11, 3)
73 : (3, 11)
74 : (3, 1)
75 : (1, 3)
76 : (6, 14)
77 : (14, 6)
78 : (1, 12)
79 : (12, 1)
80 : (20, 0)
81 : (0, 20)
88 : (9, 9)
89 : (9, 9)
94 : (17, 3)
95 : (3, 17)
98 : (10, 10)
99 : (10, 10)
*********************************************************
Gen : 14
0 : (4, 16)
1 : (16, 4)
2 : (4, 16)
3 : (16, 4)
4 : (6, 10)
5 : (10, 6)
6 : (3, 17)
7 : (17, 3)
8 : (2, 18)
9 : (18, 2)
10 : (10, 1)
11 : (1, 10)
12 : (3, 7)
13 : (7, 3)
14 : (12, 0)
15 : (0, 12)
16 : (0, 1)
17 : (1, 0)
20 : (0, 20)
21 : (20, 0)
22 : (10, 10)
23 : (10, 10)
26 : (5, 3)
27 : (3, 5)
28 : (6, 14)
29 : (14, 6)
30 : (15, 5)
31 : (5, 15)
34 : (20, 0)
35 : (0, 20)
36 : (2, 4)
37 : (4, 2)
38 : (1, 10)
39 : (10, 1)
42 : (2, 14)
43 : (14, 2)
46 : (11, 9)
47 : (9, 11)
48 : (15, 5)
49 : (5, 15)
50 : (8, 12)
51 : (12, 8)
52 : (2, 1)
53 : (1, 2)
58 : (13, 1)
59 : (1, 13)
60 : (15, 5)
61 : (5, 15)
66 : (20, 0)
67 : (0, 20)
68 : (18, 2)
69 : (2, 18)
70 : (7, 13)
71 : (13, 7)
74 : (0, 13)
75 : (13, 0)
76 : (0, 20)
77 : (20, 0)
78 : (13, 4)
79 : (4, 13)
82 : (10, 3)
83 : (3, 10)
88 : (1, 19)
89 : (19, 1)
90 : (15, 1)
91 : (1, 15)
94 : (7, 1)
95 : (1, 7)
96 : (0, 20)
97 : (20, 0)
98 : (10, 3)
99 : (3, 10)
*********************************************************
Gen : 15
0 : (7, 10)
1 : (10, 7)
4 : (4, 7)
5 : (7, 4)
8 : (8, 12)
9 : (12, 8)
10 : (0, 20)
11 : (20, 0)
12 : (9, 9)
13 : (9, 9)
16 : (18, 0)
17 : (0, 18)
20 : (0, 20)
21 : (20, 0)
22 : (9, 10)
23 : (10, 9)
26 : (5, 13)
27 : (13, 5)
28 : (20, 0)
29 : (0, 20)
30 : (8, 1)
31 : (1, 8)
32 : (1, 6)
33 : (6, 1)
34 : (6, 14)
35 : (14, 6)
38 : (10, 10)
39 : (10, 10)
40 : (8, 3)
41 : (3, 8)
42 : (0, 20)
43 : (20, 0)
44 : (4, 0)
45 : (0, 4)
46 : (7, 13)
47 : (13, 7)
48 : (0, 3)
49 : (3, 0)
52 : (9, 11)
53 : (11, 9)
54 : (6, 5)
55 : (5, 6)
58 : (10, 10)
59 : (10, 10)
62 : (3, 4)
63 : (4, 3)
64 : (8, 12)
65 : (12, 8)
70 : (1, 17)
71 : (17, 1)
72 : (6, 14)
73 : (14, 6)
76 : (8, 11)
77 : (11, 8)
80 : (3, 8)
81 : (8, 3)
82 : (0, 1)
83 : (1, 0)
84 : (6, 14)
85 : (14, 6)
86 : (11, 9)
87 : (9, 11)
90 : (20, 0)
91 : (0, 20)
96 : (9, 11)
97 : (11, 9)
98 : (2, 9)
99 : (9, 2)
*********************************************************
Gen : 16
0 : (4, 4)
1 : (4, 4)
4 : (14, 2)
5 : (1, 14)
10 : (8, 12)
11 : (12, 8)
12 : (1, 1)
13 : (1, 1)
14 : (2, 18)
15 : (18, 2)
16 : (4, 9)
17 : (9, 4)
18 : (8, 2)
19 : (2, 8)
20 : (19, 1)
21 : (1, 19)
22 : (6, 12)
23 : (12, 6)
24 : (16, 2)
25 : (2, 16)
26 : (6, 11)
27 : (11, 6)
28 : (0, 20)
29 : (20, 0)
30 : (0, 8)
31 : (8, 0)
32 : (7, 13)
33 : (13, 7)
34 : (10, 9)
35 : (9, 10)
36 : (13, 7)
37 : (7, 14)
42 : (4, 16)
43 : (16, 4)
44 : (3, 9)
45 : (9, 3)
46 : (20, 0)
47 : (0, 20)
48 : (2, 18)
49 : (18, 2)
52 : (11, 0)
53 : (0, 11)
54 : (0, 6)
55 : (6, 0)
56 : (3, 17)
57 : (17, 3)
58 : (5, 15)
59 : (15, 5)
60 : (2, 7)
61 : (7, 2)
62 : (1, 2)
63 : (2, 1)
64 : (8, 12)
65 : (12, 8)
66 : (0, 20)
67 : (20, 0)
68 : (10, 3)
69 : (3, 10)
70 : (13, 3)
71 : (3, 13)
72 : (8, 9)
73 : (9, 8)
74 : (1, 19)
75 : (19, 1)
82 : (13, 7)
83 : (7, 13)
84 : (5, 15)
85 : (15, 5)
86 : (0, 20)
87 : (20, 0)
88 : (6, 14)
89 : (14, 6)
90 : (10, 10)
91 : (10, 10)
94 : (8, 12)
95 : (12, 8)
98 : (6, 6)
99 : (6, 6)
*********************************************************
Gen : 17
0 : (8, 5)
1 : (5, 8)
4 : (1, 19)
5 : (19, 1)
6 : (3, 0)
7 : (0, 3)
8 : (7, 13)
9 : (13, 7)
10 : (0, 20)
11 : (20, 0)
14 : (4, 8)
15 : (8, 4)
16 : (2, 6)
17 : (6, 2)
20 : (13, 0)
21 : (0, 13)
22 : (11, 0)
23 : (0, 11)
26 : (8, 12)
27 : (12, 8)
28 : (1, 19)
29 : (19, 1)
30 : (1, 19)
31 : (19, 1)
32 : (10, 10)
33 : (10, 10)
34 : (4, 2)
35 : (2, 4)
38 : (18, 0)
39 : (0, 18)
40 : (5, 2)
41 : (2, 5)
42 : (1, 19)
43 : (19, 1)
44 : (11, 0)
45 : (0, 11)
46 : (2, 12)
47 : (12, 2)
48 : (1, 19)
49 : (19, 1)
52 : (14, 6)
53 : (6, 14)
54 : (3, 8)
55 : (8, 3)
58 : (1, 19)
59 : (19, 1)
64 : (8, 12)
65 : (12, 8)
66 : (1, 5)
67 : (5, 1)
70 : (9, 11)
71 : (11, 9)
72 : (6, 14)
73 : (14, 6)
74 : (11, 0)
75 : (0, 11)
76 : (10, 1)
77 : (1, 10)
78 : (10, 0)
79 : (0, 10)
80 : (4, 1)
81 : (1, 4)
82 : (2, 2)
83 : (2, 2)
84 : (20, 0)
85 : (0, 20)
86 : (1, 19)
87 : (19, 1)
88 : (3, 5)
89 : (5, 3)
92 : (2, 0)
93 : (0, 2)
94 : (11, 4)
95 : (4, 11)
96 : (2, 5)
97 : (5, 2)
98 : (2, 5)
99 : (5, 2)
*********************************************************
Gen : 18
0 : (11, 9)
1 : (9, 11)
4 : (6, 11)
5 : (11, 6)
6 : (9, 11)
7 : (11, 9)
8 : (2, 4)
9 : (4, 2)
10 : (14, 6)
11 : (6, 14)
12 : (1, 8)
13 : (8, 1)
16 : (10, 7)
17 : (7, 10)
18 : (1, 4)
19 : (4, 1)
20 : (10, 10)
21 : (10, 10)
22 : (10, 5)
23 : (5, 10)
24 : (0, 20)
25 : (20, 0)
26 : (0, 1)
27 : (1, 0)
28 : (11, 9)
29 : (9, 11)
30 : (11, 8)
31 : (8, 11)
32 : (1, 4)
33 : (4, 1)
34 : (9, 11)
35 : (11, 9)
36 : (12, 8)
37 : (8, 12)
42 : (13, 7)
43 : (7, 13)
44 : (2, 6)
45 : (6, 2)
46 : (5, 15)
47 : (15, 5)
50 : (0, 0)
51 : (0, 0)
52 : (2, 9)
53 : (9, 2)
54 : (5, 4)
55 : (4, 5)
58 : (9, 10)
59 : (10, 9)
60 : (5, 4)
61 : (4, 5)
64 : (2, 18)
65 : (18, 2)
66 : (12, 8)
67 : (8, 12)
72 : (5, 7)
73 : (7, 5)
74 : (11, 2)
75 : (2, 11)
76 : (9, 11)
77 : (11, 9)
78 : (0, 3)
79 : (3, 0)
82 : (0, 1)
83 : (1, 0)
94 : (0, 20)
95 : (20, 0)
96 : (20, 0)
97 : (0, 20)
98 : (7, 13)
99 : (13, 7)
*********************************************************
Gen : 19
2 : (3, 13)
3 : (13, 3)
8 : (0, 5)
9 : (5, 0)
10 : (13, 7)
11 : (7, 13)
12 : (20, 0)
13 : (0, 20)
14 : (1, 19)
15 : (19, 1)
16 : (8, 4)
17 : (4, 8)
18 : (6, 14)
19 : (14, 6)
20 : (1, 11)
21 : (11, 1)
24 : (13, 7)
25 : (7, 13)
26 : (8, 11)
27 : (11, 8)
28 : (3, 7)
29 : (7, 3)
34 : (0, 20)
35 : (20, 0)
36 : (0, 4)
37 : (4, 0)
40 : (4, 4)
41 : (4, 4)
42 : (0, 0)
43 : (0, 0)
44 : (5, 15)
45 : (15, 5)
46 : (8, 12)
47 : (12, 8)
52 : (7, 13)
53 : (13, 7)
56 : (0, 12)
57 : (12, 0)
58 : (8, 1)
59 : (1, 8)
62 : (1, 0)
63 : (0, 1)
66 : (3, 8)
67 : (8, 3)
68 : (10, 2)
69 : (2, 10)
70 : (3, 7)
71 : (7, 3)
72 : (6, 5)
73 : (5, 6)
76 : (9, 11)
77 : (11, 9)
78 : (3, 10)
79 : (10, 3)
80 : (2, 17)
81 : (17, 2)
82 : (4, 16)
83 : (16, 4)
84 : (2, 0)
85 : (0, 2)
86 : (6, 2)
87 : (2, 6)
92 : (0, 20)
93 : (20, 0)
94 : (13, 7)
95 : (7, 13)
96 : (1, 5)
97 : (5, 1)
98 : (0, 11)
99 : (11, 0)
*********************************************************
Gen : 20
0 : (1, 19)
1 : (19, 1)
6 : (3, 4)
7 : (4, 3)
12 : (8, 12)
13 : (12, 8)
14 : (7, 1)
15 : (1, 7)
18 : (6, 7)
19 : (7, 6)
20 : (9, 2)
21 : (2, 9)
24 : (0, 20)
25 : (20, 0)
26 : (8, 12)
27 : (12, 8)
32 : (5, 10)
33 : (10, 5)
34 : (12, 8)
35 : (8, 12)
38 : (1, 19)
39 : (19, 1)
40 : (4, 5)
41 : (5, 4)
42 : (14, 6)
43 : (6, 14)
46 : (3, 17)
47 : (17, 3)
48 : (4, 9)
49 : (9, 4)
50 : (14, 1)
51 : (1, 14)
54 : (4, 4)
55 : (4, 4)
62 : (11, 9)
63 : (9, 11)
64 : (18, 0)
65 : (0, 18)
66 : (6, 14)
67 : (14, 6)
68 : (11, 2)
69 : (2, 11)
70 : (1, 19)
71 : (19, 1)
74 : (11, 0)
75 : (0, 11)
76 : (1, 19)
77 : (19, 1)
78 : (7, 2)
79 : (2, 7)
80 : (9, 11)
81 : (11, 9)
82 : (11, 3)
83 : (3, 11)
90 : (14, 0)
91 : (0, 14)
96 : (3, 7)
97 : (7, 3)
98 : (3, 3)
99 : (3, 3)
*********************************************************
Gen : 21
0 : (10, 3)
1 : (3, 10)
2 : (3, 0)
3 : (0, 3)
4 : (5, 5)
5 : (5, 5)
6 : (18, 1)
7 : (1, 18)
8 : (8, 12)
9 : (12, 8)
10 : (13, 0)
11 : (0, 13)
14 : (16, 2)
15 : (2, 16)
16 : (2, 6)
17 : (6, 2)
22 : (5, 15)
23 : (15, 5)
24 : (4, 0)
25 : (0, 4)
26 : (3, 2)
27 : (2, 3)
28 : (7, 1)
29 : (1, 7)
30 : (9, 11)
31 : (11, 9)
32 : (9, 11)
33 : (11, 9)
36 : (7, 4)
37 : (4, 7)
38 : (4, 9)
39 : (9, 4)
40 : (3, 9)
41 : (9, 3)
42 : (2, 8)
43 : (8, 2)
44 : (9, 11)
45 : (11, 9)
46 : (1, 5)
47 : (5, 1)
48 : (1, 19)
49 : (19, 1)
52 : (8, 5)
53 : (5, 8)
60 : (6, 2)
61 : (2, 6)
62 : (2, 0)
63 : (0, 2)
64 : (11, 5)
65 : (5, 11)
66 : (7, 4)
67 : (4, 7)
70 : (9, 1)
71 : (1, 9)
72 : (1, 19)
73 : (19, 1)
74 : (5, 15)
75 : (15, 5)
76 : (6, 1)
77 : (1, 6)
78 : (7, 3)
79 : (3, 7)
80 : (7, 3)
81 : (3, 7)
82 : (7, 4)
83 : (4, 7)
84 : (14, 0)
85 : (0, 14)
86 : (6, 4)
87 : (4, 6)
88 : (13, 7)
89 : (7, 13)
92 : (8, 12)
93 : (12, 9)
94 : (4, 5)
95 : (5, 4)
98 : (2, 5)
99 : (5, 2)
*********************************************************
Gen : 22
2 : (6, 10)
3 : (10, 6)
4 : (7, 4)
5 : (4, 7)
8 : (16, 1)
9 : (1, 16)
10 : (17, 1)
11 : (1, 17)
12 : (5, 15)
13 : (15, 5)
16 : (1, 0)
17 : (0, 1)
18 : (5, 15)
19 : (15, 5)
20 : (12, 6)
21 : (6, 12)
22 : (4, 1)
23 : (1, 4)
24 : (18, 2)
25 : (2, 18)
26 : (10, 3)
27 : (3, 11)
30 : (6, 13)
31 : (13, 6)
32 : (3, 1)
33 : (1, 3)
34 : (12, 8)
35 : (8, 12)
36 : (1, 19)
37 : (19, 1)
38 : (3, 17)
39 : (17, 3)
40 : (7, 13)
41 : (13, 7)
44 : (4, 7)
45 : (7, 4)
50 : (4, 3)
51 : (3, 4)
52 : (0, 20)
53 : (20, 0)
54 : (6, 14)
55 : (14, 6)
58 : (0, 3)
59 : (3, 0)
60 : (6, 10)
61 : (10, 6)
62 : (7, 0)
63 : (0, 7)
64 : (8, 2)
65 : (2, 8)
66 : (1, 1)
67 : (1, 1)
70 : (5, 7)
71 : (7, 5)
72 : (8, 12)
73 : (12, 8)
74 : (10, 10)
75 : (10, 10)
76 : (16, 0)
77 : (0, 16)
78 : (7, 13)
79 : (13, 7)
80 : (4, 16)
81 : (16, 4)
82 : (4, 16)
83 : (16, 4)
84 : (12, 5)
85 : (5, 12)
86 : (3, 15)
87 : (15, 3)
88 : (12, 3)
89 : (3, 12)
90 : (15, 5)
91 : (5, 15)
94 : (0, 1)
95 : (1, 0)
98 : (0, 1)
99 : (1, 0)
*********************************************************
Gen : 23
0 : (13, 0)
1 : (0, 13)
2 : (13, 0)
3 : (0, 13)
6 : (11, 8)
7 : (8, 11)
10 : (5, 0)
11 : (0, 5)
12 : (14, 6)
13 : (6, 14)
16 : (9, 9)
17 : (9, 9)
18 : (9, 11)
19 : (11, 9)
22 : (6, 14)
23 : (14, 6)
24 : (5, 15)
25 : (15, 5)
26 : (8, 12)
27 : (12, 8)
28 : (9, 11)
29 : (11, 9)
30 : (9, 8)
31 : (8, 9)
38 : (3, 10)
39 : (10, 3)
40 : (5, 15)
41 : (15, 5)
44 : (3, 9)
45 : (9, 3)
46 : (8, 12)
47 : (12, 8)
48 : (6, 14)
49 : (14, 6)
52 : (2, 18)
53 : (18, 2)
54 : (8, 10)
55 : (10, 8)
58 : (7, 13)
59 : (13, 7)
60 : (9, 6)
61 : (6, 9)
64 : (4, 16)
65 : (16, 4)
66 : (11, 9)
67 : (9, 11)
68 : (8, 12)
69 : (12, 8)
70 : (2, 2)
71 : (2, 2)
74 : (4, 4)
75 : (4, 4)
76 : (4, 16)
77 : (16, 4)
78 : (7, 5)
79 : (5, 7)
80 : (6, 14)
81 : (14, 6)
82 : (9, 10)
83 : (10, 9)
84 : (7, 13)
85 : (13, 7)
90 : (5, 15)
91 : (15, 5)
96 : (6, 1)
97 : (1, 6)
98 : (4, 9)
99 : (9, 4)
*********************************************************
Gen : 24
0 : (6, 14)
1 : (14, 6)
6 : (1, 19)
7 : (19, 1)
10 : (6, 14)
11 : (14, 6)
12 : (18, 2)
13 : (2, 18)
14 : (0, 1)
15 : (1, 0)
16 : (3, 17)
17 : (17, 3)
18 : (5, 7)
19 : (7, 5)
20 : (8, 7)
21 : (7, 8)
24 : (1, 16)
25 : (16, 1)
30 : (1, 19)
31 : (19, 1)
32 : (18, 0)
33 : (0, 18)
34 : (3, 17)
35 : (17, 3)
36 : (0, 20)
37 : (20, 0)
38 : (3, 1)
39 : (1, 3)
40 : (8, 12)
41 : (12, 8)
42 : (7, 13)
43 : (13, 7)
46 : (4, 16)
47 : (16, 4)
50 : (0, 0)
51 : (0, 0)
52 : (15, 5)
53 : (5, 15)
56 : (11, 9)
57 : (9, 11)
58 : (9, 6)
59 : (6, 9)
60 : (10, 10)
61 : (10, 10)
62 : (13, 0)
63 : (0, 13)
64 : (5, 15)
65 : (15, 5)
66 : (7, 12)
67 : (12, 8)
68 : (12, 4)
69 : (4, 12)
72 : (4, 9)
73 : (9, 4)
74 : (16, 4)
75 : (4, 16)
76 : (5, 15)
77 : (15, 5)
78 : (6, 3)
79 : (3, 6)
80 : (3, 17)
81 : (17, 3)
82 : (5, 15)
83 : (15, 5)
84 : (15, 0)
85 : (0, 15)
86 : (4, 8)
87 : (8, 4)
92 : (17, 3)
93 : (3, 17)
94 : (1, 19)
95 : (19, 1)
96 : (13, 2)
97 : (2, 13)
98 : (16, 0)
99 : (0, 16)
*********************************************************
Gen : 25
0 : (11, 3)
1 : (3, 11)
2 : (15, 5)
3 : (5, 15)
6 : (9, 11)
7 : (11, 9)
8 : (7, 13)
9 : (13, 7)
10 : (9, 8)
11 : (8, 9)
12 : (4, 13)
13 : (13, 4)
14 : (10, 1)
15 : (1, 10)
16 : (3, 12)
17 : (12, 3)
20 : (8, 6)
21 : (6, 8)
22 : (1, 19)
23 : (19, 1)
24 : (9, 11)
25 : (11, 9)
30 : (4, 2)
31 : (2, 4)
36 : (2, 18)
37 : (18, 2)
42 : (1, 19)
43 : (19, 1)
44 : (6, 14)
45 : (14, 6)
46 : (8, 2)
47 : (2, 8)
50 : (9, 7)
51 : (7, 9)
52 : (9, 11)
53 : (11, 9)
56 : (5, 15)
57 : (15, 5)
58 : (10, 10)
59 : (10, 10)
60 : (2, 18)
61 : (18, 2)
62 : (14, 6)
63 : (6, 14)
64 : (1, 0)
65 : (0, 1)
66 : (12, 8)
67 : (8, 12)
70 : (9, 4)
71 : (4, 9)
72 : (6, 4)
73 : (4, 6)
76 : (9, 11)
77 : (11, 9)
78 : (9, 11)
79 : (11, 9)
82 : (9, 11)
83 : (11, 9)
84 : (8, 6)
85 : (6, 8)
86 : (13, 7)
87 : (7, 13)
90 : (0, 20)
91 : (20, 0)
92 : (3, 8)
93 : (8, 3)
94 : (7, 13)
95 : (13, 7)
98 : (10, 3)
99 : (3, 10)
*********************************************************
Gen : 26
0 : (9, 4)
1 : (4, 9)
2 : (8, 5)
3 : (5, 8)
4 : (11, 3)
5 : (3, 11)
8 : (10, 6)
9 : (6, 10)
10 : (5, 1)
11 : (1, 5)
12 : (7, 13)
13 : (13, 7)
14 : (9, 11)
15 : (11, 9)
18 : (19, 1)
19 : (1, 19)
22 : (13, 7)
23 : (7, 13)
28 : (9, 9)
29 : (9, 9)
30 : (7, 0)
31 : (0, 7)
32 : (1, 19)
33 : (19, 1)
34 : (8, 6)
35 : (6, 8)
36 : (4, 4)
37 : (4, 4)
38 : (7, 13)
39 : (13, 7)
40 : (6, 7)
41 : (7, 6)
42 : (10, 10)
43 : (10, 10)
44 : (1, 0)
45 : (0, 1)
46 : (3, 5)
47 : (5, 3)
48 : (11, 3)
49 : (3, 11)
50 : (4, 16)
51 : (16, 4)
58 : (16, 4)
59 : (4, 16)
60 : (10, 10)
61 : (10, 10)
62 : (11, 5)
63 : (5, 11)
64 : (5, 5)
65 : (5, 5)
66 : (2, 18)
67 : (18, 2)
68 : (16, 2)
69 : (2, 16)
70 : (9, 11)
71 : (11, 9)
80 : (8, 12)
81 : (12, 8)
82 : (12, 2)
83 : (2, 12)
88 : (5, 15)
89 : (15, 5)
92 : (6, 10)
93 : (10, 6)
94 : (1, 0)
95 : (0, 1)
96 : (10, 7)
97 : (7, 10)
*********************************************************
Gen : 27
0 : (3, 0)
1 : (0, 3)
2 : (8, 7)
3 : (7, 8)
8 : (10, 10)
9 : (10, 10)
10 : (11, 5)
11 : (5, 11)
18 : (16, 1)
19 : (1, 16)
20 : (13, 1)
21 : (1, 13)
24 : (10, 10)
25 : (10, 10)
28 : (5, 15)
29 : (15, 5)
30 : (11, 9)
31 : (9, 11)
34 : (14, 0)
35 : (0, 14)
38 : (5, 8)
39 : (8, 5)
46 : (3, 17)
47 : (17, 3)
48 : (11, 9)
49 : (9, 11)
52 : (10, 1)
53 : (1, 10)
54 : (6, 5)
55 : (5, 6)
56 : (9, 4)
57 : (4, 9)
58 : (13, 7)
59 : (7, 13)
60 : (7, 2)
61 : (2, 7)
62 : (8, 3)
63 : (3, 8)
64 : (1, 1)
65 : (1, 1)
66 : (13, 1)
67 : (1, 13)
68 : (3, 15)
69 : (15, 3)
72 : (20, 0)
73 : (0, 20)
74 : (4, 0)
75 : (0, 4)
78 : (6, 14)
79 : (14, 6)
80 : (11, 7)
81 : (7, 11)
82 : (3, 17)
83 : (17, 3)
86 : (4, 16)
87 : (16, 4)
90 : (11, 9)
91 : (9, 11)
92 : (11, 9)
93 : (9, 11)
94 : (0, 20)
95 : (20, 0)
*********************************************************
Gen : 28
2 : (13, 7)
3 : (7, 13)
4 : (6, 0)
5 : (0, 6)
6 : (4, 16)
7 : (16, 4)
8 : (6, 12)
9 : (12, 6)
10 : (13, 1)
11 : (1, 13)
12 : (20, 0)
13 : (0, 20)
16 : (12, 4)
17 : (4, 12)
20 : (8, 4)
21 : (4, 8)
22 : (11, 9)
23 : (9, 11)
24 : (7, 4)
25 : (4, 7)
26 : (12, 8)
27 : (8, 12)
28 : (20, 0)
29 : (0, 20)
30 : (1, 19)
31 : (19, 1)
32 : (8, 12)
33 : (12, 8)
38 : (6, 14)
39 : (14, 6)
42 : (3, 0)
43 : (0, 3)
44 : (12, 0)
45 : (0, 12)
46 : (15, 3)
47 : (3, 15)
48 : (12, 1)
49 : (1, 12)
54 : (1, 0)
55 : (0, 1)
56 : (6, 14)
57 : (14, 6)
60 : (4, 14)
61 : (14, 4)
62 : (16, 4)
63 : (4, 16)
64 : (10, 3)
65 : (3, 10)
68 : (1, 3)
69 : (3, 1)
72 : (6, 2)
73 : (2, 6)
74 : (4, 16)
75 : (16, 4)
76 : (5, 10)
77 : (10, 5)
78 : (8, 12)
79 : (12, 8)
80 : (13, 1)
81 : (1, 13)
82 : (6, 0)
83 : (0, 6)
84 : (20, 0)
85 : (0, 20)
86 : (5, 15)
87 : (15, 5)
94 : (13, 4)
95 : (4, 13)
96 : (13, 3)
97 : (3, 13)
98 : (15, 5)
99 : (5, 15)
*********************************************************
Gen : 29
2 : (8, 1)
3 : (1, 8)
6 : (5, 0)
7 : (0, 5)
8 : (6, 14)
9 : (14, 6)
12 : (6, 0)
13 : (0, 6)
14 : (11, 9)
15 : (9, 11)
16 : (10, 0)
17 : (0, 10)
18 : (12, 8)
19 : (8, 12)
20 : (0, 20)
21 : (20, 0)
22 : (7, 1)
23 : (1, 7)
24 : (8, 12)
25 : (12, 8)
30 : (6, 14)
31 : (14, 6)
32 : (3, 17)
33 : (17, 3)
34 : (20, 0)
35 : (0, 20)
36 : (8, 12)
37 : (12, 8)
38 : (4, 1)
39 : (1, 4)
40 : (4, 7)
41 : (7, 4)
42 : (9, 5)
43 : (5, 9)
48 : (12, 3)
49 : (3, 12)
50 : (2, 18)
51 : (18, 2)
52 : (18, 1)
53 : (1, 18)
58 : (0, 20)
59 : (20, 0)
62 : (6, 12)
63 : (12, 6)
64 : (2, 3)
65 : (3, 2)
66 : (12, 1)
67 : (1, 12)
72 : (7, 13)
73 : (13, 7)
74 : (12, 1)
75 : (1, 12)
76 : (20, 0)
77 : (0, 20)
78 : (13, 3)
79 : (3, 13)
80 : (10, 1)
81 : (1, 10)
82 : (10, 10)
83 : (10, 10)
84 : (5, 13)
85 : (13, 5)
86 : (9, 11)
87 : (11, 9)
88 : (8, 10)
89 : (10, 8)
90 : (12, 8)
91 : (8, 12)
92 : (19, 1)
93 : (1, 19)
94 : (11, 9)
95 : (9, 11)
96 : (14, 6)
97 : (6, 14)
98 : (9, 11)
99 : (11, 9)
*********************************************************
   	               entropy                	              diff             	       kills       
   	--------------------------------------	-------------------------------	-------------------
gen	min     	avg     	max   	min     	avg    	max    	min	avg  	max
0  	0       	0.599472	1.9419	0.769946	1.20725	1.7561 	2  	14.4 	20 
1  	0       	0.859607	2     	0.867048	1.3704 	2.02233	2  	15.08	20 
2  	0       	1.00555 	2     	0.953504	1.49667	2.02233	3  	16.18	20 
3  	0       	1.20053 	2     	1.02994 	1.54007	2.02233	5  	17.1 	20 
4  	0       	1.41945 	2     	1.19757 	1.59694	2.02233	9  	18.28	20 
5  	0       	1.36511 	2     	1.19757 	1.64438	2.02233	9  	17.22	20 
6  	0       	1.4549  	2     	1.19757 	1.66332	2.03204	10 	17.58	20 
7  	0       	1.566   	2     	1.19757 	1.67947	2.0431 	2  	16.6 	20 
8  	0       	1.46269 	2     	1.19757 	1.68983	2.0431 	2  	16.96	20 
9  	0       	1.48873 	2     	1.19757 	1.74824	2.0563 	2  	16.54	20 
10 	0       	1.36044 	2     	1.55736 	1.84747	2.06459	2  	15.86	20 
11 	0       	1.48271 	2     	1.58089 	1.85927	2.06459	2  	15.86	20 
12 	0       	1.49123 	2     	1.78149 	1.90061	2.09486	2  	16.04	20 
13 	0       	1.47109 	2     	1.8251  	1.92797	2.09486	2  	15.54	20 
14 	0       	1.5552  	2     	1.8251  	1.92035	2.09486	2  	15.94	20 
15 	0       	1.70752 	2     	1.80629 	1.93837	2.2372 	2  	15.72	20 
16 	0       	1.68074 	2     	1.8251  	1.96198	2.2372 	2  	15.16	20 
17 	0       	1.66454 	2     	1.8251  	2.00019	2.28538	2  	15.18	20 
18 	0       	1.75388 	2     	1.82974 	2.03752	2.28538	2  	15.24	20 
19 	0       	1.78728 	2     	1.82974 	2.09112	2.32607	0  	13.44	20 
20 	0       	1.82381 	2     	1.8408  	2.10903	2.32607	0  	12.6 	20 
21 	0       	1.90695 	2     	1.8408  	2.13118	2.32607	4  	14.74	20 
22 	0       	1.85552 	2     	1.8408  	2.22727	2.34   	2  	16.78	20 
23 	0       	1.85422 	2     	2.10592 	2.24833	2.34   	4  	17.42	20 
24 	0       	1.83909 	2     	2.10592 	2.26022	2.34   	1  	16.84	20 
25 	0.878994	1.80136 	2     	2.21422 	2.28425	2.34016	8  	16.5 	20 
26 	0       	1.61938 	2     	2.23785 	2.31137	2.38988	1  	16.62	20 
27 	0       	1.60921 	2     	2.23785 	2.32439	2.51945	8  	17.26	20 
28 	0       	1.73828 	2     	2.28538 	2.34593	2.51945	8  	17.6 	20 
29 	0       	1.61513 	2     	2.28538 	2.36625	2.52726	9  	17.96	20 