Gen : 0
0 : (4, 36, 0.0489, 767.0532, 1.0, 0.0326)
1 : (36, 4, 0.0, 373.2679, 8.25, 0.0229)
2 : (12, 28, 0.0058, 535.8965, 1.375, 0.0684)
3 : (28, 12, 0.0, 343.8232, 3.1111, 0.0165)
4 : (6, 35, 0.0, 571.0572, 1.0, 0.0511)
5 : (34, 6, 0.0025, 437.1168, 5.6667, 0.0159)
6 : (5, 38, 0.0, 296.2773, 1.0, 0.0734)
7 : (35, 5, 0.003, 363.7781, 6.6, 0.0224)
8 : (3, 38, 0.0133, 207.7752, 1.0, 0.0344)
9 : (37, 3, 0.0029, 389.7808, 9.3333, 0.0255)
10 : (7, 33, 0.0, 738.1597, 1.1667, 0.0591)
11 : (33, 7, 0.0041, 479.5611, 4.3333, 0.0221)
12 : (3, 37, 0.0, 439.9892, 1.0, 0.0329)
13 : (37, 3, 0.0, 386.7707, 10.3333, 0.0275)
14 : (6, 34, 0.0105, 542.267, 1.2, 0.0443)
15 : (34, 6, 0.0, 391.6863, 7.75, 0.0205)
16 : (3, 37, 0.0, 488.0055, 1.0, 0.0194)
17 : (37, 3, 0.0, 426.4715, 6.3333, 0.0169)
18 : (3, 37, 0.0, 546.6019, 1.0, 0.0306)
19 : (37, 3, 0.0, 322.1723, 10.6667, 0.027)
20 : (5, 35, 0.0, 688.1309, 1.25, 0.0318)
21 : (35, 5, 0.008, 432.4217, 8.25, 0.0203)
22 : (3, 37, 0.0, 736.3821, 1.0, 0.0156)
23 : (37, 3, 0.0, 406.7713, 10.0, 0.0186)
24 : (14, 26, 0.0, 580.1626, 1.2727, 0.0458)
25 : (26, 14, 0.0, 342.1932, 2.0, 0.0122)
26 : (7, 33, 0.0, 589.981, 1.0, 0.0321)
27 : (33, 7, 0.0, 440.6213, 4.4286, 0.0197)
28 : (4, 36, 0.0, 712.5815, 1.0, 0.022)
29 : (36, 4, 0.0, 275.5691, 5.75, 0.0159)
30 : (2, 8, 0.0206, 676.8626, 1.0, 0.0265)
31 : (8, 2, 0.0, 110.7296, 4.0, 0.0115)
32 : (2, 38, 0.0, 612.1819, 1.0, 0.0309)
33 : (38, 2, 0.0, 441.7137, 32.0, 0.0215)
34 : (7, 33, 0.0, 507.1652, 1.1667, 0.0304)
35 : (33, 8, 0.0, 359.6676, 6.4, 0.0284)
36 : (6, 34, 0.0, 710.7607, 1.2, 0.0776)
37 : (34, 6, 0.0038, 413.7852, 6.6, 0.0216)
38 : (8, 32, 0.0, 507.2914, 1.1429, 0.0756)
39 : (32, 8, 0.0, 298.6164, 3.3333, 0.0416)
40 : (3, 37, 0.0, 494.3126, 1.0, 0.0508)
41 : (37, 3, 0.0, 327.0829, 10.0, 0.0376)
42 : (8, 32, 0.0, 295.6585, 1.6, 0.0655)
43 : (32, 8, 0.0, 327.5811, 5.0, 0.0313)
44 : (5, 33, 0.0, 495.1802, 1.0, 0.0463)
45 : (33, 5, 0.004, 375.9166, 5.0, 0.0302)
46 : (5, 37, 0.0, 344.7551, 1.0, 0.067)
47 : (35, 5, 0.0, 375.3675, 8.75, 0.03)
48 : (7, 33, 0.0, 624.4025, 1.2, 0.042)
49 : (33, 7, 0.0055, 403.3335, 5.5, 0.0242)
50 : (3, 38, 0.0, 418.5845, 1.0, 0.0465)
51 : (37, 3, 0.0029, 384.8027, 9.0, 0.0264)
52 : (2, 39, 0.0118, 364.4689, 1.0, 0.059)
53 : (38, 2, 0.0, 377.7381, 8.5, 0.0351)
54 : (9, 31, 0.0, 493.876, 1.1429, 0.0702)
55 : (31, 9, 0.0035, 372.5818, 3.875, 0.0369)
56 : (3, 37, 0.0, 485.4323, 1.0, 0.0354)
57 : (37, 3, 0.0, 449.1181, 12.0, 0.0239)
58 : (3, 37, 0.0, 439.867, 1.0, 0.0295)
59 : (37, 3, 0.0055, 442.1972, 10.0, 0.0281)
60 : (8, 33, 0.0, 524.0452, 1.1429, 0.068)
61 : (32, 8, 0.0032, 431.9965, 4.8333, 0.0236)
62 : (5, 37, 0.0, 411.2194, 1.0, 0.0663)
63 : (35, 5, 0.0, 447.9537, 8.25, 0.0307)
64 : (6, 34, 0.0, 439.0515, 1.5, 0.0471)
65 : (34, 6, 0.0, 378.1861, 4.0, 0.0272)
66 : (7, 33, 0.0326, 640.2395, 1.4, 0.0258)
67 : (33, 7, 0.0, 233.2219, 5.2, 0.0342)
68 : (17, 23, 0.0, 582.39, 1.7, 0.0694)
69 : (23, 17, 0.0, 301.4213, 1.9, 0.0347)
70 : (7, 24, 0.0, 468.6287, 1.4, 0.0226)
71 : (24, 7, 0.0, 324.674, 3.0, 0.0247)
72 : (10, 11, 0.0113, 681.8564, 2.25, 0.0474)
73 : (11, 10, 0.0, 358.9575, 2.75, 0.0167)
74 : (11, 24, 0.0, 507.7635, 1.1, 0.0485)
75 : (24, 11, 0.0, 286.1207, 2.3, 0.0446)
76 : (7, 33, 0.051, 723.8465, 1.4, 0.0399)
77 : (33, 7, 0.0, 399.2439, 3.0, 0.0253)
78 : (5, 35, 0.0, 513.7583, 1.25, 0.062)
79 : (35, 5, 0.0, 396.5393, 8.0, 0.0228)
80 : (3, 37, 0.0, 575.4061, 1.0, 0.0612)
81 : (37, 3, 0.0038, 361.4759, 12.3333, 0.025)
82 : (3, 37, 0.0, 544.887, 1.0, 0.036)
83 : (37, 3, 0.0, 411.0007, 4.0, 0.0193)
84 : (2, 39, 0.0113, 465.3167, 1.0, 0.0451)
85 : (38, 2, 0.0029, 408.711, 5.0, 0.039)
86 : (6, 29, 0.0, 664.4103, 1.2, 0.035)
87 : (29, 6, 0.0034, 446.1879, 3.8, 0.0248)
88 : (2, 38, 0.0, 652.015, 1.0, 0.0333)
89 : (38, 2, 0.0, 322.2702, 17.0, 0.0287)
90 : (8, 32, 0.0, 622.3629, 1.1429, 0.0323)
91 : (32, 8, 0.0, 397.3387, 5.1667, 0.0239)
92 : (10, 30, 0.0, 391.0857, 1.4286, 0.033)
93 : (30, 10, 0.0032, 363.8837, 3.8333, 0.0324)
94 : (11, 29, 0.0098, 613.2305, 1.1, 0.0276)
95 : (29, 11, 0.003, 379.4032, 2.7, 0.0255)
96 : (18, 22, 0.0092, 687.9696, 1.8889, 0.049)
97 : (22, 18, 0.0, 431.424, 2.2, 0.0265)
98 : (13, 27, 0.0, 605.9745, 1.3, 0.0368)
99 : (27, 13, 0.0, 496.1701, 2.5, 0.025)
100 : (9, 31, 0.0, 617.7079, 1.125, 0.032)
101 : (31, 9, 0.0, 275.8886, 3.25, 0.03)
102 : (10, 30, 0.0109, 773.2219, 1.1111, 0.0319)
103 : (30, 10, 0.0, 405.6642, 2.8889, 0.0273)
104 : (7, 33, 0.0267, 781.9026, 1.1667, 0.033)
105 : (33, 7, 0.003, 352.4207, 4.6667, 0.0336)
106 : (19, 24, 0.0, 341.4832, 2.1111, 0.057)
107 : (21, 19, 0.0, 253.6955, 2.375, 0.0478)
108 : (16, 24, 0.0081, 542.0814, 1.1667, 0.0447)
109 : (24, 16, 0.0, 333.2898, 2.0, 0.0309)
110 : (4, 36, 0.0, 461.0729, 1.0, 0.0231)
111 : (36, 4, 0.0, 306.9273, 8.5, 0.0414)
112 : (5, 25, 0.0172, 604.3626, 1.6667, 0.0211)
113 : (25, 6, 0.0, 338.6613, 5.0, 0.0299)
114 : (2, 38, 0.0, 272.6118, 1.0, 0.0206)
115 : (38, 2, 0.0, 350.7493, 14.5, 0.0247)
116 : (2, 23, 0.0, 611.4754, 1.0, 0.0184)
117 : (23, 2, 0.0057, 382.4388, 3.5, 0.0232)
118 : (10, 30, 0.0, 552.9923, 1.125, 0.038)
119 : (30, 11, 0.0, 443.9181, 3.0, 0.0245)
120 : (6, 35, 0.0, 327.3526, 1.2, 0.0654)
121 : (34, 6, 0.0039, 401.8543, 4.6, 0.0279)
122 : (9, 36, 0.0, 359.0885, 1.5, 0.0645)
123 : (31, 10, 0.0, 370.9704, 5.0, 0.0191)
124 : (8, 33, 0.0, 539.8559, 1.0, 0.0398)
125 : (32, 8, 0.0, 394.1967, 2.875, 0.0253)
126 : (5, 38, 0.0, 354.0208, 1.0, 0.038)
127 : (35, 5, 0.0, 414.5443, 6.8, 0.0294)
128 : (11, 21, 0.0296, 626.3137, 1.375, 0.0325)
129 : (21, 11, 0.0, 300.3295, 2.5, 0.0207)
130 : (7, 33, 0.0266, 554.2382, 1.4, 0.0217)
131 : (33, 8, 0.0037, 361.6767, 3.8333, 0.0301)
132 : (10, 30, 0.0303, 578.5863, 1.1111, 0.0381)
133 : (30, 10, 0.0, 383.7532, 2.8889, 0.0308)
134 : (2, 39, 0.0, 575.1497, 1.0, 0.0434)
135 : (38, 2, 0.0, 339.7573, 18.5, 0.0243)
136 : (12, 29, 0.0, 503.4202, 1.5, 0.0463)
137 : (28, 12, 0.0056, 371.6237, 2.875, 0.0288)
138 : (8, 34, 0.0, 372.9965, 1.1429, 0.0346)
139 : (32, 8, 0.0, 310.2549, 3.8571, 0.0402)
140 : (5, 35, 0.0, 592.4319, 1.25, 0.0277)
141 : (35, 5, 0.0029, 392.025, 7.25, 0.033)
142 : (13, 27, 0.0077, 612.4554, 1.4444, 0.0283)
143 : (27, 13, 0.0, 294.4059, 2.875, 0.0342)
144 : (6, 34, 0.0, 871.5685, 1.2, 0.0266)
145 : (34, 6, 0.0, 338.8759, 6.6, 0.0271)
146 : (15, 20, 0.0, 769.1602, 2.5, 0.0617)
147 : (20, 15, 0.0, 359.5573, 3.8, 0.0216)
148 : (10, 30, 0.0, 659.7709, 1.4286, 0.0439)
149 : (30, 10, 0.0, 340.427, 3.8333, 0.0278)
150 : (8, 24, 0.0, 699.2053, 1.1429, 0.0354)
151 : (24, 8, 0.0062, 392.9007, 3.1429, 0.0215)
152 : (11, 29, 0.0092, 688.4139, 1.375, 0.0452)
153 : (29, 11, 0.0026, 389.1727, 3.0, 0.0286)
154 : (7, 33, 0.0302, 564.9377, 1.4, 0.0326)
155 : (33, 7, 0.0, 318.3727, 5.6, 0.0312)
156 : (4, 36, 0.0154, 515.8484, 1.0, 0.0261)
157 : (36, 4, 0.0, 331.078, 8.75, 0.0406)
158 : (6, 34, 0.0163, 609.895, 1.0, 0.0441)
159 : (34, 6, 0.0, 424.2071, 4.8333, 0.0178)
160 : (9, 31, 0.04, 765.1473, 1.0, 0.0389)
161 : (31, 9, 0.0106, 446.9793, 3.75, 0.0184)
162 : (6, 34, 0.0, 468.6138, 1.2, 0.0374)
163 : (34, 6, 0.0, 420.241, 4.4, 0.0195)
164 : (10, 30, 0.0, 625.2936, 1.2857, 0.0453)
165 : (30, 11, 0.0, 346.3786, 3.3333, 0.0172)
166 : (5, 35, 0.0, 507.991, 1.0, 0.0328)
167 : (35, 5, 0.0, 406.5203, 6.2, 0.024)
168 : (10, 30, 0.0239, 584.5051, 1.4286, 0.0292)
169 : (30, 10, 0.0044, 362.7458, 3.7143, 0.0376)
170 : (10, 30, 0.0366, 639.5136, 1.8, 0.0323)
171 : (30, 11, 0.0, 347.0223, 4.2857, 0.0414)
172 : (17, 23, 0.0071, 727.2554, 1.3333, 0.0407)
173 : (23, 17, 0.0124, 381.2989, 1.9167, 0.0242)
174 : (17, 12, 0.0133, 742.4835, 2.4, 0.0456)
175 : (12, 17, 0.0, 272.9167, 2.4, 0.0256)
176 : (23, 17, 0.0, 576.8867, 2.1111, 0.0335)
177 : (17, 24, 0.0, 288.5127, 1.7, 0.0325)
178 : (19, 19, 0.0057, 560.8167, 1.3077, 0.0288)
179 : (19, 19, 0.0, 300.0352, 1.4615, 0.0342)
180 : (17, 23, 0.0, 681.4739, 1.7778, 0.0342)
181 : (23, 17, 0.0, 381.8273, 2.3, 0.0257)
182 : (20, 20, 0.0, 463.7049, 1.7, 0.031)
183 : (20, 20, 0.0, 303.7567, 1.8182, 0.0263)
184 : (8, 32, 0.0279, 816.8462, 1.0, 0.034)
185 : (32, 8, 0.004, 548.4509, 3.7143, 0.0276)
186 : (9, 31, 0.0, 609.9191, 1.125, 0.0446)
187 : (31, 9, 0.0, 494.0314, 3.375, 0.0306)
188 : (10, 30, 0.0, 764.9381, 1.25, 0.0398)
189 : (30, 10, 0.0, 538.5671, 3.5, 0.0216)
190 : (7, 33, 0.0, 339.0175, 1.0, 0.042)
191 : (33, 7, 0.0, 440.1489, 5.0, 0.0338)
192 : (10, 30, 0.0112, 619.3525, 1.25, 0.0402)
193 : (30, 10, 0.0, 502.027, 3.125, 0.023)
194 : (15, 25, 0.0, 533.3088, 1.6667, 0.033)
195 : (25, 15, 0.0, 379.3318, 2.4444, 0.0246)
196 : (20, 20, 0.012, 797.692, 2.375, 0.0426)
197 : (20, 20, 0.0, 329.5038, 2.2222, 0.0301)
198 : (21, 19, 0.0, 580.5538, 2.2222, 0.0418)
199 : (19, 22, 0.0, 411.6821, 1.9, 0.0322)
200 : (3, 39, 0.0221, 469.5662, 1.0, 0.114)
201 : (37, 3, 0.0148, 688.088, 10.3333, 0.0336)
202 : (1, 40, 0.0, 779.6471, 1.0, 0.0321)
203 : (39, 2, 0.0145, 497.6537, 14.5, 0.0339)
204 : (3, 38, 0.0564, 811.6271, 1.0, 0.1311)
205 : (37, 8, 0.0079, 427.5007, 5.0, 0.0398)
206 : (2, 38, 0.0, 567.4238, 1.0, 0.0822)
207 : (38, 5, 0.0, 447.5617, 7.0, 0.0352)
208 : (0, 41, 0.0, 448.3729, 0.0, 0.0667)
209 : (40, 0, 0.0073, 554.9921, 0.0, 0.0445)
210 : (0, 40, 0.0, 639.0076, 0.0, 0.0401)
211 : (40, 3, 0.0, 372.8138, 12.6667, 0.0446)
212 : (1, 39, 0.0, 830.6165, 1.0, 0.0306)
213 : (39, 1, 0.0109, 543.7405, 9.0, 0.0548)
214 : (1, 39, 0.0, 338.211, 1.0, 0.0488)
215 : (39, 1, 0.0017, 469.5997, 17.0, 0.0417)
216 : (3, 37, 0.0, 576.4144, 1.0, 0.0667)
217 : (37, 5, 0.013, 502.2644, 7.0, 0.0406)
218 : (2, 40, 0.0305, 512.8207, 1.0, 0.0801)
219 : (38, 6, 0.0015, 449.054, 4.5, 0.0435)
220 : (3, 37, 0.0, 306.9019, 1.0, 0.0952)
221 : (37, 7, 0.0116, 521.0093, 9.0, 0.0499)
222 : (1, 40, 0.0, 522.1144, 1.0, 0.0441)
223 : (39, 3, 0.012, 608.6461, 4.3333, 0.043)
224 : (0, 40, 0.0, 1238.047, 0.0, 0.033)
225 : (40, 2, 0.0094, 434.709, 1.0, 0.0423)
226 : (0, 41, 0.0, 429.7487, 0.0, 0.1039)
227 : (40, 0, 0.0, 479.6881, 0.0, 0.0209)
228 : (2, 38, 0.0, 615.1031, 1.0, 0.1014)
229 : (38, 2, 0.0039, 549.925, 9.5, 0.0445)
230 : (1, 39, 0.0463, 1099.1006, 1.0, 0.1532)
231 : (39, 4, 0.0078, 545.2081, 10.0, 0.0427)
232 : (2, 38, 0.0, 776.9928, 1.0, 0.0855)
233 : (38, 2, 0.0131, 642.5293, 14.5, 0.0502)
234 : (1, 39, 0.0, 378.2493, 1.0, 0.0784)
235 : (39, 2, 0.0049, 479.1452, 18.5, 0.0439)
236 : (0, 40, 0.0, 132.7622, 0.0, 0.0482)
237 : (40, 0, 0.0022, 517.061, 0.0, 0.0343)
238 : (2, 38, 0.0401, 374.7771, 1.0, 0.119)
239 : (38, 2, 0.0066, 661.8243, 30.0, 0.0271)
240 : (0, 41, 0.0, 410.9804, 0.0, 0.0297)
241 : (40, 0, 0.0212, 685.3885, 0.0, 0.0361)
242 : (1, 39, 0.0, 626.2905, 1.0, 0.0755)
243 : (39, 1, 0.019, 653.2269, 26.0, 0.041)
244 : (1, 40, 0.0, 356.2356, 1.0, 0.1196)
245 : (39, 3, 0.0126, 513.6225, 10.3333, 0.0419)
246 : (6, 34, 0.0317, 533.9222, 2.0, 0.0804)
247 : (34, 6, 0.0171, 563.348, 9.6667, 0.0185)
248 : (3, 37, 0.0, 528.6166, 1.5, 0.0987)
249 : (37, 4, 0.0, 462.7295, 8.6667, 0.0224)
250 : (1, 39, 0.0, 526.0132, 1.0, 0.0724)
251 : (39, 1, 0.0085, 459.1115, 35.0, 0.0293)
252 : (3, 37, 0.0, 718.3313, 1.5, 0.1136)
253 : (37, 6, 0.0063, 514.8835, 6.0, 0.0498)
254 : (3, 37, 0.0, 285.9434, 1.0, 0.11)
255 : (37, 6, 0.0101, 468.238, 5.1667, 0.0484)
256 : (2, 38, 0.0355, 453.671, 1.0, 0.1031)
257 : (38, 3, 0.013, 449.1166, 9.3333, 0.0453)
258 : (3, 37, 0.0, 344.231, 1.0, 0.0875)
259 : (37, 6, 0.0029, 395.3416, 6.0, 0.0519)
260 : (0, 41, 0.0, 476.6167, 0.0, 0.0773)
261 : (40, 5, 0.0078, 427.1824, 6.8, 0.0485)
262 : (7, 34, 0.0, 387.2267, 1.1667, 0.0731)
263 : (33, 7, 0.0, 382.9063, 5.0, 0.0352)
264 : (4, 38, 0.0, 551.7099, 1.3333, 0.0956)
265 : (36, 4, 0.0, 577.0927, 9.0, 0.0255)
266 : (8, 34, 0.0, 374.2285, 1.3333, 0.0959)
267 : (32, 8, 0.0191, 641.3997, 4.6667, 0.023)
268 : (6, 35, 0.0, 435.5701, 1.2, 0.0707)
269 : (34, 6, 0.0027, 609.3763, 5.0, 0.0267)
270 : (6, 34, 0.0356, 517.4291, 1.2, 0.0918)
271 : (34, 6, 0.0076, 580.7245, 3.2, 0.0346)
272 : (3, 37, 0.0, 527.749, 1.0, 0.1063)
273 : (37, 3, 0.0077, 540.5908, 4.3333, 0.0218)
274 : (0, 40, 0.0, 537.4528, 0.0, 0.0625)
275 : (40, 0, 0.0043, 539.416, 0.0, 0.0224)
276 : (6, 34, 0.0486, 521.756, 1.2, 0.1335)
277 : (34, 6, 0.0113, 539.976, 4.4, 0.0276)
278 : (5, 35, 0.0056, 587.0488, 1.0, 0.1102)
279 : (35, 5, 0.0162, 658.6569, 6.0, 0.0235)
280 : (2, 39, 0.0081, 538.1221, 1.0, 0.0661)
281 : (38, 2, 0.0, 553.6971, 16.0, 0.026)
282 : (2, 38, 0.112, 813.8454, 1.0, 0.0913)
283 : (38, 2, 0.0126, 614.2307, 12.0, 0.0269)
284 : (3, 37, 0.0088, 373.2381, 1.0, 0.09)
285 : (37, 3, 0.0104, 583.5881, 5.6667, 0.026)
286 : (3, 37, 0.0136, 430.1685, 1.5, 0.0896)
287 : (37, 3, 0.0124, 666.8296, 10.5, 0.0285)
288 : (5, 35, 0.0397, 678.2584, 1.0, 0.1071)
289 : (35, 5, 0.0211, 594.7783, 6.8, 0.0232)
290 : (5, 37, 0.0217, 665.8674, 1.0, 0.1311)
291 : (35, 5, 0.0153, 484.7968, 7.0, 0.0205)
292 : (1, 40, 0.0871, 725.4439, 1.0, 0.0976)
293 : (39, 1, 0.0036, 482.8212, 26.0, 0.0325)
294 : (4, 36, 0.0, 556.7059, 1.0, 0.1558)
295 : (36, 4, 0.0075, 568.8019, 8.75, 0.0268)
296 : (1, 40, 0.0117, 578.9162, 1.0, 0.047)
297 : (39, 1, 0.0139, 628.2045, 24.0, 0.0212)
298 : (3, 37, 0.0, 445.1068, 1.0, 0.0701)
299 : (37, 3, 0.022, 623.7289, 9.6667, 0.0196)
300 : (12, 29, 0.0, 408.471, 1.3333, 0.1183)
301 : (28, 12, 0.0405, 658.3877, 2.7778, 0.0184)
302 : (1, 39, 0.0586, 958.876, 1.0, 0.0636)
303 : (39, 1, 0.0024, 530.6668, 31.0, 0.0218)
304 : (1, 40, 0.0, 640.3209, 1.0, 0.0726)
305 : (39, 2, 0.0113, 581.9794, 1.0, 0.0413)
306 : (3, 37, 0.0, 598.8833, 1.5, 0.0978)
307 : (37, 3, 0.0148, 545.6974, 10.5, 0.0386)
308 : (7, 33, 0.0, 519.7287, 1.0, 0.1023)
309 : (33, 9, 0.0038, 489.8811, 3.7143, 0.0228)
310 : (3, 37, 0.0073, 656.2742, 1.0, 0.1099)
311 : (37, 5, 0.0097, 423.5072, 6.4, 0.073)
312 : (0, 40, 0.0, 870.4121, 0.0, 0.0429)
313 : (40, 3, 0.0095, 542.3543, 17.0, 0.0496)
314 : (10, 30, 0.0, 659.6514, 1.25, 0.153)
315 : (30, 12, 0.0118, 499.4532, 2.8, 0.039)
316 : (8, 32, 0.0, 615.0343, 1.0, 0.153)
317 : (32, 8, 0.0049, 488.7604, 4.5714, 0.0495)
318 : (8, 33, 0.0201, 607.7819, 1.6, 0.1301)
319 : (32, 8, 0.0146, 614.2059, 6.2, 0.0319)
320 : (15, 28, 0.0032, 669.2029, 1.3636, 0.1)
321 : (25, 15, 0.0102, 534.1054, 2.4, 0.0226)
322 : (2, 39, 0.0, 411.8038, 1.0, 0.042)
323 : (38, 2, 0.0124, 576.5947, 15.0, 0.0209)
324 : (11, 29, 0.0, 755.0707, 1.375, 0.0743)
325 : (29, 11, 0.0098, 556.4924, 3.125, 0.0158)
326 : (15, 25, 0.0, 613.5096, 1.5556, 0.1166)
327 : (25, 15, 0.0, 297.853, 2.5, 0.0134)
328 : (5, 37, 0.0619, 703.1676, 1.0, 0.0805)
329 : (35, 8, 0.0036, 466.8011, 3.8571, 0.042)
330 : (6, 35, 0.0226, 391.7153, 1.2, 0.1029)
331 : (34, 6, 0.0079, 494.7617, 8.25, 0.0294)
332 : (4, 38, 0.0221, 479.353, 1.0, 0.1205)
333 : (36, 4, 0.0, 324.6996, 7.75, 0.0337)
334 : (9, 33, 0.037, 886.3151, 1.0, 0.0973)
335 : (31, 10, 0.0043, 432.3118, 2.4444, 0.0124)
336 : (8, 32, 0.0, 788.0963, 1.0, 0.0703)
337 : (32, 8, 0.0058, 485.2629, 4.0, 0.0181)
338 : (19, 23, 0.0058, 472.2923, 2.0, 0.1162)
339 : (21, 19, 0.0, 274.1921, 2.3333, 0.0251)
340 : (19, 22, 0.0071, 505.3271, 2.0, 0.0965)
341 : (21, 19, 0.0, 334.7127, 2.1, 0.0228)
342 : (7, 35, 0.0259, 500.817, 1.1667, 0.1029)
343 : (33, 7, 0.0224, 756.4905, 5.0, 0.0232)
344 : (15, 30, 0.011, 556.6284, 1.3636, 0.269)
345 : (25, 15, 0.0, 317.7496, 2.1, 0.0056)
346 : (11, 29, 0.0056, 624.8432, 1.1111, 0.0848)
347 : (29, 11, 0.0096, 655.149, 2.9, 0.0203)
348 : (5, 36, 0.0134, 658.6563, 1.0, 0.1093)
349 : (35, 7, 0.0, 525.3579, 4.8571, 0.0278)
350 : (15, 25, 0.0322, 772.2619, 1.625, 0.0759)
351 : (25, 15, 0.0, 674.3989, 2.7778, 0.0358)
352 : (18, 23, 0.0224, 618.0249, 1.6364, 0.0985)
353 : (22, 18, 0.0223, 589.1382, 2.2222, 0.0308)
354 : (2, 38, 0.0, 457.6763, 1.0, 0.0974)
355 : (38, 2, 0.0074, 476.5295, 17.0, 0.0309)
356 : (14, 27, 0.0143, 792.101, 1.3, 0.1093)
357 : (26, 14, 0.0, 527.7932, 2.3636, 0.0181)
358 : (20, 21, 0.0, 507.0613, 1.5833, 0.1256)
359 : (20, 21, 0.0, 273.6617, 1.5385, 0.012)
360 : (20, 21, 0.0, 578.2345, 2.0, 0.1037)
361 : (20, 20, 0.0134, 348.984, 1.9, 0.0102)
362 : (9, 17, 0.0092, 244.5338, 1.5, 0.0394)
363 : (15, 9, 0.0, 414.1487, 2.4, 0.0281)
364 : (3, 8, 0.032, 267.2393, 1.5, 0.0165)
365 : (6, 3, 0.0, 407.1916, 1.0, 0.0132)
366 : (6, 20, 0.0218, 197.3187, 1.2, 0.0318)
367 : (19, 6, 0.0, 299.639, 3.4, 0.033)
368 : (12, 31, 0.0215, 431.281, 1.2, 0.1013)
369 : (28, 13, 0.0, 405.5454, 2.6, 0.0412)
370 : (19, 22, 0.0253, 455.3319, 1.6, 0.104)
371 : (21, 19, 0.0, 384.8712, 1.9091, 0.0324)
372 : (16, 28, 0.0089, 521.6865, 1.4, 0.0842)
373 : (24, 16, 0.0, 332.5927, 2.6667, 0.0169)
374 : (9, 32, 0.0385, 735.4473, 1.2857, 0.1335)
375 : (31, 9, 0.0, 564.1713, 2.6667, 0.0505)
376 : (4, 36, 0.0, 799.4197, 1.0, 0.0674)
377 : (36, 4, 0.0079, 631.0569, 8.5, 0.0199)
378 : (11, 30, 0.0, 574.1233, 1.4286, 0.1237)
379 : (29, 11, 0.0028, 468.1348, 3.625, 0.0215)
380 : (10, 31, 0.0345, 618.166, 1.4286, 0.0595)
381 : (30, 10, 0.0, 483.986, 4.0, 0.0241)
382 : (15, 25, 0.0273, 689.7478, 1.3636, 0.1004)
383 : (25, 15, 0.0, 590.3724, 2.1818, 0.0317)
384 : (22, 19, 0.025, 592.597, 2.0, 0.1107)
385 : (18, 22, 0.0, 292.1343, 1.4545, 0.0217)
386 : (21, 20, 0.0076, 478.6609, 2.0, 0.1125)
387 : (19, 21, 0.0, 319.9885, 1.7273, 0.0143)
388 : (19, 24, 0.0, 430.2262, 1.6364, 0.0705)
389 : (21, 20, 0.0, 414.455, 1.75, 0.0185)
390 : (16, 33, 0.021, 559.288, 1.3636, 0.2389)
391 : (24, 16, 0.0, 468.4923, 2.1818, 0.0112)
392 : (14, 26, 0.0124, 510.7867, 1.5556, 0.1269)
393 : (26, 14, 0.0, 286.5293, 2.5556, 0.0293)
394 : (18, 23, 0.0319, 551.1589, 1.3077, 0.0674)
395 : (22, 18, 0.0036, 297.5153, 1.5714, 0.0121)
396 : (16, 26, 0.0113, 584.1639, 1.5556, 0.1118)
397 : (24, 16, 0.0, 266.686, 2.4, 0.0115)
398 : (18, 24, 0.0, 555.5704, 1.2308, 0.1007)
399 : (22, 18, 0.0037, 340.7803, 1.8333, 0.0108)
400 : (3, 9, 0.0, 275.4959, 1.0, 0.0556)
401 : (9, 62, 0.2285, 141.0293, 1.2857, 0.456)
402 : (3, 37, 0.0239, 770.6932, 1.5, 0.0287)
403 : (37, 40, 0.0111, 298.3049, 1.5652, 0.2432)
404 : (5, 35, 0.0244, 1090.9562, 1.0, 0.0217)
405 : (35, 35, 0.0012, 433.6145, 2.125, 0.2093)
406 : (0, 40, 0.0, 174.4872, 0.0, 0.0543)
407 : (40, 2, 0.0127, 278.6515, 11.0, 0.0483)
408 : (2, 38, 0.0369, 579.5999, 1.0, 0.0139)
409 : (38, 23, 0.0933, 539.2824, 2.5, 0.2262)
410 : (0, 40, 0.0, 348.7062, 0.0, 0.0904)
411 : (40, 1, 0.0873, 287.8674, 10.0, 0.0262)
412 : (2, 38, 0.0, 363.2343, 1.0, 0.0526)
413 : (38, 2, 0.0422, 456.2313, 18.5, 0.0398)
414 : (1, 39, 0.0, 354.5664, 1.0, 0.0176)
415 : (39, 4, 0.0055, 411.6358, 9.5, 0.0349)
416 : (1, 41, 0.0696, 695.1423, 1.0, 0.2881)
417 : (39, 3, 0.0194, 447.629, 1.0, 0.0378)
418 : (2, 38, 0.0, 449.8582, 1.0, 0.0148)
419 : (38, 3, 0.0103, 393.3265, 10.6667, 0.0423)
420 : (3, 37, 0.0, 617.5065, 1.5, 0.0193)
421 : (37, 13, 0.0056, 385.972, 4.0, 0.0449)
422 : (7, 33, 0.0, 560.987, 1.0, 0.0417)
423 : (33, 8, 0.0715, 483.3426, 4.125, 0.0355)
424 : (8, 32, 0.0234, 469.3662, 1.0, 0.0406)
425 : (32, 9, 0.0679, 478.6917, 3.1111, 0.0297)
426 : (4, 36, 0.0163, 562.4016, 1.3333, 0.0233)
427 : (36, 8, 0.0728, 460.9085, 5.0, 0.033)
428 : (4, 36, 0.0, 598.3705, 1.0, 0.0226)
429 : (36, 4, 0.0488, 469.6976, 6.0, 0.0319)
430 : (1, 40, 0.0, 599.5458, 1.0, 0.0112)
431 : (39, 1, 0.0034, 385.3871, 20.0, 0.0363)
432 : (1, 39, 0.0, 161.6988, 1.0, 0.0163)
433 : (39, 1, 0.0186, 597.3308, 16.0, 0.0292)
434 : (1, 39, 0.0, 360.8594, 1.0, 0.0205)
435 : (39, 3, 0.0187, 485.62, 3.3333, 0.0316)
436 : (3, 37, 0.0, 495.1889, 1.5, 0.0279)
437 : (37, 9, 0.0, 392.0531, 5.1429, 0.025)
438 : (5, 35, 0.0, 531.5337, 1.0, 0.0223)
439 : (35, 7, 0.0033, 501.8217, 4.7143, 0.0338)
440 : (2, 39, 0.0488, 709.9523, 1.0, 0.3)
441 : (38, 3, 0.0022, 410.1243, 11.6667, 0.0329)
442 : (8, 32, 0.0117, 403.0302, 1.0, 0.0262)
443 : (32, 9, 0.0439, 423.7341, 3.4444, 0.025)
444 : (3, 37, 0.0, 346.584, 1.0, 0.0374)
445 : (37, 5, 0.0, 342.0869, 5.2, 0.0237)
446 : (2, 38, 0.0, 500.2056, 1.0, 0.029)
447 : (38, 7, 0.0, 368.913, 5.8333, 0.0247)
448 : (3, 37, 0.0, 560.006, 1.0, 0.0285)
449 : (37, 9, 0.0, 322.6213, 5.0, 0.0317)
450 : (12, 28, 0.0434, 686.1247, 1.3333, 0.0243)
451 : (28, 17, 0.0, 283.6714, 2.3636, 0.0488)
452 : (5, 35, 0.0209, 577.3553, 1.5, 0.0172)
453 : (35, 16, 0.0, 321.7128, 3.5, 0.0634)
454 : (10, 30, 0.0336, 738.9695, 1.25, 0.0352)
455 : (30, 13, 0.0047, 330.7293, 3.0, 0.0341)
456 : (14, 27, 0.0079, 508.4556, 1.5, 0.0422)
457 : (26, 16, 0.0, 381.1534, 2.6, 0.0796)
458 : (14, 27, 0.0, 199.1486, 1.4, 0.0618)
459 : (26, 21, 0.04, 196.7747, 1.6923, 0.0481)
460 : (6, 34, 0.014, 777.664, 1.2, 0.0182)
461 : (34, 6, 0.0, 357.8893, 8.25, 0.0246)
462 : (8, 33, 0.0246, 588.8819, 1.3333, 0.0382)
463 : (32, 9, 0.0873, 283.5934, 3.8, 0.0257)
464 : (4, 36, 0.0135, 761.1425, 1.0, 0.0215)
465 : (36, 4, 0.111, 351.2843, 5.75, 0.019)
466 : (7, 36, 0.0204, 349.7751, 1.1667, 0.0498)
467 : (33, 8, 0.0926, 342.8488, 5.1667, 0.0189)
468 : (2, 38, 0.022, 535.4922, 1.0, 0.0192)
469 : (38, 2, 0.0043, 380.4643, 11.5, 0.0516)
470 : (4, 37, 0.0113, 471.2689, 1.3333, 0.0406)
471 : (36, 7, 0.0066, 400.5336, 5.8333, 0.0288)
472 : (13, 28, 0.0, 373.6959, 1.8571, 0.0369)
473 : (27, 14, 0.0653, 146.089, 3.7143, 0.0271)
474 : (12, 28, 0.0505, 598.2745, 1.0909, 0.0398)
475 : (28, 20, 0.0, 252.33, 2.0, 0.064)
476 : (7, 33, 0.0, 493.4236, 1.1667, 0.0286)
477 : (33, 11, 0.0, 326.9379, 3.875, 0.059)
478 : (10, 30, 0.0215, 653.0977, 1.4286, 0.0316)
479 : (30, 17, 0.0, 290.1235, 2.2727, 0.0271)
480 : (14, 26, 0.0, 495.3326, 1.4, 0.0263)
481 : (26, 16, 0.0639, 183.6669, 2.5, 0.01)
482 : (10, 32, 0.0042, 359.833, 1.1111, 0.0515)
483 : (30, 14, 0.0594, 247.7026, 3.2222, 0.0436)
484 : (11, 29, 0.0163, 479.5582, 1.5714, 0.038)
485 : (29, 11, 0.0, 496.8002, 2.5714, 0.0284)
486 : (3, 37, 0.0, 285.8753, 1.0, 0.0093)
487 : (37, 3, 0.0, 358.7062, 6.3333, 0.0476)
488 : (16, 24, 0.014, 546.1453, 1.6, 0.0324)
489 : (24, 19, 0.0536, 138.4453, 2.0909, 0.015)
490 : (12, 22, 0.0143, 483.5627, 1.3333, 0.0223)
491 : (22, 17, 0.0337, 123.3733, 1.75, 0.0146)
492 : (8, 27, 0.0084, 384.0847, 1.4, 0.0247)
493 : (26, 11, 0.0577, 130.7878, 3.7143, 0.0113)
494 : (8, 33, 0.0, 696.7452, 1.6, 0.0913)
495 : (32, 16, 0.0, 301.8043, 3.2222, 0.0629)
496 : (4, 36, 0.0, 856.7269, 1.0, 0.0455)
497 : (36, 12, 0.0, 286.928, 4.375, 0.0747)
498 : (5, 35, 0.0, 516.2253, 1.0, 0.0667)
499 : (35, 13, 0.0, 295.5714, 2.8333, 0.0874)
500 : (5, 37, 0.0, 532.7072, 1.0, 0.0979)
501 : (35, 9, 0.0, 314.3161, 3.6667, 0.084)
502 : (8, 32, 0.0122, 682.2823, 1.0, 0.1132)
503 : (32, 14, 0.0019, 349.0865, 2.4545, 0.0724)
504 : (15, 26, 0.0, 510.5852, 1.25, 0.0504)
505 : (25, 17, 0.0113, 580.1997, 2.7778, 0.0356)
506 : (10, 32, 0.0, 416.9517, 1.1111, 0.0751)
507 : (30, 11, 0.0021, 289.1346, 2.9, 0.0192)
508 : (8, 30, 0.0, 311.1639, 1.3333, 0.0572)
509 : (27, 11, 0.0023, 224.7266, 3.8571, 0.0223)
510 : (10, 30, 0.0, 334.6767, 1.4286, 0.0553)
511 : (30, 14, 0.0, 298.4203, 2.4545, 0.044)
512 : (5, 32, 0.0, 289.5282, 1.25, 0.0223)
513 : (32, 5, 0.0476, 326.5061, 5.75, 0.0194)
514 : (7, 28, 0.0, 165.9741, 1.1667, 0.0293)
515 : (28, 7, 0.0134, 290.6944, 3.8333, 0.0271)
516 : (5, 36, 0.0086, 417.2383, 1.25, 0.0308)
517 : (35, 5, 0.0273, 178.7266, 8.25, 0.0141)
518 : (15, 25, 0.0067, 510.5632, 1.6667, 0.0382)
519 : (25, 17, 0.0614, 171.1547, 2.1111, 0.0133)
520 : (9, 31, 0.0, 551.8366, 1.0, 0.0247)
521 : (31, 10, 0.0524, 151.2692, 3.75, 0.013)
522 : (35, 5, 0.004, 502.0655, 6.0, 0.0253)
523 : (5, 35, 0.0, 143.6963, 1.0, 0.0097)
524 : (30, 10, 0.0255, 632.5839, 5.6, 0.0234)
525 : (10, 30, 0.0, 71.833, 2.0, 0.0162)
526 : (12, 2, 0.0, 547.5674, 4.0, 0.0232)
527 : (2, 12, 0.0977, 206.7454, 1.0, 0.0036)
528 : (11, 29, 0.0248, 530.012, 1.8333, 0.046)
529 : (29, 13, 0.0585, 342.0974, 3.5714, 0.0443)
530 : (11, 29, 0.0, 516.6779, 1.375, 0.0339)
531 : (29, 20, 0.0, 237.7724, 2.1538, 0.0938)
532 : (2, 6, 0.0366, 688.3631, 1.0, 0.012)
533 : (6, 2, 0.0508, 159.1664, 2.0, 0.0075)
534 : (26, 14, 0.0315, 571.0063, 2.2, 0.0208)
535 : (14, 26, 0.0431, 615.9852, 1.2727, 0.0318)
536 : (10, 30, 0.0, 359.2113, 1.4286, 0.0161)
537 : (29, 10, 0.0664, 146.5532, 3.5, 0.0137)
538 : (9, 30, 0.0146, 408.5152, 1.2, 0.02)
539 : (29, 9, 0.034, 152.8615, 4.8333, 0.0207)
540 : (8, 18, 0.0, 547.5723, 1.3333, 0.0461)
541 : (18, 8, 0.009, 66.458, 2.5, 0.0111)
542 : (17, 25, 0.0178, 415.6058, 1.4167, 0.0341)
543 : (23, 18, 0.0247, 110.7454, 2.0, 0.0231)
544 : (18, 24, 0.0129, 453.7484, 2.0, 0.0368)
545 : (22, 18, 0.0152, 137.2271, 3.0, 0.0138)
546 : (7, 33, 0.0266, 529.9689, 1.0, 0.0295)
547 : (33, 10, 0.0, 339.4366, 3.2222, 0.0443)
548 : (10, 30, 0.0, 672.5801, 1.1111, 0.0502)
549 : (30, 12, 0.0066, 413.1166, 2.6364, 0.031)
550 : (14, 26, 0.015, 476.3663, 1.1667, 0.0684)
551 : (26, 17, 0.0507, 425.1902, 1.8333, 0.0391)
552 : (11, 30, 0.0117, 488.3727, 1.4286, 0.0272)
553 : (29, 13, 0.0889, 164.3259, 3.625, 0.0094)
554 : (3, 37, 0.0, 516.6845, 1.0, 0.0188)
555 : (37, 5, 0.0375, 167.428, 5.6, 0.0199)
556 : (10, 30, 0.0, 441.6601, 1.8, 0.0262)
557 : (30, 11, 0.0865, 182.7071, 4.2857, 0.0147)
558 : (14, 26, 0.0161, 495.6035, 1.4, 0.0529)
559 : (26, 15, 0.09, 181.7697, 2.4, 0.0161)
560 : (8, 32, 0.0, 442.891, 1.1429, 0.0323)
561 : (32, 12, 0.0154, 375.1581, 2.8, 0.0454)
562 : (12, 29, 0.0, 344.4528, 1.5714, 0.0559)
563 : (28, 12, 0.0414, 132.7175, 3.5, 0.0208)
564 : (9, 12, 0.0447, 739.7631, 1.3333, 0.0256)
565 : (12, 9, 0.0, 231.8318, 1.7143, 0.013)
566 : (17, 23, 0.0059, 574.5975, 1.5455, 0.0673)
567 : (23, 17, 0.0071, 460.6181, 2.0, 0.0567)
568 : (15, 25, 0.0, 238.5912, 1.5, 0.0397)
569 : (25, 17, 0.0086, 255.8252, 2.0909, 0.0269)
570 : (8, 25, 0.0, 243.5971, 1.0, 0.0287)
571 : (25, 11, 0.0, 227.3409, 2.5, 0.0291)
572 : (10, 30, 0.009, 388.0301, 1.125, 0.0216)
573 : (30, 11, 0.024, 114.9692, 3.3333, 0.0273)
574 : (14, 27, 0.0, 342.6882, 1.3, 0.0388)
575 : (26, 15, 0.0401, 139.1049, 2.3636, 0.0253)
576 : (17, 21, 0.0, 270.997, 1.3636, 0.0402)
577 : (17, 17, 0.0504, 126.1696, 1.4167, 0.0162)
578 : (28, 12, 0.032, 658.7508, 3.5714, 0.0345)
579 : (12, 29, 0.0178, 355.8518, 1.7143, 0.0528)
580 : (31, 9, 0.0, 583.2084, 3.75, 0.0235)
581 : (9, 31, 0.0, 507.0909, 1.125, 0.0308)
582 : (29, 11, 0.0204, 626.7648, 3.375, 0.035)
583 : (11, 30, 0.0, 343.5265, 1.375, 0.0452)
584 : (21, 19, 0.0239, 560.171, 1.9091, 0.027)
585 : (19, 24, 0.0652, 435.079, 1.6364, 0.0417)
586 : (18, 22, 0.007, 542.3242, 1.8, 0.0255)
587 : (22, 18, 0.0425, 433.316, 1.8, 0.04)
588 : (26, 13, 0.0044, 450.9218, 2.6, 0.0331)
589 : (13, 27, 0.0293, 58.9254, 1.2, 0.0131)
590 : (26, 14, 0.0133, 649.0376, 2.5556, 0.025)
591 : (14, 26, 0.0, 525.557, 1.4, 0.0295)
592 : (7, 4, 0.0122, 515.0157, 1.0, 0.0278)
593 : (4, 9, 0.0, 45.142, 2.0, 0.0111)
594 : (13, 18, 0.0143, 495.9833, 1.2222, 0.0249)
595 : (18, 14, 0.0613, 82.8771, 2.0, 0.0086)
596 : (19, 21, 0.0108, 492.1691, 1.8, 0.0501)
597 : (21, 22, 0.0395, 328.6256, 1.9091, 0.0571)
598 : (10, 32, 0.0061, 397.9032, 1.1111, 0.0341)
599 : (30, 12, 0.0705, 180.3155, 2.6364, 0.014)
600 : (3, 2, 0.0, 74.3358, 1.5, 0.0256)
601 : (2, 12, 0.0, 124.0771, 1.0, 0.0458)
602 : (0, 2, 0.0, 65.0009, 0.0, 0.0114)
603 : (2, 7, 0.0, 114.8556, 1.0, 0.0616)
604 : (6, 0, 0.0, 120.4105, 0.0, 0.032)
605 : (0, 14, 0.0, 156.593, 0.0, 0.042)
606 : (2, 7, 0.0, 58.8507, 1.0, 0.0125)
607 : (7, 12, 0.0, 120.896, 1.5, 0.0533)
608 : (1, 3, 0.0, 136.0189, 1.0, 0.0074)
609 : (3, 14, 0.0034, 172.3696, 1.0, 0.0574)
610 : (2, 8, 0.0, 146.8213, 1.0, 0.0135)
611 : (8, 11, 0.0, 153.2356, 2.0, 0.0678)
612 : (1, 6, 0.0, 353.2912, 1.0, 0.0159)
613 : (6, 13, 0.0, 148.7731, 1.0, 0.0481)
614 : (2, 5, 0.0, 204.1822, 1.0, 0.0263)
615 : (5, 9, 0.0, 141.0989, 1.3333, 0.0633)
616 : (0, 4, 0.0, 328.2758, 0.0, 0.0053)
617 : (4, 7, 0.0, 97.7359, 1.3333, 0.0607)
618 : (2, 3, 0.0, 137.8284, 2.0, 0.0135)
619 : (3, 9, 0.0, 180.377, 1.5, 0.0454)
620 : (3, 4, 0.0, 85.184, 1.5, 0.0149)
621 : (4, 14, 0.0, 135.404, 1.0, 0.0556)
622 : (2, 3, 0.0, 124.2875, 1.0, 0.0165)
623 : (3, 16, 0.0, 144.5626, 1.0, 0.0489)
624 : (1, 1, 0.0, 78.4178, 0.0, 0.0175)
625 : (1, 4, 0.0, 195.8599, 1.0, 0.0291)
626 : (0, 1, 0.0, 270.6896, 0.0, 0.0126)
627 : (1, 7, 0.0, 168.094, 1.0, 0.0308)
628 : (2, 38, 0.0, 257.3666, 1.0, 0.0262)
629 : (38, 22, 0.0256, 468.6794, 2.1875, 0.5271)
630 : (0, 40, 0.0, 791.2804, 0.0, 0.0026)
631 : (40, 18, 0.0, 406.5092, 3.0833, 0.5035)
632 : (5, 35, 0.0, 369.8038, 1.0, 0.0504)
633 : (35, 5, 0.0, 284.868, 6.4, 0.0213)
634 : (2, 38, 0.0, 647.2836, 1.0, 0.0311)
635 : (38, 2, 0.0, 272.6299, 17.5, 0.026)
636 : (4, 39, 0.0, 275.4207, 1.0, 0.1115)
637 : (36, 4, 0.0, 303.9961, 8.5, 0.0312)
638 : (5, 35, 0.0, 434.1949, 1.0, 0.1)
639 : (35, 5, 0.0, 323.7442, 6.4, 0.0352)
640 : (18, 21, 0.0, 485.7719, 1.5, 0.1236)
641 : (18, 18, 0.0, 270.9998, 1.3636, 0.0173)
642 : (8, 32, 0.0, 260.512, 1.1667, 0.0474)
643 : (32, 8, 0.0, 341.4459, 4.5714, 0.0565)
644 : (6, 22, 0.0, 1228.2013, 1.0, 0.0627)
645 : (22, 9, 0.0, 273.4196, 5.5, 0.0198)
646 : (6, 26, 0.0, 464.0731, 1.2, 0.0284)
647 : (26, 6, 0.0, 370.878, 3.8, 0.0179)
648 : (5, 35, 0.0, 516.8417, 1.25, 0.0727)
649 : (35, 5, 0.0042, 283.8045, 7.25, 0.0347)
650 : (7, 34, 0.0, 611.1294, 1.0, 0.0641)
651 : (33, 7, 0.0, 274.0181, 4.5714, 0.0238)
652 : (6, 36, 0.0, 159.0, 1.2, 0.045)
653 : (34, 6, 0.0069, 286.7663, 4.8, 0.039)
654 : (1, 40, 0.0, 381.1411, 1.0, 0.028)
655 : (39, 5, 0.0028, 335.7858, 6.75, 0.0448)
656 : (2, 38, 0.0, 342.324, 1.0, 0.0566)
657 : (38, 2, 0.0, 291.8926, 15.0, 0.0143)
658 : (7, 33, 0.0, 621.2921, 1.0, 0.0343)
659 : (33, 7, 0.0, 306.6851, 3.2857, 0.0136)
660 : (7, 33, 0.0, 670.8801, 1.0, 0.039)
661 : (33, 7, 0.0, 339.2773, 3.0, 0.0142)
662 : (7, 33, 0.0, 311.0297, 1.0, 0.0514)
663 : (33, 7, 0.0, 327.2866, 4.7143, 0.0211)
664 : (11, 29, 0.0, 479.8981, 1.3333, 0.07)
665 : (29, 11, 0.0, 308.5103, 4.1429, 0.0162)
666 : (10, 28, 0.0, 485.701, 1.25, 0.0614)
667 : (28, 10, 0.0, 309.6679, 2.375, 0.0147)
668 : (9, 24, 0.0275, 558.2714, 1.2857, 0.0561)
669 : (24, 9, 0.0, 306.255, 2.1429, 0.012)
670 : (11, 29, 0.0, 538.3441, 1.375, 0.0492)
671 : (29, 13, 0.0, 290.2108, 3.1111, 0.0222)
672 : (13, 25, 0.006, 635.7203, 1.2222, 0.0809)
673 : (25, 13, 0.0049, 373.6304, 2.5, 0.0418)
674 : (2, 9, 0.0, 858.9496, 0.0, 0.0319)
675 : (9, 2, 0.0, 305.4012, 9.0, 0.0115)
676 : (5, 35, 0.0945, 1009.488, 1.25, 0.0453)
677 : (35, 9, 0.0019, 477.9926, 4.25, 0.0354)
678 : (12, 28, 0.0, 600.3148, 1.2222, 0.0644)
679 : (28, 12, 0.0, 265.9435, 2.8, 0.0108)
680 : (4, 36, 0.0, 805.5001, 1.0, 0.0417)
681 : (36, 6, 0.0234, 284.797, 6.4, 0.0378)
682 : (8, 32, 0.0, 589.1837, 1.0, 0.0489)
683 : (32, 8, 0.0092, 426.4773, 3.875, 0.0173)
684 : (8, 32, 0.0251, 776.3032, 1.1429, 0.0768)
685 : (32, 8, 0.0, 247.4258, 4.0, 0.0151)
686 : (9, 31, 0.0, 489.5306, 1.8, 0.0587)
687 : (31, 15, 0.0219, 202.0203, 3.2222, 0.0264)
688 : (8, 32, 0.0381, 659.0926, 1.3333, 0.043)
689 : (32, 10, 0.0, 243.2305, 3.8571, 0.0191)
690 : (13, 30, 0.0, 505.3225, 1.4286, 0.1121)
691 : (27, 13, 0.0, 301.8182, 3.375, 0.0382)
692 : (9, 31, 0.0, 551.6593, 1.1429, 0.0467)
693 : (31, 9, 0.0, 294.5543, 3.875, 0.0161)
694 : (7, 33, 0.051, 647.629, 1.1667, 0.0548)
695 : (33, 9, 0.0, 310.0984, 4.3333, 0.0198)
696 : (6, 37, 0.0065, 410.8116, 1.0, 0.0667)
697 : (34, 6, 0.0112, 516.1099, 5.0, 0.0148)
698 : (18, 25, 0.0064, 529.0405, 1.7, 0.0871)
699 : (22, 18, 0.0, 340.4594, 2.2, 0.0211)
700 : (6, 24, 0.0, 700.7683, 1.0, 0.0739)
701 : (24, 7, 0.0, 300.8069, 3.4286, 0.0202)
702 : (5, 35, 0.0, 972.3087, 1.25, 0.0365)
703 : (35, 5, 0.0, 241.5778, 8.0, 0.015)
704 : (9, 33, 0.023, 412.6197, 1.125, 0.0538)
705 : (31, 10, 0.0, 258.0362, 3.75, 0.0497)
706 : (10, 30, 0.0128, 501.8369, 1.2857, 0.0518)
707 : (30, 10, 0.0, 292.5164, 3.75, 0.052)
708 : (10, 31, 0.0103, 486.4458, 1.4286, 0.0613)
709 : (30, 10, 0.005, 273.1964, 3.5714, 0.0497)
710 : (8, 33, 0.0113, 494.8125, 1.1429, 0.0586)
711 : (32, 8, 0.0, 277.0136, 4.2857, 0.0535)
712 : (7, 33, 0.0, 492.715, 1.0, 0.0846)
713 : (33, 7, 0.0, 489.6571, 4.5714, 0.0198)
714 : (9, 32, 0.0, 611.4189, 1.5, 0.0469)
715 : (31, 9, 0.014, 237.4156, 4.5, 0.015)
716 : (7, 33, 0.0, 588.7089, 1.2, 0.0504)
717 : (33, 7, 0.0, 287.6935, 5.5, 0.0156)
718 : (11, 29, 0.0, 376.547, 1.2222, 0.0276)
719 : (29, 11, 0.0094, 321.622, 2.8889, 0.0303)
720 : (16, 24, 0.0, 493.1263, 1.5, 0.0423)
721 : (24, 16, 0.0, 161.6375, 2.1818, 0.0255)
722 : (5, 7, 0.0, 774.9604, 1.6667, 0.0417)
723 : (7, 5, 0.0, 375.2133, 2.5, 0.0231)
724 : (13, 27, 0.0146, 724.426, 1.3, 0.0709)
725 : (27, 13, 0.0, 286.4328, 2.6, 0.0173)
726 : (7, 34, 0.0, 481.7801, 1.0, 0.0556)
727 : (33, 7, 0.0, 562.7172, 5.5, 0.0703)
728 : (11, 29, 0.0084, 696.1105, 1.375, 0.0717)
729 : (29, 12, 0.0, 327.3643, 3.7143, 0.016)
730 : (10, 23, 0.0299, 664.6793, 1.6667, 0.0552)
731 : (23, 10, 0.0, 341.0656, 3.6667, 0.0234)
732 : (18, 22, 0.0, 624.3645, 1.2857, 0.0531)
733 : (22, 18, 0.0, 282.4843, 1.5, 0.0369)
734 : (17, 25, 0.005, 422.7894, 1.8889, 0.0529)
735 : (23, 17, 0.0, 353.916, 2.3333, 0.0262)
736 : (19, 22, 0.0, 467.3621, 1.7273, 0.081)
737 : (21, 19, 0.0, 291.3711, 1.8, 0.0282)
738 : (5, 36, 0.0, 604.0698, 1.0, 0.035)
739 : (35, 5, 0.0, 281.2762, 7.0, 0.0196)
740 : (9, 0, 0.0, 1112.4021, 0.0, 0.1271)
741 : (0, 9, 0.0, 218.3993, 0.0, 0.0009)
742 : (12, 27, 0.0, 577.3916, 1.3333, 0.0521)
743 : (26, 12, 0.0, 259.5612, 3.0, 0.037)
744 : (15, 25, 0.0125, 848.6689, 1.5, 0.0363)
745 : (25, 16, 0.0272, 216.2484, 2.4, 0.0369)
746 : (18, 24, 0.0, 436.9165, 1.6364, 0.1086)
747 : (22, 18, 0.0, 368.586, 1.9091, 0.0272)
748 : (11, 6, 0.0147, 1085.25, 1.3333, 0.1333)
749 : (6, 12, 0.0463, 429.113, 2.0, 0.0235)
750 : (10, 30, 0.0084, 600.3751, 1.25, 0.0422)
751 : (30, 10, 0.0, 264.2881, 3.5, 0.0304)
752 : (7, 33, 0.0244, 337.9232, 1.1667, 0.0388)
753 : (33, 7, 0.0, 263.0252, 5.3333, 0.0195)
754 : (19, 21, 0.0102, 512.2552, 1.6364, 0.0386)
755 : (21, 20, 0.0, 283.4806, 1.75, 0.0724)
756 : (9, 33, 0.0, 227.5977, 1.1429, 0.043)
757 : (31, 9, 0.0059, 306.8519, 3.875, 0.0262)
758 : (3, 38, 0.0, 384.6099, 1.0, 0.0433)
759 : (37, 3, 0.0, 239.9483, 6.6667, 0.0229)
760 : (8, 32, 0.0, 572.2908, 1.1667, 0.0491)
761 : (32, 8, 0.0, 151.0657, 4.5714, 0.0172)
762 : (6, 13, 0.0, 813.0571, 1.0, 0.0669)
763 : (13, 6, 0.0, 87.9102, 6.5, 0.0091)
764 : (10, 30, 0.0, 462.5817, 1.125, 0.0762)
765 : (30, 10, 0.0, 349.5726, 3.75, 0.0369)
766 : (14, 27, 0.0, 495.114, 1.8571, 0.0663)
767 : (26, 17, 0.0, 289.8973, 2.3636, 0.0495)
768 : (15, 25, 0.0146, 675.8627, 1.7143, 0.0374)
769 : (25, 15, 0.0, 323.0066, 3.125, 0.0371)
770 : (9, 9, 0.0081, 460.7173, 2.6667, 0.0426)
771 : (9, 9, 0.0, 286.064, 2.25, 0.0561)
772 : (16, 24, 0.0113, 479.598, 1.4545, 0.0491)
773 : (24, 16, 0.0, 273.753, 2.2, 0.0372)
774 : (9, 15, 0.0, 679.7075, 1.2857, 0.053)
775 : (15, 9, 0.0, 307.5656, 2.0, 0.0283)
776 : (9, 31, 0.0, 325.0179, 1.2857, 0.042)
777 : (31, 10, 0.0, 349.4243, 3.7143, 0.0315)
778 : (4, 6, 0.0, 343.0039, 1.0, 0.0417)
779 : (6, 5, 0.0, 270.8967, 2.0, 0.0196)
780 : (17, 23, 0.0055, 656.3255, 1.4545, 0.0337)
781 : (23, 17, 0.0, 252.5981, 1.9167, 0.0223)
782 : (10, 30, 0.0258, 689.3811, 1.25, 0.0467)
783 : (30, 10, 0.0, 265.7827, 2.875, 0.0632)
784 : (11, 30, 0.0083, 742.0543, 1.1, 0.0524)
785 : (29, 13, 0.0047, 471.7763, 2.25, 0.0594)
786 : (18, 26, 0.0038, 349.2025, 1.5455, 0.0456)
787 : (22, 18, 0.0043, 365.6638, 2.2, 0.0391)
788 : (5, 4, 0.0, 680.9773, 1.0, 0.0673)
789 : (4, 5, 0.0, 211.6824, 2.0, 0.0276)
790 : (10, 5, 0.0, 374.1138, 2.5, 0.0759)
791 : (5, 10, 0.0, 309.8876, 1.3333, 0.0241)
792 : (9, 31, 0.0, 577.8258, 1.0, 0.0437)
793 : (31, 10, 0.0, 457.6028, 3.875, 0.0601)
794 : (11, 29, 0.0047, 535.6733, 1.5714, 0.0605)
795 : (29, 12, 0.0028, 399.2064, 3.8571, 0.0506)
796 : (12, 29, 0.0038, 240.9953, 1.5, 0.0894)
797 : (28, 13, 0.0141, 524.5079, 3.0, 0.0578)
798 : (9, 31, 0.0, 661.5273, 1.2857, 0.0696)
799 : (31, 10, 0.0076, 476.4983, 3.625, 0.0783)
800 : (0, 13, 0.0, 0.0, 0.0, 0.0)
801 : (13, 44, 0.0047, 272.6439, 1.2, 0.3656)
802 : (0, 9, 0.0, 0.0, 0.0, 0.0)
803 : (9, 28, 0.0027, 243.0504, 1.125, 0.319)
804 : (0, 27, 0.0, 54.1604, 0.0, 0.0148)
805 : (26, 32, 0.4301, 238.942, 1.5, 0.2381)
806 : (0, 39, 0.0, 4.7629, 0.0, 0.0062)
807 : (38, 46, 0.578, 275.9141, 1.6818, 0.2322)
808 : (1, 39, 0.0, 220.307, 1.0, 0.0118)
809 : (39, 45, 0.5666, 282.9005, 1.3704, 0.2152)
810 : (0, 36, 0.0, 12.1729, 0.0, 0.0107)
811 : (35, 46, 0.5729, 260.1779, 1.4, 0.2071)
812 : (1, 24, 0.0, 229.1811, 1.0, 0.02)
813 : (24, 44, 0.5772, 267.7012, 1.3333, 0.2028)
814 : (0, 41, 0.0, 80.2951, 0.0, 0.0061)
815 : (40, 47, 0.4851, 252.2151, 1.56, 0.2703)
816 : (0, 40, 0.0, 1150.4923, 0.0, 0.0204)
817 : (40, 17, 0.0238, 472.957, 3.25, 0.2349)
818 : (0, 42, 0.0, 198.6661, 0.0, 0.0342)
819 : (40, 0, 0.0, 308.6824, 0.0, 0.0232)
820 : (14, 29, 0.0, 492.0763, 1.2727, 0.0535)
821 : (26, 14, 0.0041, 475.6677, 2.5, 0.057)
822 : (3, 37, 0.0, 844.8894, 1.0, 0.0429)
823 : (37, 7, 0.0, 271.01, 4.5714, 0.0346)
824 : (12, 29, 0.0349, 788.2058, 2.0, 0.0618)
825 : (28, 12, 0.0096, 409.2267, 4.3333, 0.0437)
826 : (8, 33, 0.0127, 624.7462, 1.1429, 0.0708)
827 : (32, 8, 0.0, 391.6545, 4.3333, 0.0195)
828 : (9, 31, 0.033, 443.6461, 1.3333, 0.0637)
829 : (31, 10, 0.004, 331.1239, 4.4286, 0.0341)
830 : (4, 33, 0.0594, 533.5425, 1.0, 0.0265)
831 : (33, 4, 0.0773, 364.3173, 3.25, 0.0412)
832 : (6, 34, 0.031, 525.4019, 1.5, 0.0426)
833 : (34, 6, 0.0, 339.2225, 8.0, 0.0339)
834 : (8, 32, 0.0, 654.3452, 1.3333, 0.0761)
835 : (32, 9, 0.0, 423.9745, 5.0, 0.0243)
836 : (3, 37, 0.0, 452.5501, 1.0, 0.0812)
837 : (37, 5, 0.0, 314.8051, 7.4, 0.0252)
838 : (1, 40, 0.0, 200.7556, 1.0, 0.0412)
839 : (39, 2, 0.0034, 390.8683, 15.0, 0.0247)
840 : (5, 35, 0.0, 647.6013, 1.0, 0.0833)
841 : (35, 7, 0.0, 344.0497, 4.8333, 0.0257)
842 : (9, 33, 0.0, 407.5255, 1.125, 0.0496)
843 : (31, 9, 0.0, 270.3363, 3.7143, 0.0179)
844 : (13, 28, 0.0, 348.1061, 1.625, 0.1014)
845 : (27, 14, 0.0, 321.0856, 2.4286, 0.014)
846 : (8, 34, 0.0, 475.5887, 1.1429, 0.0693)
847 : (32, 10, 0.0084, 334.3692, 2.375, 0.0262)
848 : (14, 26, 0.0, 332.3124, 1.4444, 0.0416)
849 : (26, 14, 0.0, 342.3219, 2.6, 0.0565)
850 : (13, 19, 0.0, 305.1076, 1.8333, 0.0301)
851 : (18, 13, 0.0038, 396.7949, 3.0, 0.0332)
852 : (11, 31, 0.0, 186.4649, 1.2222, 0.063)
853 : (29, 11, 0.0, 388.8569, 3.375, 0.0356)
854 : (12, 29, 0.0, 388.0415, 1.375, 0.0722)
855 : (28, 12, 0.0, 401.1391, 3.5, 0.0257)
856 : (4, 37, 0.0, 668.6686, 1.0, 0.0415)
857 : (36, 5, 0.0, 300.4143, 7.0, 0.0218)
858 : (4, 36, 0.0, 616.4416, 1.0, 0.0367)
859 : (36, 4, 0.0, 486.4419, 9.3333, 0.0308)
860 : (3, 37, 0.0, 383.3764, 1.0, 0.0239)
861 : (37, 5, 0.0226, 552.1817, 6.6, 0.0344)
862 : (5, 36, 0.0, 290.898, 1.0, 0.0517)
863 : (35, 6, 0.0076, 328.998, 5.8333, 0.0163)
864 : (4, 37, 0.0, 504.3664, 1.0, 0.05)
865 : (36, 4, 0.0, 303.9475, 3.75, 0.0362)
866 : (10, 30, 0.022, 665.465, 1.1111, 0.0548)
867 : (30, 10, 0.0, 317.3908, 3.2222, 0.0331)
868 : (10, 31, 0.0, 496.9352, 1.1111, 0.0653)
869 : (30, 10, 0.0, 344.4279, 2.6667, 0.0323)
870 : (13, 29, 0.017, 541.0015, 1.4444, 0.0745)
871 : (27, 13, 0.0, 350.1714, 2.7778, 0.0363)
872 : (3, 38, 0.0283, 496.763, 1.0, 0.0627)
873 : (37, 3, 0.0, 381.0706, 10.3333, 0.0158)
874 : (7, 34, 0.0, 469.0618, 1.0, 0.0458)
875 : (33, 7, 0.0081, 351.866, 4.8333, 0.0402)
876 : (7, 34, 0.0076, 524.369, 1.75, 0.065)
877 : (33, 7, 0.0158, 394.8802, 7.5, 0.0371)
878 : (7, 33, 0.0, 742.7976, 1.1667, 0.0389)
879 : (33, 8, 0.0158, 493.4375, 5.3333, 0.0371)
880 : (9, 31, 0.0, 724.924, 1.2857, 0.0562)
881 : (31, 12, 0.0, 319.3159, 3.0, 0.0211)
882 : (9, 33, 0.0078, 443.1988, 1.6, 0.071)
883 : (31, 10, 0.0, 301.5295, 5.1667, 0.0573)
884 : (12, 30, 0.0, 564.4158, 1.3333, 0.0738)
885 : (28, 13, 0.0, 343.4468, 2.8889, 0.0339)
886 : (5, 36, 0.0165, 556.004, 1.6667, 0.0814)
887 : (35, 5, 0.0, 501.8455, 5.6667, 0.0406)
888 : (4, 36, 0.0, 655.608, 1.0, 0.0367)
889 : (36, 5, 0.0, 301.7574, 5.2, 0.026)
890 : (6, 36, 0.0, 270.2419, 1.0, 0.0897)
891 : (34, 6, 0.0081, 402.2672, 5.5, 0.0255)
892 : (4, 36, 0.0, 468.5219, 1.0, 0.0621)
893 : (36, 6, 0.0, 440.3256, 8.75, 0.0234)
894 : (8, 33, 0.0, 515.2654, 1.1429, 0.0491)
895 : (32, 8, 0.0, 310.833, 4.4286, 0.0517)
896 : (6, 35, 0.0, 559.1137, 1.25, 0.0664)
897 : (34, 29, 0.0, 306.3183, 1.8889, 0.1816)
898 : (8, 33, 0.055, 652.4124, 1.0, 0.0701)
899 : (32, 8, 0.0, 321.9132, 4.5714, 0.0241)
900 : (11, 29, 0.053, 589.7985, 1.375, 0.0651)
901 : (29, 14, 0.0123, 331.5533, 2.8889, 0.0231)
902 : (6, 36, 0.0, 553.5081, 1.2, 0.0757)
903 : (34, 7, 0.0, 356.394, 10.6667, 0.0251)
904 : (8, 36, 0.0, 359.7198, 1.4, 0.0764)
905 : (32, 8, 0.0, 329.5812, 5.3333, 0.0172)
906 : (6, 35, 0.0, 520.6155, 1.0, 0.0582)
907 : (34, 9, 0.0, 313.591, 4.8571, 0.025)
908 : (5, 38, 0.0, 178.7344, 1.25, 0.0649)
909 : (35, 5, 0.0046, 358.0821, 7.5, 0.0502)
910 : (7, 35, 0.0, 410.9132, 1.4, 0.0756)
911 : (33, 8, 0.0128, 466.2439, 5.1667, 0.0614)
912 : (11, 17, 0.0, 464.6305, 1.5714, 0.0395)
913 : (17, 11, 0.0, 428.3766, 2.1429, 0.0331)
914 : (7, 33, 0.0187, 736.1763, 1.2, 0.0462)
915 : (33, 7, 0.0, 336.5536, 5.5, 0.0368)
916 : (8, 33, 0.011, 449.6736, 1.3333, 0.0471)
917 : (32, 8, 0.0097, 418.1851, 3.8333, 0.0372)
918 : (5, 37, 0.0, 234.6443, 1.0, 0.0392)
919 : (35, 10, 0.0, 280.6967, 4.375, 0.0249)
920 : (13, 27, 0.009, 603.2181, 1.625, 0.0534)
921 : (27, 13, 0.0, 334.5027, 3.7143, 0.0418)
922 : (14, 27, 0.0205, 600.1637, 1.1818, 0.0475)
923 : (26, 14, 0.0, 305.1577, 2.1667, 0.037)
924 : (17, 24, 0.0, 483.1298, 1.3077, 0.0438)
925 : (23, 18, 0.0, 275.7327, 1.5385, 0.0407)
926 : (13, 31, 0.0074, 368.0883, 1.3333, 0.0602)
927 : (27, 13, 0.0055, 447.5303, 2.7, 0.0738)
928 : (16, 25, 0.0, 387.894, 1.5, 0.0555)
929 : (24, 16, 0.0082, 449.821, 2.6667, 0.0616)
930 : (7, 33, 0.0, 387.9794, 1.1667, 0.0453)
931 : (33, 14, 0.0024, 360.6615, 2.9091, 0.1708)
932 : (2, 28, 0.0, 370.0797, 2.0, 0.0169)
933 : (28, 2, 0.0, 379.974, 12.0, 0.0438)
934 : (8, 32, 0.0, 629.3646, 1.6, 0.0552)
935 : (32, 10, 0.0, 332.0894, 4.6667, 0.0465)
936 : (7, 33, 0.0495, 664.3536, 1.0, 0.0424)
937 : (33, 7, 0.0, 414.1785, 4.1429, 0.0348)
938 : (14, 27, 0.0078, 573.8513, 1.2727, 0.0667)
939 : (26, 14, 0.0, 281.1878, 2.2727, 0.049)
940 : (11, 30, 0.0234, 499.3827, 1.375, 0.065)
941 : (29, 13, 0.0, 334.5544, 2.5, 0.0246)
942 : (9, 31, 0.0223, 690.7899, 1.5, 0.0388)
943 : (31, 9, 0.0041, 352.9892, 3.8333, 0.0403)
944 : (14, 17, 0.009, 629.425, 2.4, 0.0817)
945 : (17, 15, 0.0, 225.876, 2.4286, 0.0179)
946 : (10, 31, 0.0128, 458.4486, 1.4286, 0.0376)
947 : (30, 10, 0.0, 379.9253, 3.4286, 0.0964)
948 : (16, 24, 0.0132, 430.4297, 1.6, 0.0592)
949 : (24, 16, 0.0, 396.298, 1.8889, 0.0872)
950 : (14, 28, 0.0, 324.2929, 1.4444, 0.0532)
951 : (26, 14, 0.0077, 451.5129, 2.8889, 0.0469)
952 : (14, 26, 0.0512, 673.3475, 1.5556, 0.034)
953 : (26, 14, 0.0, 356.9365, 2.6667, 0.0285)
954 : (28, 13, 0.0093, 483.8161, 2.7, 0.0796)
955 : (12, 28, 0.0, 406.518, 1.3333, 0.0205)
956 : (9, 32, 0.0, 461.9417, 1.1429, 0.0723)
957 : (31, 9, 0.026, 504.5549, 3.875, 0.0653)
958 : (18, 23, 0.0, 651.3654, 1.5455, 0.0516)
959 : (22, 18, 0.0029, 471.8369, 1.8333, 0.0628)
960 : (16, 25, 0.0135, 550.8148, 1.6, 0.0497)
961 : (24, 16, 0.0168, 472.9179, 2.4444, 0.0736)
962 : (7, 23, 0.0119, 525.5837, 1.1667, 0.0443)
963 : (22, 7, 0.0, 269.9252, 3.4, 0.0471)
964 : (10, 20, 0.0096, 294.515, 1.8, 0.0556)
965 : (19, 10, 0.0095, 317.8231, 3.1667, 0.051)
966 : (7, 34, 0.0, 760.7796, 1.1667, 0.0941)
967 : (33, 8, 0.0044, 377.7264, 3.7143, 0.0295)
968 : (8, 33, 0.0087, 441.2143, 1.1667, 0.1093)
969 : (32, 8, 0.0045, 375.3934, 5.3333, 0.029)
970 : (12, 18, 0.0078, 369.1501, 1.2, 0.0217)
971 : (18, 12, 0.0025, 448.8654, 1.7, 0.0461)
972 : (22, 22, 0.0044, 304.5701, 1.7273, 0.0605)
973 : (18, 23, 0.0, 400.9392, 1.6364, 0.0215)
974 : (23, 18, 0.0054, 487.602, 1.7778, 0.0552)
975 : (17, 24, 0.0, 263.9056, 1.7, 0.0208)
976 : (27, 15, 0.0134, 376.0915, 2.25, 0.0723)
977 : (13, 27, 0.0, 255.0997, 1.0909, 0.0555)
978 : (20, 21, 0.0, 511.5892, 1.3333, 0.046)
979 : (20, 20, 0.0189, 436.0091, 1.3846, 0.0601)
980 : (11, 21, 0.0, 374.8119, 1.375, 0.0306)
981 : (21, 11, 0.0, 307.9873, 2.8571, 0.0406)
982 : (14, 29, 0.0, 497.4297, 1.2727, 0.0684)
983 : (26, 14, 0.005, 351.2026, 2.2, 0.0289)
984 : (16, 25, 0.0, 352.4683, 1.3333, 0.073)
985 : (24, 16, 0.0, 292.8134, 1.9167, 0.036)
986 : (17, 23, 0.0533, 791.1336, 1.75, 0.0574)
987 : (23, 17, 0.0, 471.7805, 2.5556, 0.0753)
988 : (25, 22, 0.0163, 533.2368, 1.8462, 0.0757)
989 : (15, 25, 0.0062, 241.3942, 1.5, 0.0248)
990 : (15, 27, 0.0, 418.4888, 1.4, 0.0626)
991 : (25, 15, 0.0148, 445.1946, 2.2727, 0.0666)
992 : (26, 17, 0.0, 423.3765, 2.1667, 0.0962)
993 : (14, 26, 0.0, 423.1147, 1.2222, 0.0278)
994 : (28, 14, 0.0079, 490.0928, 3.25, 0.115)
995 : (12, 29, 0.0, 362.9231, 1.5, 0.0271)
996 : (30, 10, 0.0079, 490.4099, 3.375, 0.0794)
997 : (10, 31, 0.0, 222.0622, 1.1111, 0.0266)
998 : (32, 9, 0.0066, 570.0311, 5.3333, 0.1009)
999 : (8, 32, 0.0138, 450.3732, 1.1667, 0.0111)
1000 : (16, 24, 0.0, 684.2963, 1.5, 0.0275)
1001 : (24, 16, 0.0, 447.1494, 2.1818, 0.0415)
1002 : (4, 36, 0.0, 350.8362, 1.0, 0.0581)
1003 : (36, 4, 0.0325, 554.0357, 11.0, 0.0584)
1004 : (6, 34, 0.0175, 619.5512, 1.5, 0.0289)
1005 : (34, 15, 0.0178, 453.7122, 3.2, 0.1165)
1006 : (11, 29, 0.011, 673.9488, 1.2222, 0.0516)
1007 : (29, 15, 0.0017, 458.5891, 2.5455, 0.095)
1008 : (1, 39, 0.0, 546.8593, 1.0, 0.0205)
1009 : (39, 9, 0.0039, 343.7047, 5.2, 0.1203)
1010 : (0, 40, 0.0, 550.4787, 0.0, 0.043)
1011 : (40, 6, 0.006, 426.7478, 6.3333, 0.1281)
1012 : (0, 40, 0.0, 476.4895, 0.0, 0.0206)
1013 : (40, 9, 0.0039, 410.128, 5.5714, 0.0984)
1014 : (3, 37, 0.0, 641.9619, 1.0, 0.1122)
1015 : (37, 9, 0.0025, 473.1017, 4.0, 0.1142)
1016 : (0, 40, 0.0, 442.4362, 0.0, 0.04)
1017 : (40, 4, 0.0072, 503.3752, 9.0, 0.1292)
1018 : (0, 40, 0.0993, 772.6295, 0.0, 0.066)
1019 : (40, 0, 0.059, 331.6819, 0.0, 0.0435)
1020 : (0, 40, 0.0, 557.3449, 0.0, 0.0449)
1021 : (40, 0, 0.084, 332.4539, 0.0, 0.0479)
1022 : (0, 40, 0.0347, 545.1582, 0.0, 0.1034)
1023 : (40, 0, 0.1305, 409.1555, 0.0, 0.0529)
1024 : (1, 39, 0.0277, 452.1351, 1.0, 0.1089)
1025 : (39, 1, 0.1495, 479.6053, 34.0, 0.0498)
1026 : (13, 27, 0.0, 531.318, 1.3, 0.0761)
1027 : (27, 13, 0.0, 185.6922, 2.6, 0.061)
1028 : (3, 37, 0.0, 582.9916, 1.5, 0.0094)
1029 : (37, 7, 0.0, 414.1315, 5.8, 0.1222)
1030 : (2, 38, 0.0371, 715.6189, 1.0, 0.0147)
1031 : (38, 10, 0.0012, 384.1948, 6.0, 0.1675)
1032 : (5, 35, 0.0, 516.2599, 1.6667, 0.0528)
1033 : (35, 5, 0.0806, 352.5222, 7.6667, 0.0435)
1034 : (1, 17, 0.0, 328.6425, 1.0, 0.0613)
1035 : (17, 1, 0.011, 432.5955, 0.0, 0.0271)
1036 : (7, 34, 0.0423, 643.6782, 1.4, 0.4526)
1037 : (33, 7, 0.0119, 284.7003, 5.2, 0.0309)
1038 : (9, 31, 0.0283, 624.7106, 1.125, 0.4713)
1039 : (31, 9, 0.0053, 215.1503, 3.625, 0.0251)
1040 : (6, 35, 0.0469, 683.0762, 1.0, 0.4294)
1041 : (34, 6, 0.0, 190.819, 5.8, 0.0262)
1042 : (3, 38, 0.027, 610.9969, 1.0, 0.4024)
1043 : (37, 3, 0.0, 220.634, 9.6667, 0.031)
1044 : (8, 33, 0.0217, 565.9236, 1.1429, 0.4852)
1045 : (32, 8, 0.0313, 295.6888, 4.4286, 0.0255)
1046 : (7, 33, 0.0, 597.1573, 1.0, 0.0565)
1047 : (33, 7, 0.0332, 487.0612, 4.0, 0.0492)
1048 : (2, 28, 0.027, 478.3247, 1.0, 0.1158)
1049 : (28, 2, 0.0, 495.8233, 9.5, 0.0263)
1050 : (13, 29, 0.0182, 501.9359, 1.4444, 0.0909)
1051 : (27, 13, 0.0049, 395.2543, 2.4444, 0.0758)
1052 : (12, 28, 0.0152, 620.7787, 2.0, 0.0757)
1053 : (28, 12, 0.0049, 349.6861, 3.3333, 0.0833)
1054 : (14, 29, 0.0049, 481.5201, 1.5, 0.0968)
1055 : (26, 16, 0.0188, 447.1941, 2.8889, 0.0716)
1056 : (8, 32, 0.0469, 700.199, 1.1429, 0.0443)
1057 : (32, 15, 0.0, 333.8205, 2.8182, 0.1486)
1058 : (0, 21, 0.0, 186.059, 0.0, 0.0036)
1059 : (21, 0, 0.0, 363.2372, 0.0, 0.0299)
1060 : (1, 37, 0.0, 150.1308, 1.0, 0.011)
1061 : (37, 1, 0.0143, 487.6068, 26.0, 0.028)
1062 : (4, 36, 0.0, 56.1316, 1.0, 0.0179)
1063 : (36, 4, 0.0072, 524.3004, 8.5, 0.0286)
1064 : (6, 34, 0.0, 109.9645, 1.5, 0.0242)
1065 : (34, 6, 0.005, 479.3762, 9.6667, 0.0361)
1066 : (3, 37, 0.0175, 672.6908, 1.0, 0.0374)
1067 : (37, 3, 0.0596, 499.9334, 16.0, 0.0738)
1068 : (7, 33, 0.0, 282.8434, 1.1667, 0.051)
1069 : (33, 9, 0.0096, 403.9342, 3.75, 0.0463)
1070 : (5, 35, 0.0, 286.467, 1.0, 0.0446)
1071 : (35, 6, 0.0173, 441.3239, 5.6667, 0.0395)
1072 : (3, 37, 0.0, 134.2488, 1.0, 0.0271)
1073 : (37, 3, 0.0037, 625.7266, 5.6667, 0.0353)
1074 : (2, 38, 0.0562, 716.596, 1.0, 0.3814)
1075 : (38, 2, 0.0086, 466.5346, 17.0, 0.0524)
1076 : (3, 38, 0.0279, 567.4428, 1.0, 0.4426)
1077 : (37, 3, 0.0, 390.645, 12.3333, 0.0484)
1078 : (3, 37, 0.0, 250.2261, 1.0, 0.03)
1079 : (37, 3, 0.0114, 514.333, 11.3333, 0.0485)
1080 : (7, 33, 0.0, 552.5352, 1.0, 0.0859)
1081 : (33, 7, 0.0084, 456.8526, 3.1429, 0.0525)
1082 : (5, 35, 0.0, 491.7702, 1.6667, 0.0407)
1083 : (35, 5, 0.0041, 423.5973, 5.3333, 0.044)
1084 : (11, 29, 0.0237, 613.0474, 1.0, 0.0496)
1085 : (29, 11, 0.0129, 550.3353, 2.9, 0.0297)
1086 : (9, 31, 0.0371, 850.2303, 1.125, 0.0569)
1087 : (31, 9, 0.0, 487.5141, 3.75, 0.033)
1088 : (6, 34, 0.0, 623.3997, 1.0, 0.0635)
1089 : (34, 6, 0.0786, 439.1612, 5.5, 0.0871)
1090 : (11, 33, 0.0182, 377.1178, 1.1111, 0.0556)
1091 : (29, 11, 0.0, 449.0354, 2.9, 0.0459)
1092 : (10, 27, 0.0, 406.0611, 1.6667, 0.0419)
1093 : (27, 10, 0.0569, 314.8147, 4.1667, 0.0275)
1094 : (7, 33, 0.022, 565.6369, 1.5, 0.0641)
1095 : (33, 7, 0.023, 526.8223, 6.6, 0.0657)
1096 : (2, 38, 0.0, 336.4119, 1.0, 0.0232)
1097 : (38, 2, 0.0195, 486.7166, 17.0, 0.0675)
1098 : (6, 34, 0.0, 716.4167, 1.0, 0.0506)
1099 : (34, 6, 0.0086, 515.5926, 5.0, 0.071)
1100 : (10, 30, 0.0246, 648.3626, 1.25, 0.0453)
1101 : (30, 10, 0.0, 401.8876, 3.375, 0.0248)
1102 : (6, 34, 0.0198, 647.0316, 1.2, 0.0252)
1103 : (34, 6, 0.0254, 538.2767, 5.4, 0.0291)
1104 : (4, 36, 0.033, 720.7463, 1.3333, 0.0218)
1105 : (36, 4, 0.0282, 483.8084, 5.0, 0.0301)
1106 : (7, 33, 0.0141, 749.5682, 1.1667, 0.0335)
1107 : (33, 17, 0.0, 379.4218, 2.1538, 0.1041)
1108 : (5, 35, 0.0, 556.7816, 1.25, 0.0347)
1109 : (35, 10, 0.0029, 373.1098, 4.0, 0.1084)
1110 : (4, 36, 0.0, 95.2341, 1.0, 0.021)
1111 : (36, 4, 0.0122, 478.174, 8.25, 0.0318)
1112 : (8, 32, 0.0409, 567.7324, 1.3333, 0.0535)
1113 : (32, 8, 0.0461, 260.886, 4.5, 0.0327)
1114 : (12, 28, 0.0, 347.6478, 1.5, 0.0499)
1115 : (28, 12, 0.053, 239.3429, 4.0, 0.0332)
1116 : (8, 32, 0.0119, 396.1021, 1.3333, 0.0538)
1117 : (32, 8, 0.0346, 250.6069, 5.1667, 0.0383)
1118 : (7, 33, 0.0, 263.3524, 1.0, 0.0402)
1119 : (33, 7, 0.0081, 419.1642, 4.5714, 0.0371)
1120 : (9, 31, 0.011, 513.3535, 1.0, 0.0309)
1121 : (31, 9, 0.0, 359.1763, 3.0, 0.0334)
1122 : (3, 37, 0.0792, 807.1048, 1.0, 0.0324)
1123 : (37, 3, 0.0, 510.6748, 6.3333, 0.0259)
1124 : (4, 36, 0.0301, 534.6671, 1.0, 0.0275)
1125 : (36, 4, 0.0199, 498.3312, 7.0, 0.0336)
1126 : (10, 30, 0.0, 508.2463, 1.2857, 0.0293)
1127 : (30, 10, 0.012, 510.5982, 3.75, 0.0361)
1128 : (16, 24, 0.0, 337.0576, 1.3333, 0.0608)
1129 : (24, 16, 0.0168, 223.751, 2.0909, 0.0239)
1130 : (14, 26, 0.0, 507.6333, 1.2727, 0.0555)
1131 : (26, 14, 0.0044, 419.5754, 2.4, 0.0392)
1132 : (12, 28, 0.0078, 500.0185, 1.2222, 0.0583)
1133 : (28, 12, 0.0076, 351.177, 2.8, 0.0387)
1134 : (8, 32, 0.0, 608.6183, 2.0, 0.0389)
1135 : (32, 8, 0.0, 404.3594, 7.0, 0.0401)
1136 : (14, 26, 0.0192, 560.0904, 1.5556, 0.0392)
1137 : (26, 14, 0.0, 483.7263, 2.7778, 0.0351)
1138 : (7, 33, 0.0, 736.2067, 1.1667, 0.0465)
1139 : (33, 7, 0.0, 333.0742, 5.0, 0.0523)
1140 : (8, 32, 0.0722, 880.2272, 1.6, 0.0476)
1141 : (32, 8, 0.0552, 405.7829, 4.6, 0.0399)
1142 : (6, 34, 0.0368, 697.9503, 1.2, 0.0324)
1143 : (34, 6, 0.0522, 414.1187, 5.6, 0.0505)
1144 : (8, 32, 0.008, 206.3635, 1.3333, 0.0587)
1145 : (32, 8, 0.0, 439.5392, 4.5, 0.046)
1146 : (9, 25, 0.0369, 590.0071, 1.2857, 0.0403)
1147 : (25, 9, 0.0401, 227.8739, 3.4286, 0.027)
1148 : (12, 28, 0.0287, 653.8136, 1.5, 0.0444)
1149 : (28, 12, 0.034, 250.0016, 3.375, 0.0276)
1150 : (22, 18, 0.0, 658.7776, 3.1429, 0.0446)
1151 : (18, 22, 0.0, 388.4314, 2.0, 0.0809)
1152 : (13, 27, 0.0, 670.4134, 1.0833, 0.061)
1153 : (27, 13, 0.0049, 475.3476, 2.1667, 0.0564)
1154 : (8, 32, 0.0129, 586.7996, 1.1429, 0.0321)
1155 : (32, 8, 0.004, 454.7934, 3.8571, 0.0456)
1156 : (13, 27, 0.0513, 556.1349, 1.4444, 0.0481)
1157 : (27, 13, 0.0066, 420.8841, 2.7778, 0.0563)
1158 : (14, 26, 0.0, 531.3715, 1.4, 0.039)
1159 : (26, 14, 0.1157, 484.9026, 2.7778, 0.0871)
1160 : (12, 28, 0.0212, 601.7422, 1.1, 0.0276)
1161 : (28, 12, 0.0313, 521.116, 2.5455, 0.0308)
1162 : (28, 12, 0.0049, 500.9426, 3.25, 0.0442)
1163 : (12, 28, 0.0, 365.9165, 1.5, 0.0742)
1164 : (28, 12, 0.0096, 464.7162, 2.1667, 0.0377)
1165 : (12, 28, 0.0, 341.9442, 1.0, 0.0675)
1166 : (8, 32, 0.0, 247.7629, 1.1429, 0.0341)
1167 : (32, 8, 0.0, 491.6252, 4.0, 0.05)
1168 : (17, 23, 0.008, 594.3165, 1.7, 0.0395)
1169 : (23, 17, 0.0109, 487.2726, 1.6, 0.0503)
1170 : (24, 16, 0.0094, 416.0193, 1.8182, 0.0413)
1171 : (16, 24, 0.0, 419.2658, 1.4545, 0.0342)
1172 : (24, 16, 0.0, 531.8568, 1.8333, 0.0403)
1173 : (16, 24, 0.0, 269.2715, 1.3333, 0.0344)
1174 : (19, 21, 0.0131, 644.0897, 1.3333, 0.0318)
1175 : (21, 19, 0.022, 473.216, 1.6154, 0.0336)
1176 : (18, 22, 0.0132, 394.3289, 1.5455, 0.0387)
1177 : (22, 18, 0.011, 496.9507, 2.0, 0.0161)
1178 : (21, 19, 0.0178, 568.6561, 1.9, 0.0326)
1179 : (19, 21, 0.0524, 359.1969, 1.7273, 0.0354)
1180 : (24, 16, 0.0214, 440.3513, 2.3, 0.0715)
1181 : (16, 24, 0.016, 196.6288, 1.6, 0.0508)
1182 : (16, 24, 0.008, 402.3026, 1.6667, 0.0396)
1183 : (24, 16, 0.0663, 289.5331, 2.6667, 0.0234)
1184 : (17, 23, 0.0135, 532.3251, 1.8889, 0.0345)
1185 : (23, 17, 0.0, 346.7042, 2.2222, 0.0577)
1186 : (29, 11, 0.0, 596.8846, 4.8333, 0.0447)
1187 : (11, 29, 0.077, 270.6275, 2.0, 0.0263)
1188 : (10, 26, 0.0, 638.7415, 1.25, 0.0368)
1189 : (26, 10, 0.015, 387.5439, 3.125, 0.0274)
1190 : (4, 4, 0.0, 593.5178, 2.0, 0.0438)
1191 : (4, 4, 0.0, 532.5698, 2.0, 0.0059)
1192 : (22, 8, 0.0104, 566.5717, 3.1667, 0.0531)
1193 : (8, 22, 0.0, 244.521, 1.3333, 0.0182)
1194 : (32, 8, 0.0, 540.2007, 4.2857, 0.0488)
1195 : (8, 32, 0.0, 332.7239, 1.1429, 0.0183)
1196 : (31, 9, 0.0, 542.9073, 5.4, 0.0588)
1197 : (9, 31, 0.0, 212.9701, 1.5, 0.0227)
1198 : (29, 11, 0.0087, 613.5372, 3.5, 0.044)
1199 : (11, 29, 0.0099, 349.8222, 1.375, 0.0262)
1200 : (11, 30, 0.0192, 598.7637, 1.375, 0.0428)
1201 : (29, 11, 0.0147, 499.8315, 3.375, 0.1285)
1202 : (4, 38, 0.0, 593.1077, 1.3333, 0.054)
1203 : (36, 6, 0.0, 314.2227, 4.75, 0.0453)
1204 : (6, 35, 0.0, 652.9916, 1.0, 0.0667)
1205 : (34, 6, 0.0, 374.8473, 5.6667, 0.0367)
1206 : (9, 32, 0.0, 651.6939, 1.3333, 0.0658)
1207 : (31, 9, 0.0, 372.8055, 4.4286, 0.0266)
1208 : (7, 33, 0.0, 696.7715, 1.0, 0.0585)
1209 : (33, 7, 0.0088, 389.4492, 4.5, 0.0275)
1210 : (4, 36, 0.0, 413.2752, 1.3333, 0.0366)
1211 : (36, 4, 0.0081, 392.4552, 8.0, 0.0263)
1212 : (10, 31, 0.0, 545.2654, 1.1111, 0.0958)
1213 : (30, 10, 0.017, 324.754, 3.1111, 0.0239)
1214 : (7, 36, 0.0, 793.3243, 1.0, 0.0709)
1215 : (33, 7, 0.0124, 347.2554, 4.7143, 0.0241)
1216 : (3, 37, 0.0, 709.2772, 1.0, 0.031)
1217 : (37, 3, 0.0116, 467.2593, 9.0, 0.0268)
1218 : (5, 37, 0.0, 393.9792, 1.0, 0.0706)
1219 : (35, 6, 0.0071, 474.8572, 5.0, 0.0312)
1220 : (2, 38, 0.0, 375.0472, 1.0, 0.0172)
1221 : (38, 5, 0.0, 305.3354, 6.75, 0.0519)
1222 : (1, 40, 0.0, 312.0469, 1.0, 0.034)
1223 : (39, 2, 0.0075, 452.8932, 16.0, 0.1062)
1224 : (2, 39, 0.0, 334.189, 1.0, 0.0211)
1225 : (38, 2, 0.0, 236.7168, 17.0, 0.0152)
1226 : (11, 31, 0.0276, 807.2027, 1.25, 0.086)
1227 : (29, 11, 0.0, 381.1273, 3.625, 0.0165)
1228 : (8, 33, 0.0, 564.1161, 1.1429, 0.0732)
1229 : (32, 9, 0.0, 403.59, 3.8571, 0.0237)
1230 : (8, 35, 0.0, 506.0085, 1.1667, 0.0765)
1231 : (32, 10, 0.0, 410.3164, 4.5714, 0.0242)
1232 : (11, 30, 0.0, 300.6977, 1.2222, 0.059)
1233 : (29, 12, 0.0041, 273.7793, 2.4, 0.0283)
1234 : (7, 35, 0.0, 372.4613, 1.1667, 0.0799)
1235 : (33, 10, 0.0, 197.629, 4.2857, 0.0265)
1236 : (3, 38, 0.0, 102.4857, 1.0, 0.0483)
1237 : (37, 5, 0.0133, 387.7567, 5.4, 0.0183)
1238 : (6, 35, 0.0, 556.2189, 1.0, 0.0548)
1239 : (34, 6, 0.0075, 400.5431, 5.8, 0.0148)
1240 : (10, 30, 0.0, 642.8469, 1.1111, 0.073)
1241 : (30, 11, 0.0042, 375.1119, 3.2222, 0.0243)
1242 : (5, 38, 0.0, 420.1959, 1.0, 0.0733)
1243 : (35, 5, 0.0038, 347.5024, 7.25, 0.0302)
1244 : (6, 36, 0.0, 237.4851, 2.0, 0.0735)
1245 : (34, 6, 0.0211, 516.5882, 9.6667, 0.0285)
1246 : (5, 36, 0.0, 486.3455, 1.0, 0.0521)
1247 : (35, 5, 0.0037, 447.7727, 4.8, 0.0312)
1248 : (3, 37, 0.0, 791.2577, 1.0, 0.0214)
1249 : (37, 5, 0.011, 482.1195, 6.0, 0.0357)
1250 : (7, 34, 0.0, 545.4727, 1.4, 0.0699)
1251 : (33, 8, 0.0, 230.8248, 5.0, 0.0259)
1252 : (8, 33, 0.0192, 419.0906, 1.3333, 0.0488)
1253 : (32, 9, 0.0289, 267.7444, 3.0, 0.0213)
1254 : (9, 31, 0.0, 442.6315, 1.8, 0.0542)
1255 : (31, 9, 0.0095, 248.783, 4.6, 0.0257)
1256 : (4, 38, 0.0, 409.9752, 1.0, 0.0471)
1257 : (36, 6, 0.0029, 217.8879, 7.0, 0.0275)
1258 : (5, 38, 0.0, 444.027, 1.0, 0.0755)
1259 : (35, 6, 0.0146, 522.1891, 5.3333, 0.0295)
1260 : (5, 37, 0.0, 333.5355, 1.25, 0.0716)
1261 : (35, 5, 0.0158, 313.7961, 7.3333, 0.0361)
1262 : (4, 37, 0.0, 341.5188, 1.3333, 0.057)
1263 : (36, 4, 0.0, 230.1505, 11.3333, 0.0186)
1264 : (5, 40, 0.0, 224.9637, 1.0, 0.0925)
1265 : (35, 5, 0.0, 242.9524, 4.0, 0.0218)
1266 : (3, 37, 0.0, 341.5003, 1.0, 0.0552)
1267 : (37, 3, 0.0, 233.5097, 11.0, 0.0215)
1268 : (5, 36, 0.0, 410.5554, 1.25, 0.0617)
1269 : (35, 5, 0.0, 252.3434, 6.75, 0.0222)
1270 : (8, 16, 0.0, 614.5558, 1.75, 0.0671)
1271 : (16, 8, 0.0, 191.1938, 4.0, 0.0185)
1272 : (6, 36, 0.0, 422.7075, 1.2, 0.0677)
1273 : (34, 6, 0.0041, 384.1667, 5.8, 0.032)
1274 : (8, 33, 0.0, 496.4731, 1.0, 0.0565)
1275 : (32, 9, 0.004, 449.2798, 3.3333, 0.0559)
1276 : (13, 29, 0.0, 290.6329, 1.625, 0.0441)
1277 : (27, 14, 0.0014, 332.15, 2.8889, 0.0752)
1278 : (9, 36, 0.0, 264.7323, 1.125, 0.058)
1279 : (31, 9, 0.0, 360.1161, 3.625, 0.0343)
1280 : (6, 36, 0.0, 177.9946, 1.5, 0.062)
1281 : (34, 6, 0.0, 370.255, 8.0, 0.0292)
1282 : (12, 32, 0.0057, 472.6843, 1.0909, 0.0828)
1283 : (28, 14, 0.0119, 338.0363, 3.0, 0.0212)
1284 : (3, 38, 0.0, 494.8484, 1.0, 0.0295)
1285 : (37, 7, 0.0031, 334.86, 3.8571, 0.028)
1286 : (5, 38, 0.0, 77.4455, 1.0, 0.0574)
1287 : (35, 5, 0.0071, 402.243, 7.0, 0.0398)
1288 : (6, 35, 0.0, 405.5661, 1.5, 0.056)
1289 : (34, 6, 0.0114, 394.1883, 5.5, 0.024)
1290 : (7, 33, 0.0, 595.5132, 1.0, 0.0513)
1291 : (33, 7, 0.0078, 498.4749, 4.7143, 0.0511)
1292 : (4, 37, 0.0, 612.2252, 1.0, 0.04)
1293 : (36, 4, 0.0146, 514.6252, 9.0, 0.0184)
1294 : (6, 34, 0.0, 673.582, 1.0, 0.0374)
1295 : (34, 7, 0.0072, 461.5927, 4.8571, 0.0164)
1296 : (4, 36, 0.0, 895.6735, 1.0, 0.0494)
1297 : (36, 4, 0.0041, 447.8781, 7.5, 0.0209)
1298 : (11, 31, 0.0, 506.1733, 1.2222, 0.0723)
1299 : (29, 11, 0.0136, 351.5333, 3.0, 0.0273)
1300 : (13, 30, 0.0145, 473.7382, 1.2222, 0.0976)
1301 : (27, 13, 0.0044, 272.7438, 3.0, 0.0781)
1302 : (11, 30, 0.0, 292.6892, 1.4286, 0.0417)
1303 : (29, 14, 0.0, 93.1477, 2.6364, 0.019)
1304 : (11, 30, 0.0, 456.401, 1.5714, 0.0696)
1305 : (29, 11, 0.0, 366.9232, 4.6667, 0.0304)
1306 : (3, 37, 0.0, 637.6931, 1.0, 0.0223)
1307 : (37, 4, 0.0099, 347.7433, 6.0, 0.0295)
1308 : (6, 37, 0.0, 207.13, 1.0, 0.0668)
1309 : (34, 7, 0.0114, 328.332, 5.5, 0.0277)
1310 : (10, 33, 0.0, 369.8088, 1.2857, 0.0978)
1311 : (30, 12, 0.0109, 325.5269, 3.0, 0.0377)
1312 : (7, 34, 0.0, 377.5985, 1.0, 0.0656)
1313 : (33, 7, 0.0037, 358.5789, 4.4286, 0.0273)
1314 : (3, 37, 0.0742, 867.6229, 1.0, 0.0168)
1315 : (37, 4, 0.0147, 289.4263, 8.3333, 0.0346)
1316 : (2, 38, 0.0, 472.1682, 1.0, 0.0335)
1317 : (38, 4, 0.0031, 341.9231, 9.25, 0.0364)
1318 : (21, 21, 0.016, 571.4709, 2.2222, 0.0905)
1319 : (18, 24, 0.0, 98.8419, 1.8, 0.0123)
1320 : (5, 38, 0.0, 492.1047, 1.25, 0.0474)
1321 : (35, 6, 0.0072, 223.612, 7.75, 0.0166)
1322 : (8, 34, 0.0297, 542.4057, 1.4, 0.0685)
1323 : (32, 11, 0.0084, 207.5255, 4.0, 0.0192)
1324 : (11, 31, 0.0066, 561.0499, 1.2222, 0.0767)
1325 : (29, 11, 0.0, 500.1788, 3.0, 0.1491)
1326 : (16, 24, 0.0057, 530.2355, 1.25, 0.0809)
1327 : (24, 16, 0.0, 461.9717, 1.8462, 0.1337)
1328 : (8, 33, 0.0, 405.1056, 1.3333, 0.0543)
1329 : (32, 8, 0.0225, 468.6617, 4.1667, 0.0433)
1330 : (6, 35, 0.0, 355.1242, 1.0, 0.0818)
1331 : (34, 6, 0.0209, 486.6413, 4.5, 0.034)
1332 : (12, 31, 0.0, 417.1881, 1.8333, 0.1)
1333 : (25, 12, 0.0231, 551.5529, 3.5714, 0.1264)
1334 : (13, 27, 0.0, 457.1272, 1.5, 0.0899)
1335 : (27, 13, 0.0, 168.9162, 3.0, 0.0265)
1336 : (9, 31, 0.0, 533.9079, 1.2857, 0.0265)
1337 : (31, 10, 0.0114, 239.5759, 3.5, 0.0234)
1338 : (14, 26, 0.0, 711.8491, 1.5556, 0.0317)
1339 : (26, 18, 0.0, 89.769, 1.9, 0.0073)
1340 : (5, 36, 0.0, 352.4869, 1.0, 0.0571)
1341 : (32, 5, 0.0, 309.2709, 5.0, 0.0102)
1342 : (6, 36, 0.0, 297.3215, 1.0, 0.0691)
1343 : (34, 6, 0.0171, 426.3107, 5.5, 0.0248)
1344 : (20, 23, 0.0, 442.3912, 1.5385, 0.0651)
1345 : (20, 20, 0.0, 304.512, 1.7273, 0.0297)
1346 : (15, 29, 0.0, 384.5806, 1.5556, 0.0648)
1347 : (25, 18, 0.0079, 204.7018, 2.2727, 0.0226)
1348 : (18, 24, 0.0112, 539.4691, 1.5455, 0.0837)
1349 : (22, 18, 0.0, 333.4161, 1.8333, 0.0279)
1350 : (13, 27, 0.0165, 566.1282, 1.7143, 0.0562)
1351 : (27, 15, 0.0, 309.545, 3.375, 0.0228)
1352 : (13, 32, 0.0, 329.3203, 1.1818, 0.0842)
1353 : (27, 13, 0.0041, 530.0472, 2.2727, 0.1211)
1354 : (15, 28, 0.0186, 540.319, 1.5, 0.05)
1355 : (25, 15, 0.0, 236.0084, 2.4444, 0.007)
1356 : (22, 19, 0.0093, 492.9252, 1.6923, 0.0456)
1357 : (18, 22, 0.0, 263.911, 1.4545, 0.0064)
1358 : (14, 26, 0.0, 543.3336, 1.0909, 0.0512)
1359 : (26, 15, 0.0, 198.1398, 2.3636, 0.0212)
1360 : (16, 25, 0.0094, 611.0834, 1.4545, 0.0857)
1361 : (24, 17, 0.0078, 486.5757, 1.9091, 0.1357)
1362 : (13, 28, 0.0148, 508.4324, 1.3333, 0.0765)
1363 : (27, 13, 0.0131, 528.8649, 3.0, 0.1248)
1364 : (14, 31, 0.0, 321.4426, 1.5, 0.1016)
1365 : (26, 14, 0.0038, 497.9504, 2.8889, 0.1256)
1366 : (12, 30, 0.0, 425.686, 1.2222, 0.0457)
1367 : (28, 12, 0.0, 377.1052, 2.8, 0.1032)
1368 : (5, 36, 0.0, 359.356, 1.25, 0.0248)
1369 : (35, 5, 0.0, 387.6683, 8.5, 0.1147)
1370 : (9, 32, 0.0, 261.694, 1.0, 0.0374)
1371 : (31, 9, 0.0, 325.3614, 3.3333, 0.11)
1372 : (27, 13, 0.004, 634.4452, 2.0, 0.0436)
1373 : (13, 28, 0.0, 209.6653, 1.0833, 0.0064)
1374 : (13, 27, 0.0, 403.592, 1.625, 0.0452)
1375 : (27, 13, 0.0, 235.1671, 3.5714, 0.0946)
1376 : (16, 17, 0.0, 498.2112, 1.875, 0.0387)
1377 : (17, 16, 0.0, 120.9809, 2.125, 0.0225)
1378 : (11, 29, 0.0, 640.8066, 1.25, 0.0441)
1379 : (29, 16, 0.0037, 259.7679, 3.2222, 0.0335)
1380 : (21, 19, 0.0, 641.6469, 2.3333, 0.0518)
1381 : (19, 23, 0.0, 113.7688, 1.7, 0.0148)
1382 : (14, 19, 0.0152, 668.6871, 1.5556, 0.0339)
1383 : (18, 17, 0.0, 72.0183, 1.3, 0.0116)
1384 : (23, 18, 0.0116, 482.1147, 2.2, 0.045)
1385 : (17, 25, 0.0, 94.5204, 1.5455, 0.0099)
1386 : (18, 22, 0.0, 720.6584, 2.2857, 0.0375)
1387 : (22, 19, 0.0, 219.3076, 2.75, 0.018)
1388 : (13, 18, 0.0, 703.5879, 1.4444, 0.0294)
1389 : (18, 13, 0.0, 170.3047, 2.125, 0.0135)
1390 : (19, 22, 0.0139, 727.2289, 1.3846, 0.0438)
1391 : (21, 20, 0.0, 190.3056, 1.75, 0.0069)
1392 : (20, 20, 0.0182, 625.4556, 1.6667, 0.0329)
1393 : (20, 22, 0.0, 105.6372, 1.7273, 0.0158)
1394 : (16, 27, 0.0049, 455.059, 1.4545, 0.0431)
1395 : (24, 17, 0.0079, 277.5945, 1.9167, 0.028)
1396 : (18, 17, 0.0, 575.5485, 1.8, 0.0373)
1397 : (17, 19, 0.0, 121.3281, 1.7778, 0.0137)
1398 : (15, 12, 0.0, 644.6689, 1.5556, 0.0564)
1399 : (12, 15, 0.0, 347.6767, 1.3333, 0.021)
1400 : (1, 39, 0.0, 228.7439, 1.0, 0.0241)
1401 : (39, 26, 0.0113, 383.8924, 2.4667, 0.5024)
1402 : (0, 40, 0.0, 0.0, 0.0, 0.0)
1403 : (40, 16, 0.007, 459.5922, 2.8333, 0.5536)
1404 : (2, 38, 0.0, 438.2567, 1.0, 0.0548)
1405 : (38, 33, 0.0, 413.3528, 1.8, 0.5113)
1406 : (2, 38, 0.0, 315.1882, 1.0, 0.0281)
1407 : (38, 30, 0.0015, 408.1904, 1.7368, 0.438)
1408 : (3, 37, 0.0, 449.8487, 1.0, 0.0365)
1409 : (37, 30, 0.0021, 342.1339, 1.8947, 0.4611)
1410 : (0, 40, 0.0, 628.6031, 0.0, 0.0635)
1411 : (40, 16, 0.001, 381.5891, 2.6923, 0.2895)
1412 : (0, 40, 0.0, 930.3345, 0.0, 0.0441)
1413 : (40, 16, 0.0009, 394.3069, 3.3636, 0.2484)
1414 : (1, 39, 0.0, 567.2003, 1.0, 0.0678)
1415 : (39, 21, 0.0018, 354.2824, 2.3571, 0.2965)
1416 : (0, 40, 0.0, 0.0, 0.0, 0.0)
1417 : (40, 26, 0.004, 370.6679, 2.1667, 0.282)
1418 : (0, 40, 0.0, 704.2682, 0.0, 0.0517)
1419 : (40, 17, 0.001, 379.4888, 3.1667, 0.3262)
1420 : (0, 40, 0.0, 436.5173, 0.0, 0.0027)
1421 : (40, 10, 0.0057, 316.8957, 3.9, 0.119)
1422 : (4, 36, 0.0212, 481.7375, 1.3333, 0.0278)
1423 : (36, 30, 0.0052, 361.3272, 1.9412, 0.3718)
1424 : (1, 39, 0.0, 570.1131, 1.0, 0.0291)
1425 : (39, 15, 0.007, 402.2638, 2.8333, 0.3417)
1426 : (4, 36, 0.0, 309.3894, 1.0, 0.0389)
1427 : (36, 5, 0.0034, 476.0606, 9.0, 0.0311)
1428 : (2, 38, 0.0, 273.6116, 1.0, 0.0206)
1429 : (38, 6, 0.0031, 385.4075, 8.5, 0.0593)
1430 : (12, 15, 0.0, 471.1008, 1.3333, 0.0479)
1431 : (15, 12, 0.0043, 358.5129, 1.75, 0.0424)
1432 : (2, 38, 0.1736, 1379.7756, 1.0, 0.0194)
1433 : (38, 9, 0.0, 369.2957, 4.5, 0.084)
1434 : (2, 38, 0.1349, 772.5729, 1.0, 0.0245)
1435 : (38, 6, 0.016, 427.8249, 6.1667, 0.063)
1436 : (2, 38, 0.0, 664.9711, 1.0, 0.0254)
1437 : (38, 3, 0.0082, 450.2281, 16.5, 0.0636)
1438 : (5, 35, 0.0258, 616.1927, 1.25, 0.0373)
1439 : (35, 6, 0.003, 390.7096, 5.0, 0.0358)
1440 : (8, 32, 0.0, 241.5138, 1.1667, 0.0455)
1441 : (32, 9, 0.0, 416.1864, 4.0, 0.039)
1442 : (4, 36, 0.0, 418.7319, 1.0, 0.0296)
1443 : (36, 4, 0.0143, 569.3024, 8.0, 0.0372)
1444 : (5, 6, 0.0464, 868.6771, 1.6667, 0.0421)
1445 : (6, 5, 0.0131, 394.5888, 1.6667, 0.0374)
1446 : (0, 40, 0.0, 451.1272, 0.0, 0.0135)
1447 : (40, 7, 0.0096, 616.2619, 5.8333, 0.3973)
1448 : (6, 34, 0.0, 187.2225, 1.2, 0.0492)
1449 : (34, 7, 0.0, 406.4093, 4.6667, 0.031)
1450 : (3, 37, 0.0, 314.4601, 1.0, 0.0253)
1451 : (37, 5, 0.0057, 465.7255, 7.0, 0.0594)
1452 : (6, 34, 0.0, 369.3993, 1.0, 0.0335)
1453 : (34, 7, 0.0065, 656.839, 4.2857, 0.038)
1454 : (7, 33, 0.0093, 522.9261, 1.0, 0.0421)
1455 : (33, 9, 0.0118, 410.9075, 4.1429, 0.0466)
1456 : (7, 33, 0.0093, 513.2493, 1.6667, 0.04)
1457 : (33, 8, 0.0064, 390.7266, 6.6, 0.0331)
1458 : (8, 32, 0.0, 594.973, 1.1429, 0.0568)
1459 : (32, 11, 0.0057, 431.486, 3.4444, 0.0453)
1460 : (12, 28, 0.0132, 331.6672, 1.8333, 0.0647)
1461 : (28, 14, 0.0071, 399.0887, 3.5, 0.0443)
1462 : (7, 33, 0.0, 568.8215, 1.0, 0.0533)
1463 : (33, 11, 0.0035, 406.1045, 3.6667, 0.0355)
1464 : (4, 36, 0.0, 459.9835, 1.0, 0.0335)
1465 : (36, 7, 0.0149, 414.9494, 4.5714, 0.0349)
1466 : (12, 28, 0.0194, 576.4407, 1.2, 0.0646)
1467 : (28, 14, 0.004, 349.6896, 2.0, 0.0317)
1468 : (0, 35, 0.081, 496.5086, 0.0, 0.0466)
1469 : (35, 4, 0.0027, 350.0859, 7.5, 0.0677)
1470 : (5, 35, 0.0594, 879.668, 1.0, 0.0417)
1471 : (35, 8, 0.0026, 465.4063, 5.1667, 0.0464)
1472 : (4, 36, 0.0945, 888.8071, 1.3333, 0.0348)
1473 : (36, 11, 0.0036, 368.2956, 3.2222, 0.0919)
1474 : (7, 33, 0.009, 618.0881, 1.0, 0.0439)
1475 : (33, 7, 0.0, 461.9785, 5.5, 0.0317)
1476 : (5, 35, 0.0, 493.4876, 1.25, 0.021)
1477 : (35, 5, 0.0032, 389.9991, 6.5, 0.0343)
1478 : (1, 21, 0.0, 384.4529, 1.0, 0.0136)
1479 : (21, 2, 0.0046, 438.7808, 5.5, 0.0462)
1480 : (4, 36, 0.0175, 877.093, 1.0, 0.0332)
1481 : (36, 4, 0.0, 488.1236, 8.0, 0.0393)
1482 : (9, 31, 0.0353, 704.9404, 1.0, 0.0729)
1483 : (31, 9, 0.0, 516.5901, 3.4444, 0.0411)
1484 : (2, 38, 0.0, 573.8975, 1.0, 0.0294)
1485 : (38, 5, 0.0, 372.5721, 9.25, 0.087)
1486 : (9, 31, 0.0223, 432.3859, 1.5, 0.0485)
1487 : (31, 10, 0.0072, 403.5363, 5.4, 0.0311)
1488 : (10, 30, 0.0159, 433.3333, 1.25, 0.0686)
1489 : (30, 11, 0.0, 291.9333, 3.2222, 0.0287)
1490 : (5, 35, 0.0085, 737.4097, 1.0, 0.0374)
1491 : (35, 8, 0.0102, 402.631, 3.875, 0.0656)
1492 : (7, 33, 0.0186, 639.5477, 2.0, 0.0494)
1493 : (33, 8, 0.0, 354.9804, 8.25, 0.0401)
1494 : (1, 7, 0.0742, 660.7943, 1.0, 0.0109)
1495 : (7, 1, 0.0, 380.5216, 0.0, 0.0311)
1496 : (7, 33, 0.0071, 601.5632, 1.0, 0.0525)
1497 : (33, 9, 0.0022, 384.7855, 3.5, 0.0459)
1498 : (1, 39, 0.0742, 1101.9946, 1.0, 0.0176)
1499 : (39, 2, 0.0, 469.5193, 3.5, 0.0465)
1500 : (7, 33, 0.0, 208.2391, 1.2, 0.0279)
1501 : (33, 9, 0.0, 315.2352, 4.125, 0.0466)
1502 : (12, 28, 0.027, 406.0048, 1.2, 0.0614)
1503 : (28, 14, 0.0, 338.549, 2.4545, 0.0264)
1504 : (12, 29, 0.0148, 553.7597, 1.2, 0.067)
1505 : (28, 13, 0.0, 319.4563, 2.5, 0.0264)
1506 : (8, 35, 0.0417, 588.6309, 1.1429, 0.0654)
1507 : (32, 8, 0.007, 396.4189, 2.4286, 0.0261)
1508 : (7, 33, 0.017, 540.905, 1.0, 0.0694)
1509 : (33, 7, 0.0, 530.4631, 4.7143, 0.0318)
1510 : (3, 37, 0.0, 738.9567, 1.0, 0.0313)
1511 : (37, 3, 0.0107, 553.7496, 9.0, 0.0322)
1512 : (8, 32, 0.0, 487.243, 1.6, 0.0554)
1513 : (32, 12, 0.0171, 478.7583, 3.875, 0.0314)
1514 : (5, 35, 0.0, 537.943, 1.25, 0.0539)
1515 : (35, 7, 0.0067, 403.7551, 4.8333, 0.0489)
1516 : (9, 31, 0.0283, 611.084, 1.1429, 0.0328)
1517 : (31, 16, 0.0019, 338.3608, 2.3846, 0.0693)
1518 : (9, 29, 0.0071, 457.9077, 1.1429, 0.0348)
1519 : (29, 14, 0.0, 331.5567, 2.6364, 0.0671)
1520 : (8, 8, 0.0, 617.8721, 2.0, 0.0599)
1521 : (8, 10, 0.0, 343.7628, 1.75, 0.042)
1522 : (6, 18, 0.0102, 503.2527, 1.6667, 0.0279)
1523 : (18, 9, 0.0, 315.8668, 3.6, 0.0609)
1524 : (10, 16, 0.0, 580.1935, 1.4286, 0.0391)
1525 : (16, 13, 0.0034, 353.5627, 2.0, 0.0565)
1526 : (12, 24, 0.0145, 522.8976, 1.3333, 0.0369)
1527 : (24, 12, 0.0036, 366.153, 2.5556, 0.0596)
1528 : (13, 25, 0.0072, 486.1592, 1.625, 0.0386)
1529 : (25, 18, 0.0, 285.7538, 2.4, 0.0675)
1530 : (9, 31, 0.0, 250.0464, 1.2857, 0.0274)
1531 : (31, 9, 0.0044, 382.8018, 4.1667, 0.0355)
1532 : (8, 32, 0.0339, 549.0721, 1.3333, 0.0476)
1533 : (32, 10, 0.0079, 508.4261, 4.2857, 0.0408)
1534 : (8, 32, 0.0192, 808.0527, 1.0, 0.0426)
1535 : (32, 10, 0.0035, 451.0974, 3.2, 0.038)
1536 : (9, 31, 0.0076, 760.0893, 1.125, 0.0605)
1537 : (31, 11, 0.0, 430.1678, 3.0, 0.0402)
1538 : (8, 32, 0.0254, 715.7726, 1.1429, 0.0594)
1539 : (32, 8, 0.0035, 422.8077, 4.4286, 0.0398)
1540 : (7, 33, 0.0198, 527.6951, 1.1667, 0.0548)
1541 : (33, 7, 0.0, 424.1868, 4.3333, 0.0494)
1542 : (10, 30, 0.0, 609.5945, 1.25, 0.049)
1543 : (30, 10, 0.0, 391.2993, 3.625, 0.0215)
1544 : (9, 31, 0.0165, 449.7711, 1.0, 0.0621)
1545 : (31, 9, 0.0146, 556.8242, 2.8889, 0.0355)
1546 : (10, 30, 0.0, 503.4292, 1.2857, 0.0558)
1547 : (30, 12, 0.0, 327.9348, 3.75, 0.0427)
1548 : (12, 28, 0.0252, 626.1282, 1.3333, 0.0825)
1549 : (28, 13, 0.0082, 493.0837, 2.8889, 0.0447)
1550 : (9, 24, 0.011, 740.8004, 1.1667, 0.0435)
1551 : (24, 10, 0.0, 304.4603, 3.0, 0.082)
1552 : (8, 3, 0.0373, 766.2973, 4.0, 0.0423)
1553 : (3, 8, 0.0122, 451.8237, 2.0, 0.0495)
1554 : (7, 11, 0.0359, 765.4991, 1.75, 0.0526)
1555 : (11, 8, 0.0, 367.0369, 1.3333, 0.0639)
1556 : (19, 21, 0.0124, 432.5985, 1.9, 0.0373)
1557 : (21, 19, 0.0, 416.4035, 2.0, 0.0694)
1558 : (4, 36, 0.0228, 529.0585, 1.0, 0.0262)
1559 : (36, 6, 0.0028, 487.6141, 5.0, 0.0337)
1560 : (3, 37, 0.0186, 519.6646, 1.0, 0.0194)
1561 : (37, 3, 0.0035, 537.0753, 10.3333, 0.0371)
1562 : (6, 34, 0.0283, 656.6708, 1.2, 0.0268)
1563 : (34, 8, 0.0035, 497.6535, 4.1429, 0.0401)
1564 : (6, 34, 0.0093, 582.7867, 1.0, 0.0645)
1565 : (34, 6, 0.003, 467.1207, 4.3333, 0.0631)
1566 : (13, 18, 0.0053, 531.4798, 1.4444, 0.0567)
1567 : (18, 13, 0.0038, 372.3436, 2.125, 0.0362)
1568 : (3, 37, 0.0, 345.8438, 1.0, 0.0247)
1569 : (37, 6, 0.0, 221.601, 5.4, 0.0412)
1570 : (7, 34, 0.0, 418.8699, 1.1667, 0.0534)
1571 : (33, 10, 0.0034, 315.2225, 3.75, 0.0351)
1572 : (24, 16, 0.0146, 525.1394, 2.6667, 0.042)
1573 : (16, 24, 0.0059, 497.1597, 1.5556, 0.0652)
1574 : (9, 31, 0.058, 744.9632, 1.0, 0.0671)
1575 : (31, 10, 0.0036, 339.0498, 3.0, 0.0528)
1576 : (8, 32, 0.0, 425.9713, 1.1429, 0.0338)
1577 : (32, 8, 0.0, 381.1321, 4.6667, 0.0406)
1578 : (14, 21, 0.0, 574.5411, 1.3333, 0.0396)
1579 : (21, 14, 0.0035, 413.6431, 2.1, 0.0407)
1580 : (13, 27, 0.0389, 664.8882, 1.0833, 0.0419)
1581 : (27, 14, 0.0062, 610.715, 2.0833, 0.0606)
1582 : (20, 20, 0.0119, 536.968, 1.6667, 0.0594)
1583 : (20, 20, 0.0044, 272.2892, 1.7273, 0.0336)
1584 : (18, 22, 0.0203, 572.7568, 1.8889, 0.0594)
1585 : (22, 19, 0.0037, 329.6994, 2.0, 0.0385)
1586 : (16, 24, 0.0, 406.2896, 1.4545, 0.0349)
1587 : (24, 18, 0.0012, 485.3043, 2.0909, 0.045)
1588 : (11, 29, 0.0058, 476.3376, 1.1, 0.0536)
1589 : (29, 12, 0.0066, 413.9363, 2.2727, 0.0856)
1590 : (13, 27, 0.0527, 669.0616, 1.625, 0.055)
1591 : (27, 13, 0.003, 472.5331, 2.8571, 0.0539)
1592 : (8, 32, 0.0071, 692.384, 1.0, 0.0398)
1593 : (32, 10, 0.0095, 429.297, 3.0, 0.0572)
1594 : (7, 8, 0.0, 624.5015, 1.75, 0.0293)
1595 : (8, 7, 0.0, 305.6192, 1.75, 0.0271)
1596 : (18, 16, 0.0035, 492.1778, 1.6, 0.0516)
1597 : (16, 18, 0.0, 347.6357, 1.6, 0.0319)
1598 : (17, 10, 0.0186, 562.222, 2.3333, 0.0587)
1599 : (10, 18, 0.0, 420.3237, 1.6667, 0.0305)
1600 : (1, 39, 0.0, 1178.0675, 1.0, 0.06)
1601 : (39, 6, 0.0325, 629.3719, 7.3333, 0.1073)
1602 : (1, 39, 0.0, 747.8157, 1.0, 0.0708)
1603 : (39, 2, 0.0281, 618.0915, 19.0, 0.0595)
1604 : (2, 38, 0.0, 436.365, 1.0, 0.0192)
1605 : (38, 3, 0.009, 559.1807, 12.6667, 0.0604)
1606 : (0, 40, 0.0, 691.4502, 0.0, 0.0164)
1607 : (40, 2, 0.0, 348.4049, 2.5, 0.0242)
1608 : (0, 40, 0.0, 319.0409, 0.0, 0.0644)
1609 : (40, 1, 0.0015, 296.8781, 27.0, 0.0401)
1610 : (0, 39, 0.0, 455.9905, 0.0, 0.0676)
1611 : (39, 1, 0.0, 289.0556, 1.0, 0.09)
1612 : (5, 32, 0.0387, 484.024, 1.0, 0.0319)
1613 : (32, 5, 0.0074, 507.7931, 5.0, 0.0153)
1614 : (3, 37, 0.0, 617.3101, 1.0, 0.0403)
1615 : (37, 5, 0.0, 441.9926, 7.75, 0.0242)
1616 : (0, 40, 0.0, 659.6013, 0.0, 0.032)
1617 : (40, 1, 0.0, 399.1562, 39.0, 0.0213)
1618 : (6, 34, 0.0, 531.6495, 1.2, 0.0527)
1619 : (34, 6, 0.0184, 609.7585, 5.6, 0.0473)
1620 : (6, 34, 0.0, 530.6558, 1.0, 0.0334)
1621 : (34, 7, 0.0, 423.6093, 4.8571, 0.014)
1622 : (7, 33, 0.0, 651.4305, 1.1667, 0.0769)
1623 : (33, 12, 0.0, 365.3061, 2.9, 0.0627)
1624 : (7, 33, 0.029, 648.2714, 1.4, 0.036)
1625 : (33, 9, 0.0118, 660.9848, 3.4286, 0.0501)
1626 : (3, 37, 0.0371, 669.4941, 1.0, 0.0213)
1627 : (37, 7, 0.0064, 348.9465, 5.6667, 0.0301)
1628 : (6, 34, 0.0516, 686.0747, 1.0, 0.0429)
1629 : (34, 6, 0.0, 316.7104, 4.5, 0.0281)
1630 : (5, 35, 0.0, 589.877, 1.0, 0.0446)
1631 : (35, 7, 0.0, 330.0783, 5.3333, 0.0181)
1632 : (3, 37, 0.0, 701.4582, 1.0, 0.0364)
1633 : (37, 3, 0.0, 460.1045, 8.0, 0.0149)
1634 : (4, 36, 0.0, 448.9799, 1.0, 0.0313)
1635 : (36, 7, 0.0, 322.8089, 5.6667, 0.0178)
1636 : (1, 39, 0.0, 504.2667, 1.0, 0.019)
1637 : (39, 5, 0.0, 394.6189, 7.6, 0.0141)
1638 : (4, 36, 0.0, 264.5043, 1.0, 0.0227)
1639 : (36, 8, 0.0, 236.6344, 7.2, 0.0233)
1640 : (4, 36, 0.0, 554.0063, 1.0, 0.0772)
1641 : (36, 8, 0.0, 265.6373, 4.7143, 0.0496)
1642 : (2, 22, 0.0228, 818.4534, 1.0, 0.05)
1643 : (22, 4, 0.0, 307.4027, 4.75, 0.0484)
1644 : (3, 27, 0.016, 475.4537, 1.0, 0.0877)
1645 : (27, 7, 0.0, 249.8734, 3.6667, 0.0451)
1646 : (6, 34, 0.0278, 655.7784, 1.0, 0.1096)
1647 : (34, 14, 0.0, 302.0335, 3.6667, 0.0444)
1648 : (3, 20, 0.044, 709.5689, 1.0, 0.0918)
1649 : (20, 6, 0.0, 284.5909, 3.4, 0.0494)
1650 : (3, 37, 0.0186, 540.787, 1.0, 0.0299)
1651 : (37, 3, 0.0017, 323.2166, 12.0, 0.0448)
1652 : (8, 32, 0.0082, 477.2763, 1.3333, 0.0562)
1653 : (32, 9, 0.0, 403.6631, 4.0, 0.0216)
1654 : (3, 37, 0.0495, 680.1424, 1.0, 0.0345)
1655 : (37, 4, 0.0, 352.2107, 6.75, 0.0223)
1656 : (8, 32, 0.0, 595.0989, 1.3333, 0.0566)
1657 : (32, 10, 0.0, 218.8299, 3.875, 0.0279)
1658 : (5, 35, 0.0237, 669.7684, 1.0, 0.1042)
1659 : (35, 7, 0.0017, 349.5114, 4.4286, 0.0429)
1660 : (6, 16, 0.099, 1032.8253, 1.0, 0.0545)
1661 : (16, 7, 0.0, 304.0536, 3.2, 0.0178)
1662 : (9, 31, 0.0, 445.5445, 1.2857, 0.0522)
1663 : (31, 9, 0.0017, 327.4842, 3.0, 0.0359)
1664 : (5, 35, 0.0, 310.0187, 1.25, 0.0362)
1665 : (35, 6, 0.0204, 574.0148, 6.8, 0.0405)
1666 : (4, 36, 0.0148, 589.9713, 1.0, 0.0431)
1667 : (36, 4, 0.0149, 553.0909, 4.5, 0.0437)
1668 : (3, 37, 0.0, 626.0851, 1.5, 0.0354)
1669 : (37, 3, 0.015, 656.5703, 17.0, 0.0428)
1670 : (3, 37, 0.0156, 595.0182, 1.0, 0.0304)
1671 : (37, 4, 0.0, 414.7361, 5.5, 0.019)
1672 : (8, 32, 0.0, 517.8856, 1.4, 0.0637)
1673 : (32, 8, 0.0049, 520.507, 5.3333, 0.0279)
1674 : (8, 32, 0.0307, 660.6432, 1.0, 0.0382)
1675 : (32, 8, 0.0, 312.5968, 4.5714, 0.0211)
1676 : (7, 33, 0.0, 521.532, 1.0, 0.1091)
1677 : (33, 15, 0.0, 255.0151, 2.75, 0.0543)
1678 : (13, 27, 0.0221, 603.6544, 1.3333, 0.0446)
1679 : (27, 13, 0.0027, 334.8574, 2.7, 0.0144)
1680 : (15, 27, 0.0237, 521.6415, 1.1667, 0.068)
1681 : (25, 16, 0.0046, 398.1305, 2.0833, 0.0151)
1682 : (4, 36, 0.0, 261.4918, 1.3333, 0.0292)
1683 : (36, 5, 0.0163, 620.7789, 8.5, 0.0529)
1684 : (6, 34, 0.0, 485.5503, 1.0, 0.041)
1685 : (34, 7, 0.0064, 531.931, 4.0, 0.0438)
1686 : (8, 32, 0.0, 598.7108, 1.1429, 0.0279)
1687 : (32, 9, 0.0, 364.5474, 3.7143, 0.0157)
1688 : (4, 36, 0.0343, 550.6474, 1.0, 0.0236)
1689 : (36, 5, 0.0, 513.9874, 8.5, 0.0184)
1690 : (2, 38, 0.0, 398.2054, 1.0, 0.0283)
1691 : (38, 3, 0.0182, 488.618, 7.3333, 0.0357)
1692 : (13, 27, 0.0, 503.8921, 1.1818, 0.047)
1693 : (27, 14, 0.0, 282.3911, 2.0833, 0.0125)
1694 : (10, 30, 0.0074, 695.3439, 1.4286, 0.0494)
1695 : (30, 11, 0.0, 326.336, 3.125, 0.0168)
1696 : (7, 33, 0.0186, 437.4302, 1.4, 0.0403)
1697 : (33, 12, 0.0048, 390.774, 3.3333, 0.0304)
1698 : (6, 34, 0.0, 680.2219, 1.0, 0.055)
1699 : (34, 10, 0.0068, 414.4624, 3.3, 0.0368)
1700 : (1, 39, 0.0, 494.6661, 1.0, 0.0201)
1701 : (39, 2, 0.0, 331.7042, 15.0, 0.0302)
1702 : (10, 19, 0.0148, 686.6744, 1.3333, 0.0368)
1703 : (19, 10, 0.0, 354.8626, 2.7143, 0.0188)
1704 : (9, 31, 0.0, 564.2895, 1.5, 0.0359)
1705 : (31, 11, 0.0, 320.8797, 3.75, 0.0234)
1706 : (1, 39, 0.0, 985.3973, 1.0, 0.0089)
1707 : (39, 1, 0.0011, 348.0226, 14.0, 0.0587)
1708 : (6, 34, 0.0283, 871.3625, 1.25, 0.0282)
1709 : (34, 6, 0.0, 292.9986, 6.8, 0.0241)
1710 : (9, 31, 0.0254, 611.1804, 1.1429, 0.0372)
1711 : (31, 12, 0.0293, 575.3703, 3.1, 0.0596)
1712 : (12, 28, 0.0, 408.8766, 1.2222, 0.0558)
1713 : (28, 18, 0.0042, 299.4141, 2.3333, 0.041)
1714 : (0, 10, 0.1272, 1282.9504, 0.0, 0.0217)
1715 : (9, 0, 0.0396, 671.7469, 0.0, 0.0162)
1716 : (13, 27, 0.0, 397.6664, 1.5, 0.0289)
1717 : (27, 13, 0.0042, 339.6581, 3.0, 0.0155)
1718 : (12, 28, 0.0086, 481.5977, 1.3333, 0.0365)
1719 : (28, 16, 0.0117, 622.4413, 2.8889, 0.1271)
1720 : (7, 34, 0.0, 466.1491, 1.0, 0.0199)
1721 : (33, 11, 0.0317, 591.7184, 3.2222, 0.1243)
1722 : (11, 29, 0.0, 395.7207, 1.8333, 0.0572)
1723 : (29, 12, 0.0031, 452.9503, 3.7143, 0.0609)
1724 : (6, 19, 0.0, 430.7892, 1.5, 0.0309)
1725 : (19, 6, 0.0091, 455.9163, 3.25, 0.0375)
1726 : (4, 17, 0.0349, 662.6518, 1.0, 0.0183)
1727 : (17, 4, 0.0063, 495.4154, 3.5, 0.0414)
1728 : (4, 36, 0.0, 700.7093, 1.0, 0.0386)
1729 : (36, 7, 0.0, 358.0982, 4.0, 0.0228)
1730 : (3, 37, 0.0297, 542.9132, 1.0, 0.0417)
1731 : (37, 5, 0.0162, 444.4568, 5.8, 0.0829)
1732 : (4, 36, 0.0708, 692.5555, 1.0, 0.0239)
1733 : (36, 4, 0.0081, 509.4951, 7.6667, 0.11)
1734 : (14, 28, 0.0036, 456.5039, 1.2727, 0.1501)
1735 : (26, 22, 0.0, 315.8591, 1.7857, 0.0456)
1736 : (15, 26, 0.0067, 598.3207, 1.0833, 0.1222)
1737 : (25, 19, 0.0, 400.8315, 1.6667, 0.0328)
1738 : (14, 27, 0.0244, 575.1474, 1.4, 0.1375)
1739 : (26, 16, 0.0024, 436.2744, 2.0, 0.038)
1740 : (2, 38, 0.0, 507.3839, 1.0, 0.019)
1741 : (38, 4, 0.0, 312.9739, 9.25, 0.0568)
1742 : (16, 24, 0.0, 576.2496, 2.2857, 0.0503)
1743 : (24, 17, 0.0, 332.6456, 3.8333, 0.0431)
1744 : (9, 31, 0.009, 617.3832, 1.125, 0.0471)
1745 : (31, 14, 0.0, 320.2351, 3.2222, 0.0379)
1746 : (12, 22, 0.0065, 644.1656, 1.5, 0.0319)
1747 : (22, 17, 0.0013, 265.6385, 2.2222, 0.0648)
1748 : (11, 29, 0.0, 304.3902, 1.1, 0.0331)
1749 : (29, 11, 0.0, 216.6687, 2.8, 0.0484)
1750 : (17, 23, 0.0189, 764.7722, 1.7778, 0.0452)
1751 : (23, 20, 0.0061, 259.0558, 1.9167, 0.0348)
1752 : (4, 15, 0.0, 722.7914, 1.0, 0.0257)
1753 : (15, 6, 0.0, 348.8875, 2.6, 0.0255)
1754 : (11, 27, 0.0076, 581.0021, 1.375, 0.0282)
1755 : (27, 13, 0.0, 357.9913, 3.25, 0.0279)
1756 : (11, 30, 0.0182, 747.2016, 1.375, 0.0402)
1757 : (29, 15, 0.0133, 359.0076, 2.3636, 0.0371)
1758 : (8, 32, 0.0287, 478.4396, 1.4, 0.0245)
1759 : (32, 14, 0.0, 273.8393, 4.0, 0.0324)
1760 : (6, 34, 0.0106, 621.0605, 1.0, 0.0371)
1761 : (34, 12, 0.0, 318.8985, 3.3, 0.0334)
1762 : (8, 32, 0.0297, 749.798, 1.0, 0.0412)
1763 : (32, 8, 0.0, 285.5089, 4.5714, 0.0235)
1764 : (19, 21, 0.0112, 670.5767, 1.7273, 0.0362)
1765 : (21, 23, 0.0181, 327.4476, 1.6667, 0.0252)
1766 : (7, 33, 0.0, 634.6201, 1.2, 0.0252)
1767 : (33, 7, 0.0, 294.0484, 5.5, 0.0234)
1768 : (26, 14, 0.024, 763.8269, 2.2222, 0.0329)
1769 : (14, 27, 0.0, 301.5973, 1.5556, 0.027)
1770 : (22, 18, 0.0604, 811.6691, 2.1, 0.0266)
1771 : (18, 22, 0.0, 458.6132, 1.8, 0.0107)
1772 : (2, 21, 0.0533, 825.8413, 1.0, 0.0466)
1773 : (21, 2, 0.0, 259.9875, 7.5, 0.0173)
1774 : (18, 22, 0.0096, 457.7614, 2.25, 0.0405)
1775 : (22, 21, 0.0, 256.6953, 2.375, 0.0306)
1776 : (17, 23, 0.0061, 663.1076, 2.0, 0.0439)
1777 : (23, 19, 0.0, 251.434, 2.3, 0.044)
1778 : (13, 27, 0.0, 561.6608, 1.4444, 0.0254)
1779 : (27, 14, 0.0088, 584.6079, 2.4, 0.0604)
1780 : (6, 34, 0.0119, 777.724, 1.25, 0.035)
1781 : (34, 13, 0.001, 387.2755, 3.4, 0.0647)
1782 : (16, 24, 0.0, 710.6864, 1.25, 0.0396)
1783 : (24, 17, 0.0266, 589.7985, 1.7143, 0.0135)
1784 : (16, 24, 0.0, 488.8215, 1.6, 0.0274)
1785 : (24, 18, 0.0046, 297.658, 1.9091, 0.0302)
1786 : (18, 22, 0.0407, 592.9355, 2.4286, 0.0297)
1787 : (22, 18, 0.0102, 625.4675, 3.1429, 0.0158)
1788 : (13, 27, 0.0156, 740.1952, 1.8571, 0.0429)
1789 : (27, 14, 0.0034, 404.3911, 4.3333, 0.0448)
1790 : (7, 15, 0.0165, 746.1968, 1.4, 0.0419)
1791 : (15, 8, 0.0, 411.3618, 2.4, 0.0347)
1792 : (12, 28, 0.0308, 812.0118, 1.4286, 0.0453)
1793 : (28, 20, 0.0, 362.8326, 2.0, 0.0611)
1794 : (16, 24, 0.0185, 733.5343, 1.6667, 0.0356)
1795 : (24, 17, 0.0084, 433.1773, 2.4, 0.0268)
1796 : (19, 21, 0.0438, 815.0276, 1.7273, 0.0301)
1797 : (21, 20, 0.0306, 522.4113, 1.6667, 0.017)
1798 : (15, 25, 0.0189, 598.2645, 1.5, 0.0296)
1799 : (25, 18, 0.0025, 311.9627, 1.8333, 0.0252)
1800 : (0, 29, 0.0, 0.0, 0.0, 0.0)
1801 : (29, 124, 0.0008, 264.237, 1.1667, 0.1915)
1802 : (0, 33, 0.0, 390.4551, 0.0, 0.0016)
1803 : (33, 117, 0.0008, 255.2385, 1.2222, 0.1885)
1804 : (6, 34, 0.0, 530.4684, 1.0, 0.0268)
1805 : (34, 6, 0.0174, 522.6101, 4.0, 0.023)
1806 : (4, 36, 0.0, 277.976, 1.0, 0.0341)
1807 : (36, 4, 0.0228, 290.7099, 12.0, 0.0126)
1808 : (4, 36, 0.0175, 559.9332, 1.3333, 0.025)
1809 : (36, 5, 0.008, 493.1005, 6.25, 0.0164)
1810 : (7, 33, 0.0, 476.9228, 1.0, 0.0417)
1811 : (33, 7, 0.0043, 445.6168, 4.4286, 0.0223)
1812 : (4, 36, 0.0, 457.7451, 1.0, 0.0274)
1813 : (36, 4, 0.0198, 493.3583, 10.6667, 0.0147)
1814 : (6, 34, 0.0, 432.2654, 1.25, 0.0299)
1815 : (34, 6, 0.0127, 478.2643, 6.8, 0.0266)
1816 : (2, 39, 0.0, 388.7094, 1.0, 0.0313)
1817 : (38, 2, 0.0, 385.3946, 4.5, 0.0356)
1818 : (2, 38, 0.0, 424.3038, 1.0, 0.0222)
1819 : (38, 2, 0.0432, 590.291, 18.0, 0.0195)
1820 : (2, 40, 0.0, 176.438, 1.0, 0.0532)
1821 : (38, 2, 0.0074, 533.1993, 15.5, 0.0321)
1822 : (1, 31, 0.0, 333.7821, 1.0, 0.0194)
1823 : (31, 1, 0.0, 512.3182, 18.0, 0.0246)
1824 : (4, 36, 0.0, 663.6436, 1.0, 0.0286)
1825 : (36, 4, 0.0205, 488.4159, 6.5, 0.02)
1826 : (5, 35, 0.0, 459.7678, 1.0, 0.0338)
1827 : (35, 6, 0.0293, 265.8937, 5.8, 0.0136)
1828 : (4, 37, 0.0, 378.495, 1.0, 0.0332)
1829 : (36, 6, 0.0106, 267.3934, 7.0, 0.0141)
1830 : (3, 37, 0.0, 578.4848, 1.0, 0.0257)
1831 : (37, 4, 0.0362, 292.0875, 8.6667, 0.0145)
1832 : (5, 36, 0.0258, 359.9787, 1.25, 0.0309)
1833 : (35, 6, 0.0418, 348.5807, 4.8, 0.0351)
1834 : (7, 33, 0.0, 577.0107, 1.0, 0.021)
1835 : (33, 7, 0.0252, 334.5957, 4.1429, 0.0307)
1836 : (6, 34, 0.0, 674.5232, 1.0, 0.0256)
1837 : (34, 8, 0.0631, 355.2175, 3.125, 0.0307)
1838 : (3, 38, 0.0, 412.364, 1.0, 0.0222)
1839 : (37, 6, 0.0409, 315.8344, 5.6667, 0.0339)
1840 : (10, 31, 0.008, 458.3761, 1.1111, 0.0266)
1841 : (30, 11, 0.0709, 364.7577, 2.0, 0.0223)
1842 : (7, 33, 0.0, 368.1298, 1.1667, 0.0205)
1843 : (33, 7, 0.039, 352.1283, 5.0, 0.0316)
1844 : (5, 35, 0.0, 763.4643, 1.0, 0.0286)
1845 : (35, 5, 0.004, 472.0974, 6.6, 0.0148)
1846 : (0, 40, 0.0, 536.0465, 0.0, 0.0089)
1847 : (40, 0, 0.0225, 452.7066, 0.0, 0.0214)
1848 : (5, 35, 0.0, 360.3117, 1.25, 0.0273)
1849 : (35, 5, 0.0202, 505.2692, 7.75, 0.0126)
1850 : (6, 35, 0.0, 330.8043, 1.0, 0.034)
1851 : (34, 6, 0.0076, 422.4352, 5.6667, 0.0328)
1852 : (2, 38, 0.0, 410.7454, 1.0, 0.0181)
1853 : (38, 2, 0.0079, 434.7353, 14.5, 0.0122)
1854 : (5, 35, 0.0, 513.0233, 1.0, 0.0284)
1855 : (35, 5, 0.004, 371.3124, 6.6, 0.0102)
1856 : (5, 35, 0.0, 457.6546, 1.0, 0.0316)
1857 : (35, 8, 0.0112, 496.5533, 4.375, 0.0321)
1858 : (1, 39, 0.0, 232.3214, 1.0, 0.0212)
1859 : (39, 1, 0.0038, 433.9749, 10.0, 0.0242)
1860 : (7, 34, 0.0, 346.9675, 1.4, 0.0455)
1861 : (33, 7, 0.0086, 493.5912, 5.6, 0.0192)
1862 : (4, 36, 0.0, 524.6764, 1.0, 0.025)
1863 : (36, 4, 0.0082, 477.6579, 9.0, 0.021)
1864 : (8, 45, 0.0069, 169.9061, 1.3333, 0.0801)
1865 : (32, 8, 0.0046, 281.3385, 5.8, 0.0244)
1866 : (5, 39, 0.0, 182.8263, 1.25, 0.0676)
1867 : (29, 6, 0.0039, 323.2375, 5.0, 0.0212)
1868 : (6, 40, 0.0, 197.9771, 1.0, 0.0645)
1869 : (34, 8, 0.009, 355.2539, 4.7143, 0.0195)
1870 : (2, 43, 0.0, 223.9462, 1.0, 0.053)
1871 : (36, 3, 0.0106, 377.2857, 9.3333, 0.0225)
1872 : (1, 41, 0.0038, 228.167, 1.0, 0.0537)
1873 : (39, 2, 0.0, 324.3512, 12.0, 0.0221)
1874 : (7, 47, 0.0, 148.6057, 1.0, 0.07)
1875 : (33, 9, 0.0033, 289.2982, 5.3333, 0.0214)
1876 : (5, 37, 0.0, 217.1558, 1.0, 0.0663)
1877 : (31, 7, 0.0, 266.2118, 4.5, 0.021)
1878 : (3, 23, 0.0, 170.8669, 1.0, 0.0675)
1879 : (17, 3, 0.0, 249.0063, 3.6667, 0.0157)
1880 : (5, 42, 0.0, 210.4614, 1.0, 0.0623)
1881 : (35, 5, 0.0086, 419.7339, 5.0, 0.0171)
1882 : (10, 30, 0.0, 597.0804, 1.2857, 0.0335)
1883 : (30, 13, 0.0, 135.7684, 3.0, 0.0103)
1884 : (7, 34, 0.0, 284.1729, 1.1667, 0.0417)
1885 : (33, 9, 0.013, 300.8043, 3.75, 0.0334)
1886 : (4, 36, 0.0, 417.4379, 1.3333, 0.0323)
1887 : (36, 4, 0.0036, 360.2062, 11.6667, 0.0638)
1888 : (6, 34, 0.0297, 966.7834, 1.25, 0.0225)
1889 : (34, 6, 0.1064, 460.1325, 6.8, 0.0185)
1890 : (7, 35, 0.0, 224.1085, 1.1667, 0.047)
1891 : (33, 7, 0.0499, 377.55, 4.8333, 0.0236)
1892 : (10, 30, 0.0, 670.8417, 1.1111, 0.0222)
1893 : (30, 10, 0.0383, 396.3672, 3.0, 0.0088)
1894 : (12, 29, 0.0145, 403.3156, 1.5, 0.0294)
1895 : (28, 12, 0.0111, 260.7237, 3.8571, 0.031)
1896 : (6, 34, 0.0, 203.5798, 1.25, 0.018)
1897 : (34, 6, 0.0, 565.0208, 6.8, 0.0319)
1898 : (4, 36, 0.0, 502.6927, 1.3333, 0.0179)
1899 : (36, 4, 0.0041, 357.2887, 5.6667, 0.0107)
1900 : (10, 26, 0.0, 406.4922, 2.25, 0.0245)
1901 : (26, 10, 0.005, 360.1359, 5.2, 0.0066)
1902 : (2, 38, 0.0, 660.6651, 1.0, 0.0154)
1903 : (38, 4, 0.0023, 329.542, 8.75, 0.0488)
1904 : (13, 27, 0.0076, 691.7111, 1.3, 0.0307)
1905 : (27, 13, 0.0186, 477.3089, 2.3, 0.0266)
1906 : (14, 26, 0.0212, 637.3917, 1.0769, 0.0473)
1907 : (26, 14, 0.0106, 396.8423, 2.0833, 0.0278)
1908 : (13, 27, 0.0, 534.5953, 1.4444, 0.0507)
1909 : (27, 13, 0.0208, 378.7548, 2.7778, 0.0313)
1910 : (12, 28, 0.0, 723.6811, 1.3333, 0.0337)
1911 : (28, 12, 0.0046, 387.678, 2.875, 0.0197)
1912 : (8, 32, 0.0, 455.3174, 1.1429, 0.029)
1913 : (32, 9, 0.0041, 473.1701, 4.4286, 0.0311)
1914 : (3, 37, 0.0, 420.44, 1.0, 0.0155)
1915 : (37, 3, 0.0039, 361.2553, 12.0, 0.0227)
1916 : (4, 36, 0.0, 561.9153, 1.3333, 0.0278)
1917 : (36, 5, 0.0, 398.252, 8.75, 0.0124)
1918 : (7, 33, 0.0, 595.8411, 1.4, 0.0323)
1919 : (33, 9, 0.0, 370.9453, 5.0, 0.0108)
1920 : (7, 33, 0.0, 367.7144, 1.0, 0.0259)
1921 : (33, 7, 0.0109, 331.1865, 3.7143, 0.0192)
1922 : (7, 33, 0.0, 322.3224, 1.1667, 0.0221)
1923 : (33, 7, 0.0529, 399.8352, 5.0, 0.0358)
1924 : (12, 28, 0.0371, 498.1014, 1.5, 0.0303)
1925 : (28, 12, 0.0547, 404.4442, 2.75, 0.0354)
1926 : (13, 27, 0.0099, 376.9399, 1.2, 0.0213)
1927 : (27, 13, 0.0582, 446.4158, 2.7, 0.0327)
1928 : (13, 28, 0.0087, 444.1362, 1.8333, 0.0329)
1929 : (27, 13, 0.048, 372.916, 4.5, 0.0342)
1930 : (13, 27, 0.0, 441.8702, 1.3, 0.0273)
1931 : (27, 13, 0.0197, 288.0114, 2.8889, 0.028)
1932 : (6, 36, 0.0, 357.6559, 1.0, 0.0508)
1933 : (34, 8, 0.014, 327.2096, 4.0, 0.0187)
1934 : (11, 29, 0.0, 440.3052, 1.2222, 0.0361)
1935 : (29, 12, 0.0089, 345.015, 2.7, 0.0141)
1936 : (13, 29, 0.0, 316.2802, 1.5, 0.0437)
1937 : (27, 13, 0.005, 394.7688, 3.0, 0.0249)
1938 : (8, 32, 0.0, 671.5984, 1.3333, 0.0326)
1939 : (32, 8, 0.027, 322.8678, 4.5, 0.0236)
1940 : (7, 35, 0.0, 334.5812, 1.0, 0.0424)
1941 : (33, 8, 0.0128, 351.4048, 3.375, 0.0204)
1942 : (10, 30, 0.0, 519.3019, 1.6667, 0.0265)
1943 : (30, 10, 0.0059, 307.9774, 4.3333, 0.018)
1944 : (13, 27, 0.0, 539.6474, 1.3333, 0.0315)
1945 : (27, 16, 0.0096, 177.2543, 3.0, 0.01)
1946 : (13, 27, 0.0, 736.9243, 1.0909, 0.0182)
1947 : (27, 16, 0.0, 233.651, 1.8, 0.0156)
1948 : (12, 28, 0.0, 430.5554, 1.3333, 0.026)
1949 : (28, 15, 0.0146, 251.7431, 2.8889, 0.0222)
1950 : (12, 29, 0.0152, 475.6265, 1.7143, 0.0378)
1951 : (28, 14, 0.0105, 313.8104, 2.5556, 0.0231)
1952 : (10, 30, 0.0, 617.5842, 1.4286, 0.03)
1953 : (30, 10, 0.0182, 343.413, 3.1429, 0.0278)
1954 : (12, 28, 0.0, 534.1207, 1.2, 0.0294)
1955 : (28, 12, 0.0177, 341.6354, 3.0, 0.0387)
1956 : (10, 30, 0.0, 491.1066, 1.1111, 0.0401)
1957 : (30, 10, 0.0094, 462.3448, 3.625, 0.0361)
1958 : (11, 29, 0.0, 407.4637, 1.1111, 0.0357)
1959 : (29, 11, 0.009, 403.3222, 3.2222, 0.0367)
1960 : (8, 32, 0.022, 844.2932, 1.3333, 0.0334)
1961 : (32, 8, 0.0045, 407.3111, 3.8333, 0.0307)
1962 : (9, 31, 0.0254, 599.2529, 1.5, 0.0371)
1963 : (31, 9, 0.0, 440.9559, 4.6667, 0.0272)
1964 : (14, 26, 0.0099, 702.9999, 1.2222, 0.0363)
1965 : (26, 14, 0.0154, 496.3882, 2.6, 0.017)
1966 : (9, 32, 0.0, 573.4607, 1.125, 0.045)
1967 : (31, 9, 0.0285, 328.498, 2.375, 0.0208)
1968 : (9, 32, 0.0, 480.6215, 1.125, 0.0349)
1969 : (31, 9, 0.0158, 435.507, 3.8571, 0.0233)
1970 : (13, 21, 0.0, 456.169, 1.1818, 0.0228)
1971 : (21, 13, 0.0088, 348.3908, 2.0, 0.025)
1972 : (15, 25, 0.009, 592.6545, 1.4, 0.0341)
1973 : (25, 15, 0.0067, 344.3004, 2.5, 0.0205)
1974 : (12, 28, 0.0, 377.7404, 1.2, 0.035)
1975 : (28, 15, 0.008, 275.4403, 2.4, 0.0386)
1976 : (20, 20, 0.0, 494.2403, 1.5385, 0.0283)
1977 : (20, 20, 0.0116, 554.8691, 1.5, 0.0306)
1978 : (20, 20, 0.0067, 530.471, 1.1875, 0.0279)
1979 : (20, 21, 0.0077, 513.5432, 1.25, 0.0343)
1980 : (7, 14, 0.0, 552.4681, 1.4, 0.0348)
1981 : (14, 7, 0.0313, 272.5513, 2.6, 0.0073)
1982 : (17, 23, 0.0, 401.0307, 1.7, 0.0344)
1983 : (23, 18, 0.0073, 268.8611, 2.1, 0.0346)
1984 : (16, 24, 0.0082, 815.5622, 2.1429, 0.0402)
1985 : (24, 19, 0.0044, 416.5934, 2.6667, 0.0272)
1986 : (14, 26, 0.0, 512.1613, 1.2727, 0.0288)
1987 : (26, 16, 0.0, 367.3589, 2.0833, 0.0252)
1988 : (13, 29, 0.0, 499.4849, 1.625, 0.0438)
1989 : (27, 14, 0.0206, 284.2866, 2.875, 0.0178)
1990 : (16, 24, 0.016, 604.8128, 1.4545, 0.0294)
1991 : (24, 19, 0.0076, 216.8576, 2.0, 0.0184)
1992 : (18, 22, 0.0069, 637.8126, 1.8, 0.0312)
1993 : (22, 19, 0.0195, 357.3055, 1.8182, 0.0123)
1994 : (16, 15, 0.016, 802.8785, 1.625, 0.0223)
1995 : (15, 16, 0.0186, 407.314, 1.6667, 0.0063)
1996 : (13, 24, 0.0096, 390.3865, 1.3, 0.0221)
1997 : (24, 13, 0.0141, 336.3957, 2.0, 0.0358)
1998 : (12, 28, 0.0106, 562.8683, 1.5, 0.0199)
1999 : (28, 15, 0.0037, 234.5895, 2.6, 0.0152)
*********************************************************
   	     	          entropy          	         obj_1         	       obj_2       
   	     	---------------------------	-----------------------	-------------------
gen	evals	min     	avg    	max	min	avg    	max    	min	avg    	max
0  	1000 	0.277335	2.44153	3  	0  	524.449	1379.78	0  	4.76291	39 