Gen : 0
0 : (13, 1)
1 : (1, 13)
2 : (0, 19)
3 : (19, 0)
4 : (2, 2)
5 : (2, 2)
6 : (0, 20)
7 : (20, 0)
8 : (1, 8)
9 : (8, 1)
10 : (14, 6)
11 : (6, 14)
12 : (0, 11)
13 : (11, 0)
14 : (0, 20)
15 : (20, 0)
16 : (5, 5)
17 : (5, 5)
18 : (3, 4)
19 : (4, 3)
20 : (20, 0)
21 : (0, 20)
22 : (0, 20)
23 : (20, 0)
24 : (18, 2)
25 : (2, 18)
26 : (1, 16)
27 : (16, 1)
28 : (0, 11)
29 : (11, 0)
30 : (11, 9)
31 : (9, 11)
32 : (16, 0)
33 : (0, 16)
34 : (7, 13)
35 : (13, 7)
36 : (3, 11)
37 : (11, 3)
38 : (0, 15)
39 : (15, 0)
40 : (7, 6)
41 : (6, 7)
42 : (4, 8)
43 : (8, 4)
44 : (18, 0)
45 : (0, 18)
46 : (8, 12)
47 : (12, 8)
48 : (0, 17)
49 : (17, 0)
50 : (1, 8)
51 : (8, 1)
52 : (6, 11)
53 : (11, 6)
54 : (1, 8)
55 : (8, 1)
56 : (4, 8)
57 : (8, 4)
58 : (3, 8)
59 : (8, 3)
60 : (9, 0)
61 : (0, 9)
62 : (2, 1)
63 : (1, 2)
64 : (1, 9)
65 : (9, 1)
66 : (3, 3)
67 : (3, 3)
68 : (4, 0)
69 : (0, 4)
70 : (6, 1)
71 : (1, 6)
72 : (20, 0)
73 : (0, 20)
74 : (0, 10)
75 : (10, 0)
76 : (0, 20)
77 : (20, 0)
78 : (0, 1)
79 : (1, 0)
80 : (13, 7)
81 : (7, 13)
82 : (6, 14)
83 : (14, 6)
84 : (3, 17)
85 : (17, 3)
86 : (20, 0)
87 : (0, 20)
88 : (0, 20)
89 : (20, 0)
90 : (11, 9)
91 : (9, 11)
92 : (0, 14)
93 : (14, 0)
94 : (12, 8)
95 : (8, 12)
96 : (10, 3)
97 : (3, 10)
98 : (20, 0)
99 : (0, 20)
*********************************************************
Gen : 1
0 : (0, 1)
1 : (1, 0)
2 : (3, 13)
3 : (13, 3)
4 : (0, 20)
5 : (20, 0)
6 : (0, 20)
7 : (20, 0)
8 : (3, 17)
9 : (17, 3)
10 : (2, 2)
11 : (2, 2)
12 : (7, 13)
13 : (13, 7)
18 : (9, 0)
19 : (0, 9)
20 : (2, 3)
21 : (3, 2)
22 : (11, 3)
23 : (3, 11)
26 : (14, 6)
27 : (6, 14)
28 : (15, 0)
29 : (0, 15)
30 : (0, 19)
31 : (19, 0)
34 : (20, 0)
35 : (0, 20)
36 : (1, 12)
37 : (12, 1)
38 : (12, 0)
39 : (0, 12)
40 : (0, 13)
41 : (13, 0)
42 : (7, 5)
43 : (5, 7)
44 : (11, 5)
45 : (5, 11)
46 : (17, 3)
47 : (3, 17)
48 : (20, 0)
49 : (0, 20)
50 : (20, 0)
51 : (0, 20)
58 : (3, 2)
59 : (2, 3)
60 : (11, 0)
61 : (0, 11)
62 : (15, 5)
63 : (5, 15)
64 : (18, 0)
65 : (0, 18)
66 : (17, 3)
67 : (3, 17)
68 : (20, 0)
69 : (0, 20)
70 : (1, 19)
71 : (19, 1)
72 : (16, 0)
73 : (0, 16)
74 : (3, 10)
75 : (10, 3)
76 : (2, 18)
77 : (18, 2)
78 : (5, 15)
79 : (15, 5)
80 : (20, 0)
81 : (0, 20)
82 : (5, 13)
83 : (13, 5)
86 : (1, 19)
87 : (19, 1)
88 : (0, 20)
89 : (20, 0)
90 : (6, 0)
91 : (0, 6)
*********************************************************
Gen : 2
2 : (9, 11)
3 : (11, 9)
4 : (5, 2)
5 : (2, 5)
8 : (13, 4)
9 : (4, 13)
10 : (16, 4)
11 : (4, 16)
12 : (16, 0)
13 : (0, 16)
16 : (18, 2)
17 : (2, 18)
18 : (3, 1)
19 : (1, 3)
20 : (8, 9)
21 : (9, 8)
22 : (0, 11)
23 : (11, 0)
28 : (13, 7)
29 : (7, 13)
30 : (13, 7)
31 : (7, 13)
32 : (4, 13)
33 : (13, 4)
34 : (0, 7)
35 : (7, 0)
36 : (0, 1)
37 : (1, 0)
40 : (7, 2)
41 : (2, 7)
42 : (3, 3)
43 : (3, 3)
46 : (6, 6)
47 : (6, 6)
52 : (11, 8)
53 : (8, 11)
54 : (18, 2)
55 : (2, 18)
56 : (20, 0)
57 : (0, 20)
58 : (10, 10)
59 : (10, 10)
60 : (13, 0)
61 : (0, 13)
62 : (2, 18)
63 : (18, 2)
64 : (0, 1)
65 : (1, 1)
66 : (18, 2)
67 : (2, 18)
68 : (1, 18)
69 : (18, 1)
70 : (0, 1)
71 : (1, 0)
74 : (8, 12)
75 : (12, 8)
76 : (9, 2)
77 : (2, 9)
80 : (20, 0)
81 : (0, 20)
82 : (0, 0)
83 : (0, 0)
84 : (1, 7)
85 : (7, 1)
90 : (0, 19)
91 : (19, 0)
92 : (0, 20)
93 : (20, 0)
94 : (12, 8)
95 : (8, 12)
98 : (2, 18)
99 : (18, 2)
*********************************************************
Gen : 3
2 : (0, 20)
3 : (20, 0)
4 : (8, 12)
5 : (12, 8)
6 : (17, 3)
7 : (3, 17)
10 : (2, 0)
11 : (0, 2)
14 : (16, 4)
15 : (4, 16)
16 : (15, 0)
17 : (0, 15)
20 : (20, 0)
21 : (0, 20)
22 : (7, 13)
23 : (13, 7)
26 : (8, 12)
27 : (12, 8)
28 : (3, 5)
29 : (5, 3)
30 : (20, 0)
31 : (0, 20)
32 : (10, 0)
33 : (0, 10)
34 : (11, 4)
35 : (4, 11)
36 : (6, 1)
37 : (1, 6)
38 : (8, 0)
39 : (0, 8)
46 : (3, 17)
47 : (17, 3)
48 : (19, 1)
49 : (1, 19)
50 : (18, 2)
51 : (2, 18)
52 : (20, 0)
53 : (0, 20)
56 : (20, 0)
57 : (0, 20)
60 : (6, 0)
61 : (0, 6)
62 : (0, 20)
63 : (20, 0)
66 : (0, 0)
67 : (0, 0)
68 : (5, 11)
69 : (11, 5)
74 : (19, 1)
75 : (1, 19)
76 : (1, 7)
77 : (7, 1)
78 : (9, 1)
79 : (1, 9)
88 : (0, 20)
89 : (20, 0)
90 : (10, 0)
91 : (0, 10)
92 : (14, 6)
93 : (6, 14)
96 : (1, 3)
97 : (3, 1)
*********************************************************
Gen : 4
0 : (1, 9)
1 : (9, 1)
2 : (20, 0)
3 : (0, 20)
6 : (7, 4)
7 : (4, 7)
8 : (17, 3)
9 : (3, 17)
10 : (0, 17)
11 : (17, 0)
14 : (20, 0)
15 : (0, 20)
16 : (13, 7)
17 : (7, 13)
20 : (0, 0)
21 : (0, 0)
24 : (0, 20)
25 : (20, 0)
26 : (7, 13)
27 : (13, 7)
28 : (13, 6)
29 : (6, 13)
32 : (1, 4)
33 : (4, 1)
34 : (15, 4)
35 : (4, 15)
38 : (10, 4)
39 : (4, 10)
40 : (7, 3)
41 : (3, 7)
42 : (20, 0)
43 : (0, 20)
44 : (0, 9)
45 : (9, 0)
48 : (10, 0)
49 : (0, 10)
50 : (0, 20)
51 : (20, 0)
56 : (1, 12)
57 : (12, 1)
62 : (1, 0)
63 : (0, 1)
64 : (4, 7)
65 : (7, 4)
66 : (7, 1)
67 : (1, 7)
68 : (0, 1)
69 : (1, 0)
70 : (2, 0)
71 : (0, 2)
74 : (8, 4)
75 : (4, 8)
76 : (6, 3)
77 : (3, 6)
78 : (9, 6)
79 : (6, 9)
80 : (20, 0)
81 : (0, 20)
82 : (0, 20)
83 : (20, 0)
84 : (15, 1)
85 : (1, 15)
88 : (12, 8)
89 : (8, 12)
90 : (8, 2)
91 : (2, 8)
92 : (4, 0)
93 : (0, 4)
94 : (2, 0)
95 : (0, 2)
96 : (19, 1)
97 : (1, 19)
98 : (0, 11)
99 : (11, 0)
*********************************************************
Gen : 5
0 : (11, 9)
1 : (9, 11)
2 : (4, 1)
3 : (1, 4)
4 : (14, 1)
5 : (1, 14)
6 : (2, 9)
7 : (9, 2)
8 : (1, 2)
9 : (2, 1)
10 : (8, 2)
11 : (2, 8)
12 : (13, 7)
13 : (7, 13)
16 : (0, 20)
17 : (20, 0)
18 : (20, 0)
19 : (0, 20)
20 : (5, 9)
21 : (9, 5)
22 : (1, 4)
23 : (4, 1)
24 : (6, 3)
25 : (3, 6)
28 : (20, 0)
29 : (0, 20)
30 : (20, 0)
31 : (0, 20)
32 : (7, 6)
33 : (6, 7)
34 : (1, 19)
35 : (19, 1)
36 : (8, 3)
37 : (3, 8)
38 : (17, 3)
39 : (3, 17)
40 : (0, 2)
41 : (2, 0)
48 : (8, 6)
49 : (6, 8)
52 : (0, 4)
53 : (4, 0)
56 : (7, 2)
57 : (2, 7)
58 : (7, 13)
59 : (13, 7)
60 : (6, 14)
61 : (14, 6)
66 : (7, 5)
67 : (5, 7)
72 : (3, 3)
73 : (3, 3)
80 : (10, 10)
81 : (10, 10)
82 : (20, 0)
83 : (0, 20)
84 : (4, 2)
85 : (2, 4)
86 : (20, 0)
87 : (0, 20)
88 : (17, 3)
89 : (3, 17)
94 : (17, 0)
95 : (0, 17)
96 : (13, 0)
97 : (0, 13)
98 : (20, 0)
99 : (0, 20)
*********************************************************
Gen : 6
0 : (18, 2)
1 : (2, 18)
2 : (6, 7)
3 : (7, 6)
6 : (12, 1)
7 : (1, 12)
8 : (15, 4)
9 : (4, 15)
12 : (1, 10)
13 : (10, 1)
14 : (14, 3)
15 : (3, 14)
16 : (1, 19)
17 : (19, 1)
18 : (10, 7)
19 : (7, 10)
20 : (3, 6)
21 : (6, 3)
22 : (14, 5)
23 : (5, 14)
24 : (20, 0)
25 : (0, 20)
28 : (6, 2)
29 : (2, 6)
30 : (6, 0)
31 : (0, 6)
32 : (3, 0)
33 : (0, 3)
36 : (7, 9)
37 : (9, 7)
38 : (5, 15)
39 : (15, 5)
40 : (4, 6)
41 : (6, 4)
42 : (13, 7)
43 : (7, 13)
44 : (9, 10)
45 : (10, 9)
46 : (16, 0)
47 : (0, 16)
52 : (1, 14)
53 : (14, 1)
58 : (10, 4)
59 : (3, 10)
60 : (4, 1)
61 : (1, 4)
62 : (10, 10)
63 : (10, 10)
64 : (9, 0)
65 : (0, 9)
66 : (15, 5)
67 : (5, 15)
68 : (0, 20)
69 : (20, 0)
70 : (0, 17)
71 : (17, 0)
74 : (0, 17)
75 : (17, 0)
76 : (0, 9)
77 : (9, 0)
78 : (0, 20)
79 : (20, 0)
80 : (5, 15)
81 : (15, 5)
82 : (1, 19)
83 : (19, 1)
84 : (6, 0)
85 : (0, 6)
90 : (11, 0)
91 : (0, 11)
92 : (9, 6)
93 : (6, 9)
94 : (19, 1)
95 : (1, 19)
96 : (3, 1)
97 : (1, 3)
*********************************************************
Gen : 7
2 : (0, 20)
3 : (20, 0)
4 : (0, 20)
5 : (20, 0)
8 : (15, 1)
9 : (1, 15)
12 : (3, 2)
13 : (2, 3)
14 : (0, 20)
15 : (20, 0)
16 : (4, 2)
17 : (2, 4)
18 : (0, 20)
19 : (20, 0)
20 : (0, 20)
21 : (20, 0)
24 : (17, 3)
25 : (3, 17)
30 : (1, 4)
31 : (4, 1)
32 : (16, 4)
33 : (4, 16)
34 : (1, 15)
35 : (15, 1)
42 : (0, 20)
43 : (20, 0)
44 : (11, 9)
45 : (9, 11)
46 : (12, 0)
47 : (0, 12)
48 : (0, 15)
49 : (15, 0)
50 : (6, 12)
51 : (12, 6)
52 : (6, 14)
53 : (14, 6)
54 : (20, 0)
55 : (0, 20)
56 : (4, 3)
57 : (3, 4)
58 : (20, 0)
59 : (0, 20)
60 : (0, 19)
61 : (19, 0)
66 : (3, 6)
67 : (6, 3)
68 : (11, 3)
69 : (3, 11)
70 : (3, 0)
71 : (0, 3)
72 : (20, 0)
73 : (0, 20)
74 : (1, 18)
75 : (18, 1)
76 : (3, 5)
77 : (5, 3)
78 : (14, 5)
79 : (5, 14)
80 : (9, 11)
81 : (11, 9)
82 : (19, 1)
83 : (1, 19)
86 : (20, 0)
87 : (0, 20)
92 : (18, 2)
93 : (2, 18)
94 : (0, 20)
95 : (20, 0)
96 : (1, 19)
97 : (19, 1)
98 : (0, 20)
99 : (20, 0)
*********************************************************
Gen : 8
0 : (4, 16)
1 : (16, 4)
2 : (1, 19)
3 : (19, 1)
4 : (13, 7)
5 : (7, 13)
6 : (20, 0)
7 : (0, 20)
8 : (20, 0)
9 : (0, 20)
10 : (17, 3)
11 : (3, 17)
14 : (1, 7)
15 : (7, 1)
16 : (0, 17)
17 : (17, 0)
18 : (17, 3)
19 : (3, 17)
22 : (1, 5)
23 : (5, 1)
24 : (14, 6)
25 : (6, 14)
26 : (0, 20)
27 : (20, 0)
30 : (4, 16)
31 : (16, 4)
32 : (9, 3)
33 : (3, 9)
34 : (0, 20)
35 : (20, 0)
36 : (0, 20)
37 : (20, 0)
40 : (10, 10)
41 : (10, 10)
42 : (8, 4)
43 : (4, 8)
44 : (6, 1)
45 : (1, 6)
46 : (20, 0)
47 : (0, 20)
54 : (0, 20)
55 : (20, 0)
56 : (0, 20)
57 : (20, 0)
60 : (8, 12)
61 : (12, 8)
68 : (8, 5)
69 : (5, 8)
70 : (0, 19)
71 : (19, 0)
72 : (19, 1)
73 : (1, 19)
74 : (0, 19)
75 : (19, 0)
78 : (16, 1)
79 : (1, 16)
80 : (0, 18)
81 : (18, 0)
88 : (20, 0)
89 : (0, 20)
90 : (0, 1)
91 : (1, 0)
92 : (9, 6)
93 : (6, 9)
96 : (0, 17)
97 : (17, 0)
*********************************************************
Gen : 9
0 : (0, 20)
1 : (20, 0)
4 : (0, 20)
5 : (20, 0)
6 : (1, 19)
7 : (19, 1)
8 : (0, 12)
9 : (12, 0)
12 : (2, 0)
13 : (0, 2)
14 : (0, 4)
15 : (4, 0)
16 : (0, 20)
17 : (20, 0)
18 : (20, 0)
19 : (0, 20)
22 : (1, 19)
23 : (19, 1)
24 : (0, 1)
25 : (1, 0)
26 : (11, 6)
27 : (6, 11)
32 : (20, 0)
33 : (0, 20)
34 : (3, 2)
35 : (2, 3)
38 : (2, 18)
39 : (18, 2)
42 : (5, 14)
43 : (14, 5)
46 : (20, 0)
47 : (0, 20)
48 : (20, 0)
49 : (0, 20)
50 : (8, 1)
51 : (1, 8)
54 : (15, 1)
55 : (1, 15)
56 : (19, 1)
57 : (1, 19)
58 : (0, 7)
59 : (7, 0)
60 : (0, 17)
61 : (17, 0)
72 : (4, 14)
73 : (14, 4)
74 : (5, 15)
75 : (15, 5)
76 : (0, 20)
77 : (20, 0)
78 : (1, 19)
79 : (19, 1)
84 : (1, 16)
85 : (16, 1)
88 : (0, 20)
89 : (20, 0)
90 : (8, 3)
91 : (3, 8)
92 : (16, 1)
93 : (1, 16)
94 : (0, 7)
95 : (7, 0)
96 : (0, 18)
97 : (18, 0)
*********************************************************
Gen : 10
0 : (1, 19)
1 : (19, 1)
6 : (14, 6)
7 : (6, 14)
8 : (14, 6)
9 : (6, 14)
14 : (0, 16)
15 : (16, 0)
16 : (20, 0)
17 : (0, 20)
20 : (13, 7)
21 : (7, 13)
24 : (20, 0)
25 : (0, 20)
28 : (9, 11)
29 : (11, 9)
30 : (1, 1)
31 : (1, 1)
36 : (9, 6)
37 : (6, 9)
38 : (20, 0)
39 : (0, 20)
40 : (1, 12)
41 : (12, 1)
42 : (1, 16)
43 : (16, 1)
44 : (20, 0)
45 : (0, 20)
48 : (0, 18)
49 : (18, 0)
50 : (20, 0)
51 : (0, 20)
52 : (20, 0)
53 : (0, 20)
54 : (20, 0)
55 : (0, 20)
56 : (0, 20)
57 : (20, 0)
58 : (20, 0)
59 : (0, 20)
60 : (4, 4)
61 : (4, 4)
62 : (12, 8)
63 : (8, 12)
64 : (0, 20)
65 : (20, 0)
68 : (0, 10)
69 : (10, 0)
74 : (1, 19)
75 : (19, 1)
76 : (1, 11)
77 : (11, 1)
78 : (0, 20)
79 : (20, 0)
80 : (0, 20)
81 : (20, 0)
82 : (2, 18)
83 : (18, 2)
84 : (7, 13)
85 : (13, 7)
86 : (2, 18)
87 : (18, 2)
90 : (0, 20)
91 : (20, 0)
92 : (0, 19)
93 : (19, 0)
94 : (0, 11)
95 : (11, 0)
96 : (20, 0)
97 : (0, 20)
98 : (6, 14)
99 : (14, 6)
*********************************************************
Gen : 11
10 : (2, 18)
11 : (18, 2)
12 : (0, 17)
13 : (17, 0)
18 : (0, 9)
19 : (9, 0)
20 : (0, 20)
21 : (20, 0)
22 : (0, 20)
23 : (20, 0)
24 : (3, 13)
25 : (13, 3)
28 : (0, 20)
29 : (20, 0)
30 : (7, 13)
31 : (13, 7)
34 : (0, 20)
35 : (20, 0)
36 : (0, 16)
37 : (16, 0)
38 : (0, 13)
39 : (13, 0)
40 : (0, 20)
41 : (20, 0)
44 : (0, 20)
45 : (20, 0)
52 : (2, 18)
53 : (18, 2)
54 : (2, 18)
55 : (18, 2)
56 : (0, 13)
57 : (13, 0)
58 : (0, 17)
59 : (17, 0)
62 : (10, 10)
63 : (10, 10)
66 : (0, 20)
67 : (20, 0)
70 : (19, 1)
71 : (1, 19)
72 : (17, 3)
73 : (3, 17)
74 : (0, 20)
75 : (20, 0)
76 : (11, 9)
77 : (9, 11)
78 : (0, 18)
79 : (18, 0)
80 : (20, 0)
81 : (0, 20)
82 : (20, 0)
83 : (0, 20)
84 : (0, 20)
85 : (20, 0)
86 : (4, 16)
87 : (16, 4)
88 : (5, 15)
89 : (15, 5)
90 : (19, 1)
91 : (1, 19)
92 : (0, 11)
93 : (11, 0)
94 : (2, 18)
95 : (18, 2)
96 : (0, 11)
97 : (11, 0)
98 : (0, 6)
99 : (6, 0)
*********************************************************
Gen : 12
2 : (0, 20)
3 : (20, 0)
4 : (1, 17)
5 : (17, 1)
12 : (16, 4)
13 : (4, 16)
14 : (1, 19)
15 : (19, 1)
16 : (9, 11)
17 : (11, 9)
18 : (0, 18)
19 : (18, 0)
20 : (1, 15)
21 : (15, 1)
22 : (13, 7)
23 : (7, 13)
24 : (0, 20)
25 : (20, 0)
26 : (0, 20)
27 : (20, 0)
32 : (0, 19)
33 : (19, 0)
34 : (6, 14)
35 : (14, 6)
38 : (0, 20)
39 : (20, 0)
40 : (0, 17)
41 : (17, 0)
42 : (1, 19)
43 : (19, 1)
44 : (1, 19)
45 : (19, 1)
48 : (18, 2)
49 : (2, 18)
50 : (17, 3)
51 : (3, 17)
52 : (2, 18)
53 : (18, 2)
60 : (0, 20)
61 : (20, 0)
62 : (0, 10)
63 : (10, 0)
64 : (0, 20)
65 : (20, 0)
66 : (0, 13)
67 : (13, 0)
70 : (0, 20)
71 : (20, 0)
72 : (0, 13)
73 : (13, 0)
74 : (16, 4)
75 : (4, 16)
76 : (1, 9)
77 : (9, 1)
82 : (1, 19)
83 : (19, 1)
84 : (0, 16)
85 : (16, 0)
88 : (0, 12)
89 : (12, 0)
90 : (1, 14)
91 : (14, 1)
92 : (0, 18)
93 : (18, 0)
94 : (10, 7)
95 : (7, 10)
96 : (0, 9)
97 : (9, 0)
98 : (0, 20)
99 : (20, 0)
*********************************************************
Gen : 13
2 : (1, 14)
3 : (14, 1)
8 : (0, 20)
9 : (20, 0)
12 : (0, 20)
13 : (20, 0)
16 : (10, 10)
17 : (10, 10)
20 : (11, 9)
21 : (9, 11)
22 : (0, 17)
23 : (17, 0)
26 : (3, 17)
27 : (17, 3)
28 : (0, 20)
29 : (20, 0)
30 : (0, 4)
31 : (4, 0)
32 : (2, 18)
33 : (18, 2)
36 : (10, 10)
37 : (10, 10)
40 : (14, 6)
41 : (6, 14)
46 : (2, 17)
47 : (17, 2)
50 : (16, 4)
51 : (4, 16)
52 : (11, 3)
53 : (3, 11)
54 : (6, 14)
55 : (14, 6)
56 : (1, 16)
57 : (16, 1)
60 : (0, 20)
61 : (20, 0)
62 : (13, 6)
63 : (6, 13)
66 : (0, 20)
67 : (20, 0)
70 : (0, 20)
71 : (20, 0)
72 : (0, 20)
73 : (20, 0)
74 : (19, 1)
75 : (1, 19)
76 : (0, 17)
77 : (17, 0)
78 : (0, 13)
79 : (13, 0)
80 : (0, 20)
81 : (20, 0)
82 : (11, 9)
83 : (9, 11)
84 : (0, 2)
85 : (2, 0)
86 : (0, 18)
87 : (18, 0)
88 : (10, 10)
89 : (10, 10)
92 : (1, 6)
93 : (6, 1)
96 : (3, 15)
97 : (15, 3)
98 : (7, 13)
99 : (13, 7)
*********************************************************
Gen : 14
0 : (0, 17)
1 : (17, 0)
2 : (5, 15)
3 : (15, 5)
6 : (2, 14)
7 : (14, 2)
10 : (0, 18)
11 : (18, 0)
12 : (2, 18)
13 : (18, 2)
14 : (8, 5)
15 : (5, 8)
16 : (13, 2)
17 : (2, 13)
18 : (0, 20)
19 : (20, 0)
22 : (1, 14)
23 : (14, 1)
26 : (13, 7)
27 : (7, 13)
30 : (0, 14)
31 : (14, 0)
34 : (17, 3)
35 : (3, 17)
38 : (8, 12)
39 : (12, 8)
40 : (1, 19)
41 : (19, 1)
42 : (0, 14)
43 : (14, 0)
44 : (8, 12)
45 : (12, 8)
46 : (1, 16)
47 : (16, 1)
50 : (11, 9)
51 : (9, 11)
54 : (18, 2)
55 : (2, 18)
58 : (1, 19)
59 : (19, 1)
60 : (7, 13)
61 : (13, 7)
62 : (8, 12)
63 : (12, 8)
68 : (0, 20)
69 : (20, 0)
70 : (6, 14)
71 : (14, 6)
76 : (5, 15)
77 : (15, 5)
78 : (0, 20)
79 : (20, 0)
80 : (3, 17)
81 : (17, 3)
82 : (3, 17)
83 : (17, 3)
86 : (10, 10)
87 : (10, 10)
88 : (8, 12)
89 : (12, 8)
94 : (0, 12)
95 : (12, 0)
96 : (1, 10)
97 : (10, 1)
*********************************************************
Gen : 15
2 : (0, 20)
3 : (20, 0)
4 : (3, 8)
5 : (8, 3)
6 : (4, 16)
7 : (16, 4)
12 : (9, 11)
13 : (11, 9)
14 : (1, 19)
15 : (19, 1)
18 : (1, 19)
19 : (19, 1)
20 : (0, 8)
21 : (8, 0)
22 : (1, 13)
23 : (13, 1)
24 : (0, 20)
25 : (20, 0)
30 : (5, 15)
31 : (15, 5)
32 : (1, 19)
33 : (19, 1)
34 : (3, 17)
35 : (17, 3)
36 : (0, 19)
37 : (19, 0)
42 : (17, 1)
43 : (1, 17)
44 : (0, 20)
45 : (20, 0)
46 : (1, 19)
47 : (19, 1)
48 : (2, 18)
49 : (18, 2)
50 : (0, 20)
51 : (20, 0)
52 : (0, 20)
53 : (20, 0)
56 : (0, 20)
57 : (20, 0)
58 : (13, 7)
59 : (7, 13)
60 : (0, 15)
61 : (15, 0)
62 : (3, 17)
63 : (17, 3)
64 : (7, 13)
65 : (13, 7)
66 : (0, 10)
67 : (10, 0)
68 : (0, 17)
69 : (17, 0)
70 : (1, 17)
71 : (17, 1)
72 : (15, 5)
73 : (5, 15)
74 : (0, 20)
75 : (20, 0)
78 : (0, 20)
79 : (20, 0)
80 : (0, 20)
81 : (20, 0)
82 : (2, 18)
83 : (18, 2)
88 : (1, 19)
89 : (19, 1)
90 : (0, 20)
91 : (20, 0)
94 : (0, 18)
95 : (18, 0)
96 : (3, 17)
97 : (17, 3)
98 : (6, 14)
99 : (14, 6)
*********************************************************
Gen : 16
0 : (7, 13)
1 : (13, 7)
2 : (3, 17)
3 : (17, 3)
6 : (0, 8)
7 : (8, 0)
8 : (4, 16)
9 : (16, 4)
12 : (0, 20)
13 : (20, 0)
14 : (0, 19)
15 : (19, 0)
18 : (3, 17)
19 : (17, 3)
20 : (1, 16)
21 : (16, 1)
22 : (8, 12)
23 : (12, 8)
24 : (13, 7)
25 : (7, 13)
26 : (2, 16)
27 : (16, 2)
28 : (1, 19)
29 : (19, 1)
32 : (1, 19)
33 : (19, 1)
42 : (3, 17)
43 : (17, 3)
44 : (0, 20)
45 : (20, 0)
46 : (0, 20)
47 : (20, 0)
48 : (1, 18)
49 : (18, 1)
52 : (16, 4)
53 : (4, 16)
54 : (0, 20)
55 : (20, 0)
60 : (0, 20)
61 : (20, 0)
62 : (3, 17)
63 : (17, 3)
68 : (0, 5)
69 : (5, 0)
70 : (0, 20)
71 : (20, 0)
72 : (0, 19)
73 : (19, 0)
74 : (0, 20)
75 : (20, 0)
76 : (0, 15)
77 : (15, 0)
80 : (10, 10)
81 : (10, 10)
82 : (6, 14)
83 : (14, 6)
84 : (0, 19)
85 : (19, 0)
86 : (11, 9)
87 : (9, 11)
88 : (0, 20)
89 : (20, 0)
90 : (0, 20)
91 : (20, 0)
92 : (5, 15)
93 : (15, 5)
94 : (1, 19)
95 : (19, 1)
96 : (0, 20)
97 : (20, 0)
98 : (1, 19)
99 : (19, 1)
*********************************************************
Gen : 17
0 : (0, 20)
1 : (20, 0)
2 : (0, 19)
3 : (19, 0)
4 : (14, 6)
5 : (6, 14)
6 : (14, 6)
7 : (6, 14)
8 : (3, 17)
9 : (17, 3)
10 : (0, 20)
11 : (20, 0)
16 : (12, 8)
17 : (8, 12)
18 : (10, 10)
19 : (10, 10)
20 : (7, 13)
21 : (13, 7)
22 : (10, 10)
23 : (10, 10)
24 : (1, 19)
25 : (19, 1)
28 : (0, 20)
29 : (20, 0)
30 : (1, 19)
31 : (19, 1)
32 : (0, 20)
33 : (20, 0)
34 : (0, 20)
35 : (20, 0)
36 : (4, 16)
37 : (16, 4)
38 : (3, 17)
39 : (17, 3)
40 : (5, 15)
41 : (15, 5)
44 : (3, 17)
45 : (17, 3)
46 : (0, 20)
47 : (20, 0)
52 : (9, 11)
53 : (11, 9)
54 : (6, 14)
55 : (14, 6)
58 : (6, 14)
59 : (14, 6)
60 : (0, 19)
61 : (19, 0)
62 : (6, 14)
63 : (14, 6)
64 : (11, 9)
65 : (9, 11)
68 : (5, 15)
69 : (15, 5)
70 : (0, 20)
71 : (20, 0)
72 : (1, 19)
73 : (19, 1)
74 : (7, 13)
75 : (13, 7)
76 : (0, 11)
77 : (11, 0)
78 : (3, 17)
79 : (17, 3)
84 : (1, 19)
85 : (19, 1)
86 : (3, 17)
87 : (17, 3)
90 : (2, 18)
91 : (18, 2)
96 : (9, 11)
97 : (11, 9)
*********************************************************
Gen : 18
0 : (10, 10)
1 : (10, 10)
2 : (1, 15)
3 : (15, 1)
10 : (6, 14)
11 : (14, 6)
12 : (1, 15)
13 : (15, 1)
14 : (10, 10)
15 : (10, 10)
16 : (10, 10)
17 : (10, 10)
20 : (0, 20)
21 : (20, 0)
22 : (1, 19)
23 : (19, 1)
26 : (1, 14)
27 : (14, 1)
30 : (0, 14)
31 : (14, 0)
32 : (7, 5)
33 : (5, 7)
34 : (8, 12)
35 : (12, 8)
36 : (7, 13)
37 : (13, 7)
38 : (2, 18)
39 : (18, 2)
40 : (3, 17)
41 : (17, 3)
42 : (1, 15)
43 : (15, 1)
46 : (1, 19)
47 : (19, 1)
48 : (1, 19)
49 : (19, 1)
50 : (0, 20)
51 : (20, 0)
54 : (0, 12)
55 : (12, 0)
56 : (11, 9)
57 : (9, 11)
58 : (1, 19)
59 : (19, 1)
60 : (2, 18)
61 : (18, 2)
62 : (0, 3)
63 : (3, 0)
64 : (6, 14)
65 : (14, 6)
66 : (8, 12)
67 : (12, 8)
68 : (5, 15)
69 : (15, 5)
70 : (2, 17)
71 : (17, 2)
74 : (8, 12)
75 : (12, 8)
76 : (5, 15)
77 : (15, 5)
78 : (8, 12)
79 : (12, 8)
80 : (0, 20)
81 : (20, 0)
84 : (0, 17)
85 : (17, 0)
86 : (1, 13)
87 : (13, 1)
88 : (5, 10)
89 : (10, 5)
90 : (0, 20)
91 : (20, 0)
92 : (1, 19)
93 : (19, 1)
94 : (5, 15)
95 : (15, 5)
98 : (0, 20)
99 : (20, 0)
*********************************************************
Gen : 19
2 : (6, 14)
3 : (14, 6)
6 : (0, 20)
7 : (20, 0)
8 : (8, 12)
9 : (12, 8)
10 : (9, 11)
11 : (11, 9)
12 : (20, 0)
13 : (0, 20)
16 : (5, 15)
17 : (15, 5)
18 : (3, 17)
19 : (17, 3)
20 : (9, 11)
21 : (11, 9)
22 : (0, 12)
23 : (12, 0)
24 : (0, 17)
25 : (17, 0)
26 : (0, 20)
27 : (20, 0)
28 : (10, 10)
29 : (10, 10)
32 : (8, 12)
33 : (12, 8)
34 : (0, 20)
35 : (20, 0)
36 : (11, 9)
37 : (9, 11)
38 : (0, 19)
39 : (19, 0)
40 : (1, 11)
41 : (11, 1)
42 : (6, 14)
43 : (14, 6)
46 : (1, 19)
47 : (19, 1)
48 : (0, 11)
49 : (11, 0)
50 : (1, 13)
51 : (13, 1)
54 : (0, 20)
55 : (20, 0)
56 : (9, 11)
57 : (11, 9)
58 : (0, 16)
59 : (16, 0)
60 : (5, 15)
61 : (15, 5)
68 : (1, 19)
69 : (19, 1)
74 : (8, 12)
75 : (12, 8)
76 : (4, 16)
77 : (16, 4)
78 : (0, 4)
79 : (4, 0)
80 : (12, 8)
81 : (8, 12)
82 : (1, 19)
83 : (19, 1)
84 : (2, 18)
85 : (18, 2)
86 : (20, 0)
87 : (0, 20)
90 : (0, 20)
91 : (20, 0)
92 : (5, 15)
93 : (15, 5)
94 : (1, 19)
95 : (19, 1)
96 : (1, 19)
97 : (19, 1)
98 : (1, 19)
99 : (19, 1)
*********************************************************
   	      entropy      	              diff             	       kills       
   	-------------------	-------------------------------	-------------------
gen	min    	avg    	max	min     	avg    	max    	min	avg  	max
0  	0      	0.91793	2  	0.50108 	1.23384	2.03337	1  	14.44	20 
1  	0      	1.51685	2  	0.662611	1.33408	2.03337	3  	14.84	20 
2  	0      	1.6452 	2  	0.662061	1.39267	2.03337	3  	13.56	20 
3  	0      	1.74451	2  	0.662061	1.42303	2.03337	3  	13.06	20 
4  	0      	1.78234	2  	0.662061	1.46389	2.03337	4  	13.38	20 
5  	0      	1.82431	2  	0.520829	1.51119	2.03337	5  	13.4 	20 
6  	0      	1.84029	2  	0.520829	1.52275	2.03337	6  	14.5 	20 
7  	0      	1.80144	2  	0.662061	1.60383	2.03337	6  	16.28	20 
8  	0      	1.74299	2  	1.40606 	1.82968	2.03337	6  	17.44	20 
9  	0      	1.76826	2  	1.45205 	1.89967	2.03337	7  	19.6 	20 
10 	0      	1.89966	2  	1.75284 	1.95223	2.03337	8  	19.76	20 
11 	1.86814	1.96528	2  	1.84814 	1.96238	2.03337	20 	20   	20 
12 	1.86814	1.95647	2  	1.84814 	1.96443	2.03337	20 	20   	20 
13 	1.86814	1.94559	2  	1.84814 	1.96991	2.04783	20 	20   	20 
14 	1.86814	1.97962	2  	1.84814 	1.93481	2.04783	20 	20   	20 
15 	1.9419 	1.99046	2  	1.84814 	1.91787	2.04783	20 	20   	20 
16 	1.9419 	1.99277	2  	1.84814 	1.90377	2.04783	20 	20   	20 
17 	1.62256	1.97312	2  	1.84814 	1.93892	2.06423	20 	20   	20 
18 	1.62256	1.95315	2  	1.88762 	1.97566	2.06567	12 	19.84	20 
19 	1.62256	1.97271	2  	1.88762 	1.97678	2.06567	12 	19.84	20 