Gen : 0
0 : (24, 16, 0.0018, 242.2284, 2.1818)
1 : (16, 24, 0.0, 211.3202, 1.4711)
2 : (20, 20, 0.0022, 235.0264, 1.6667)
3 : (20, 20, 0.0, 206.5603, 1.8788)
4 : (22, 18, 0.0018, 274.2476, 2.4444)
5 : (18, 22, 0.0, 203.2437, 2.1605)
6 : (25, 15, 0.0, 232.0521, 2.5)
7 : (15, 25, 0.0, 210.8722, 1.8333)
8 : (22, 18, 0.0, 146.4647, 2.0)
9 : (18, 22, 0.0027, 203.2469, 2.0)
10 : (26, 14, 0.0006, 206.8647, 2.8889)
11 : (14, 26, 0.0, 96.2117, 1.9861)
12 : (20, 20, 0.0007, 224.2798, 1.7273)
13 : (20, 20, 0.0, 233.9459, 1.9752)
14 : (22, 18, 0.0019, 249.0443, 3.1429)
15 : (18, 22, 0.0023, 190.3641, 2.3061)
16 : (31, 9, 0.0014, 227.9044, 4.2857)
17 : (9, 31, 0.0001, 170.1962, 1.898)
18 : (25, 15, 0.0028, 288.8116, 2.2727)
19 : (15, 25, 0.0001, 243.0878, 1.4273)
20 : (26, 14, 0.0029, 247.5728, 2.7778)
21 : (14, 26, 0.0001, 153.2589, 1.8642)
22 : (27, 13, 0.0016, 244.329, 2.625)
23 : (13, 27, 0.0, 183.0173, 1.9531)
24 : (26, 14, 0.0006, 234.1295, 3.0)
25 : (14, 26, 0.0, 210.0796, 1.8889)
26 : (24, 16, 0.0021, 283.9227, 2.6667)
27 : (16, 24, 0.0001, 185.2579, 1.963)
28 : (20, 20, 0.0014, 205.8167, 2.5)
29 : (20, 20, 0.0, 171.052, 2.6875)
30 : (28, 13, 0.002, 185.674, 2.8)
31 : (12, 28, 0.0001, 201.7414, 1.725)
32 : (23, 17, 0.0032, 295.1593, 2.3)
33 : (17, 23, 0.0001, 167.2618, 1.83)
34 : (26, 14, 0.0031, 268.2194, 3.25)
35 : (14, 26, 0.0001, 227.1965, 2.3214)
36 : (26, 14, 0.0, 249.2759, 3.7143)
37 : (14, 26, 0.0009, 119.2266, 2.7857)
38 : (20, 20, 0.0007, 246.6905, 1.7273)
39 : (20, 20, 0.0, 179.7219, 1.9752)
40 : (17, 23, 0.0038, 286.235, 1.3077)
41 : (23, 17, 0.0001, 221.6198, 1.7929)
42 : (23, 17, 0.0, 184.6998, 2.75)
43 : (17, 23, 0.0036, 213.3704, 2.1944)
44 : (17, 23, 0.0038, 278.0706, 1.8889)
45 : (23, 17, 0.0027, 213.9846, 2.6111)
46 : (22, 18, 0.0, 202.0587, 1.9091)
47 : (18, 22, 0.0, 185.1723, 1.8099)
48 : (24, 16, 0.0075, 324.321, 2.4)
49 : (16, 24, 0.0002, 163.5746, 1.74)
50 : (21, 19, 0.0, 225.8391, 2.2222)
51 : (19, 21, 0.0047, 232.6276, 2.358)
52 : (34, 6, 0.0, 200.3902, 5.6667)
53 : (6, 34, 0.0, 163.6905, 2.1333)
54 : (21, 19, 0.0007, 232.112, 2.0)
55 : (19, 21, 0.0, 197.4438, 1.9091)
56 : (15, 25, 0.0016, 199.135, 1.5556)
57 : (25, 15, 0.0, 232.1732, 2.6556)
58 : (18, 22, 0.0, 186.9822, 2.5714)
59 : (22, 18, 0.0037, 238.7163, 3.0816)
60 : (20, 20, 0.0007, 213.4185, 2.0)
61 : (20, 20, 0.0027, 194.3787, 2.1)
62 : (25, 15, 0.0024, 253.3421, 1.9091)
63 : (15, 25, 0.0001, 185.3091, 1.5372)
64 : (29, 11, 0.0, 218.1457, 4.0)
65 : (11, 29, 0.0, 88.8337, 1.875)
66 : (21, 19, 0.0032, 234.8403, 2.2222)
67 : (19, 21, 0.0001, 195.6312, 2.358)
68 : (15, 12, 0.0036, 313.0002, 2.0)
69 : (12, 15, 0.0001, 400.5721, 1.75)
70 : (23, 17, 0.0, 202.766, 2.875)
71 : (17, 23, 0.0, 206.7399, 2.3594)
72 : (5, 35, 0.0, 182.8366, 1.25)
73 : (35, 5, 0.0, 316.1501, 8.3125)
74 : (19, 21, 0.0031, 227.899, 2.5714)
75 : (21, 19, 0.0041, 197.4489, 2.9464)
76 : (20, 20, 0.0038, 249.8555, 2.2857)
77 : (20, 20, 0.0001, 214.4706, 2.7857)
78 : (23, 17, 0.0, 196.124, 2.875)
79 : (17, 23, 0.0, 172.3917, 2.4107)
80 : (24, 16, 0.0054, 306.7435, 2.4444)
81 : (16, 24, 0.0009, 189.1349, 2.0494)
82 : (26, 14, 0.0012, 252.2774, 2.8889)
83 : (14, 26, 0.0, 198.6161, 1.9861)
84 : (20, 20, 0.0, 196.4723, 2.375)
85 : (20, 20, 0.004, 209.0422, 2.7969)
86 : (28, 12, 0.0022, 241.473, 3.25)
87 : (12, 28, 0.0001, 252.117, 1.9063)
88 : (24, 16, 0.0013, 230.4806, 2.4)
89 : (16, 25, 0.0, 252.8417, 1.9333)
90 : (15, 25, 0.0, 249.5783, 1.8571)
91 : (25, 15, 0.0, 216.9861, 3.3571)
92 : (20, 20, 0.0007, 204.0903, 2.25)
93 : (20, 20, 0.0, 201.7747, 2.7813)
94 : (23, 17, 0.0027, 288.6373, 3.5)
95 : (17, 23, 0.0042, 91.7153, 2.9286)
96 : (24, 16, 0.0028, 276.324, 2.2)
97 : (16, 24, 0.0001, 128.6028, 1.6545)
98 : (24, 16, 0.0024, 289.8625, 2.8571)
99 : (16, 24, 0.0001, 191.5766, 2.3571)
100 : (29, 11, 0.0022, 167.1137, 3.0)
101 : (11, 29, 0.0045, 218.5774, 1.75)
102 : (19, 21, 0.0015, 161.852, 1.5833)
103 : (21, 19, 0.0, 197.5909, 1.7986)
104 : (19, 21, 0.0, 233.8202, 1.9)
105 : (21, 19, 0.0, 207.8754, 2.1)
106 : (26, 14, 0.0006, 260.6091, 2.2)
107 : (14, 26, 0.0, 171.6468, 3.24)
108 : (19, 21, 0.0038, 211.2798, 2.1111)
109 : (21, 19, 0.0001, 236.682, 2.6389)
110 : (18, 22, 0.0043, 331.324, 1.8889)
111 : (22, 18, 0.0007, 224.962, 2.3889)
112 : (22, 18, 0.0, 219.9664, 2.75)
113 : (18, 22, 0.0, 143.533, 2.5357)
114 : (26, 14, 0.0041, 265.679, 2.5556)
115 : (14, 26, 0.0001, 144.8349, 1.8395)
116 : (22, 18, 0.0, 230.1806, 2.75)
117 : (18, 22, 0.0, 253.0358, 2.3438)
118 : (26, 14, 0.0031, 307.3568, 2.4)
119 : (14, 26, 0.0001, 325.2792, 1.64)
120 : (31, 9, 0.0083, 360.8549, 6.0)
121 : (9, 31, 0.0026, 237.1502, 2.5)
122 : (24, 16, 0.0009, 217.272, 2.625)
123 : (16, 24, 0.0, 294.8818, 2.3281)
124 : (21, 19, 0.0014, 239.0769, 3.1667)
125 : (19, 21, 0.0, 267.0872, 3.1667)
126 : (20, 20, 0.002, 253.8954, 1.5385)
127 : (20, 20, 0.0, 163.7656, 1.5799)
128 : (25, 15, 0.0006, 224.6817, 3.5714)
129 : (15, 25, 0.0, 197.7707, 2.5102)
130 : (24, 16, 0.0063, 310.5709, 2.75)
131 : (16, 24, 0.0011, 237.9003, 2.0833)
132 : (22, 18, 0.006, 284.635, 1.6154)
133 : (18, 22, 0.0001, 131.4396, 1.5089)
134 : (25, 15, 0.0006, 184.8088, 3.5714)
135 : (15, 25, 0.0, 49.4625, 2.3673)
136 : (25, 15, 0.0006, 264.1377, 2.2)
137 : (15, 25, 0.0, 170.0986, 1.72)
138 : (20, 20, 0.0008, 207.1917, 2.0)
139 : (20, 20, 0.0, 212.4953, 2.1)
140 : (11, 29, 0.0033, 204.172, 1.5714)
141 : (29, 11, 0.0021, 204.1007, 4.9286)
142 : (27, 13, 0.0011, 269.9921, 3.4286)
143 : (13, 27, 0.0, 233.1316, 2.3469)
144 : (22, 18, 0.0026, 301.9944, 2.1)
145 : (18, 22, 0.0053, 255.0412, 2.01)
146 : (22, 18, 0.0, 203.0567, 2.4286)
147 : (18, 22, 0.0, 192.1056, 2.5536)
148 : (23, 19, 0.0017, 222.4728, 1.9)
149 : (17, 23, 0.0, 188.9445, 2.1)
150 : (13, 27, 0.0, 170.5009, 1.8333)
151 : (27, 13, 0.0, 336.5022, 4.119)
152 : (17, 23, 0.0, 192.2395, 1.5455)
153 : (23, 17, 0.0012, 257.6951, 2.0496)
154 : (28, 11, 0.0, 206.2666, 4.6667)
155 : (11, 28, 0.0, 201.0244, 2.9333)
156 : (14, 26, 0.0018, 211.1679, 1.625)
157 : (26, 14, 0.0, 222.3925, 3.0694)
158 : (26, 14, 0.0021, 276.7382, 3.25)
159 : (14, 26, 0.0001, 178.0623, 1.8929)
160 : (13, 27, 0.001, 186.1008, 1.3333)
161 : (27, 13, 0.0, 159.7705, 2.8333)
162 : (22, 18, 0.0013, 234.3552, 1.8333)
163 : (18, 22, 0.0015, 208.673, 1.7121)
164 : (19, 21, 0.0, 194.2766, 1.5833)
165 : (21, 19, 0.0, 157.2015, 1.7803)
166 : (32, 8, 0.001, 229.5611, 3.3333)
167 : (8, 32, 0.0, 154.5645, 1.8889)
168 : (15, 26, 0.0, 160.0567, 1.6667)
169 : (25, 15, 0.0022, 196.4661, 2.8333)
170 : (28, 12, 0.0026, 279.1675, 2.375)
171 : (12, 28, 0.0001, 189.7007, 1.7969)
172 : (29, 11, 0.0042, 278.4147, 4.5)
173 : (11, 29, 0.0002, 214.6537, 2.5833)
174 : (19, 21, 0.0023, 237.7455, 2.25)
175 : (21, 19, 0.0, 348.801, 2.5833)
176 : (33, 7, 0.0, 216.4664, 6.6)
177 : (7, 33, 0.0, 168.0256, 2.9)
178 : (28, 12, 0.0005, 141.36, 3.0)
179 : (12, 28, 0.0059, 188.0824, 1.6667)
180 : (26, 14, 0.0, 243.4408, 2.3)
181 : (14, 26, 0.0, 194.1766, 1.4818)
182 : (16, 24, 0.0016, 200.1028, 1.6)
183 : (24, 16, 0.0, 179.9913, 2.2889)
184 : (22, 18, 0.0012, 248.9781, 2.2)
185 : (18, 22, 0.0024, 188.0795, 2.0222)
186 : (17, 23, 0.0023, 208.8625, 1.5455)
187 : (23, 17, 0.0025, 191.2083, 2.1405)
188 : (25, 17, 0.0, 188.6539, 2.0)
189 : (15, 25, 0.0, 247.2546, 1.4167)
190 : (22, 18, 0.0007, 249.7506, 1.9091)
191 : (18, 22, 0.0008, 225.9568, 1.8099)
192 : (20, 20, 0.0007, 211.9585, 2.2222)
193 : (20, 20, 0.0014, 210.7202, 2.2469)
194 : (22, 18, 0.0049, 256.6059, 1.75)
195 : (18, 22, 0.0001, 154.2256, 1.6458)
196 : (32, 8, 0.0023, 263.7867, 6.75)
197 : (8, 32, 0.0055, 204.4346, 3.6875)
198 : (23, 17, 0.0006, 241.5222, 2.0909)
199 : (17, 23, 0.0, 180.5325, 1.6446)
200 : (21, 19, 0.0102, 363.4224, 2.625)
201 : (19, 21, 0.0003, 249.482, 2.9464)
202 : (17, 24, 0.0108, 331.6971, 1.7)
203 : (23, 17, 0.0002, 306.6653, 2.1889)
204 : (15, 25, 0.0014, 329.8852, 2.0)
205 : (25, 15, 0.0, 281.6364, 3.8571)
206 : (19, 22, 0.0069, 376.962, 2.375)
207 : (21, 19, 0.0001, 163.5736, 3.5625)
208 : (24, 16, 0.0176, 410.1089, 2.1667)
209 : (16, 24, 0.0004, 229.9761, 3.0278)
210 : (18, 23, 0.0019, 268.7905, 1.6364)
211 : (22, 18, 0.0, 247.5651, 2.2636)
212 : (25, 15, 0.0077, 337.2808, 2.1818)
213 : (15, 25, 0.0002, 210.8586, 1.4318)
214 : (19, 21, 0.0072, 278.6593, 1.9)
215 : (21, 19, 0.0008, 263.3466, 2.4333)
216 : (20, 20, 0.0084, 353.4645, 2.8571)
217 : (20, 20, 0.0002, 256.2118, 2.9796)
218 : (20, 20, 0.0108, 377.2525, 1.5385)
219 : (20, 20, 0.0002, 230.1804, 1.7115)
220 : (19, 22, 0.0162, 325.4772, 1.5556)
221 : (21, 19, 0.0003, 211.3078, 2.5062)
222 : (18, 23, 0.006, 310.8394, 1.6364)
223 : (22, 18, 0.0001, 239.1619, 1.876)
224 : (18, 22, 0.0108, 368.7576, 2.25)
225 : (22, 18, 0.0002, 210.2887, 2.4063)
226 : (23, 17, 0.0095, 346.892, 2.625)
227 : (17, 23, 0.0002, 235.6708, 2.1806)
228 : (1, 39, 0.0045, 319.6403, 1.0)
229 : (39, 1, 0.0001, 204.269, 8.0)
230 : (18, 22, 0.0084, 334.7314, 1.6364)
231 : (22, 18, 0.0002, 197.2351, 2.1636)
232 : (34, 6, 0.0133, 383.9417, 6.0)
233 : (6, 34, 0.0007, 187.8712, 3.0)
234 : (21, 19, 0.0088, 340.8073, 2.0)
235 : (19, 21, 0.0002, 281.3761, 1.9091)
236 : (26, 14, 0.0146, 318.5415, 3.4286)
237 : (14, 26, 0.0004, 261.6602, 2.4898)
238 : (27, 14, 0.0128, 415.2687, 3.7143)
239 : (13, 27, 0.0004, 194.5927, 2.3878)
240 : (16, 24, 0.0113, 405.5616, 1.875)
241 : (24, 16, 0.0002, 220.6969, 3.2344)
242 : (9, 31, 0.0086, 332.3239, 1.2857)
243 : (31, 9, 0.0001, 176.4034, 4.7143)
244 : (21, 19, 0.0108, 340.1352, 2.2222)
245 : (19, 21, 0.0002, 256.9791, 2.1222)
246 : (16, 24, 0.0035, 298.3942, 1.6)
247 : (24, 16, 0.0001, 274.4641, 2.6222)
248 : (17, 23, 0.0123, 374.5659, 1.8889)
249 : (23, 17, 0.0002, 240.8681, 2.6543)
250 : (24, 16, 0.0106, 388.1158, 2.5556)
251 : (16, 24, 0.0003, 205.4346, 2.0617)
252 : (21, 19, 0.0096, 364.3814, 1.9)
253 : (19, 21, 0.0002, 167.7879, 1.9)
254 : (23, 17, 0.0136, 413.1038, 2.625)
255 : (17, 23, 0.0003, 320.7841, 2.4531)
256 : (22, 18, 0.0177, 451.071, 2.25)
257 : (18, 23, 0.0004, 311.5378, 2.25)
258 : (20, 21, 0.0005, 324.7639, 1.8182)
259 : (20, 20, 0.0, 290.7392, 1.8926)
260 : (19, 22, 0.0081, 329.6082, 1.7273)
261 : (21, 19, 0.0002, 204.5012, 2.4141)
262 : (25, 15, 0.0138, 428.9872, 2.2727)
263 : (15, 25, 0.0004, 333.2086, 1.4793)
264 : (23, 17, 0.0118, 361.7084, 2.1)
265 : (17, 23, 0.0003, 234.7429, 1.7364)
266 : (23, 18, 0.0107, 379.7297, 1.6923)
267 : (17, 23, 0.0002, 332.9187, 1.5577)
268 : (23, 17, 0.0097, 336.948, 2.3)
269 : (17, 23, 0.0002, 266.1048, 1.73)
270 : (17, 23, 0.0038, 441.5499, 1.4444)
271 : (23, 17, 0.0001, 255.7957, 2.4444)
272 : (22, 18, 0.0013, 351.1952, 2.0)
273 : (18, 22, 0.0, 187.7623, 2.0)
274 : (19, 21, 0.0061, 394.7442, 1.75)
275 : (21, 19, 0.0001, 178.7789, 2.8438)
276 : (21, 19, 0.016, 432.842, 2.0)
277 : (19, 21, 0.0003, 280.8156, 2.1)
278 : (23, 18, 0.0127, 392.9163, 2.0)
279 : (17, 23, 0.0003, 198.7751, 1.7273)
280 : (30, 10, 0.0102, 362.0886, 3.5)
281 : (10, 30, 0.0003, 146.3923, 1.6875)
282 : (16, 24, 0.0103, 384.0537, 1.6667)
283 : (24, 16, 0.0002, 225.6689, 2.5667)
284 : (21, 19, 0.009, 411.7212, 2.375)
285 : (19, 21, 0.0002, 227.6158, 2.375)
286 : (16, 24, 0.0071, 406.3092, 1.7778)
287 : (24, 16, 0.0001, 216.1322, 2.5309)
288 : (15, 25, 0.0108, 360.8336, 1.5)
289 : (25, 15, 0.0002, 306.9802, 2.45)
290 : (17, 23, 0.015, 410.0359, 1.2143)
291 : (23, 17, 0.0003, 233.1257, 1.7857)
292 : (17, 23, 0.0142, 431.7726, 1.8889)
293 : (23, 17, 0.0003, 272.2631, 2.5432)
294 : (14, 26, 0.0107, 220.8871, 1.4)
295 : (26, 14, 0.0002, 232.5818, 2.44)
296 : (26, 14, 0.012, 421.9039, 2.5)
297 : (14, 26, 0.0003, 187.214, 1.65)
298 : (26, 14, 0.0036, 325.7056, 4.3333)
299 : (14, 26, 0.0001, 129.5514, 2.5556)
300 : (22, 18, 0.0026, 320.5096, 2.0)
301 : (18, 22, 0.0001, 206.7806, 1.9)
302 : (20, 20, 0.014, 416.1802, 2.7143)
303 : (20, 20, 0.0003, 189.4656, 2.8393)
304 : (21, 19, 0.0104, 369.4679, 2.5)
305 : (19, 22, 0.0002, 168.6325, 2.3889)
306 : (20, 20, 0.009, 357.6255, 2.2222)
307 : (20, 20, 0.0002, 185.7294, 2.5278)
308 : (7, 15, 0.0141, 377.8718, 1.1667)
309 : (15, 7, 0.0004, 217.3053, 2.0278)
310 : (22, 18, 0.0076, 357.1966, 1.9091)
311 : (18, 22, 0.0002, 243.9267, 1.6591)
312 : (16, 26, 0.0148, 388.1184, 1.6)
313 : (24, 16, 0.0003, 212.0323, 2.46)
314 : (18, 22, 0.0061, 317.8256, 1.6)
315 : (22, 18, 0.0001, 195.4749, 2.36)
316 : (19, 21, 0.0069, 319.634, 2.0)
317 : (21, 19, 0.0001, 274.3294, 2.5556)
318 : (16, 24, 0.0124, 364.0116, 1.3636)
319 : (24, 16, 0.0008, 313.0358, 2.1136)
320 : (22, 18, 0.0092, 325.0093, 2.0)
321 : (18, 22, 0.0002, 241.0897, 2.0)
322 : (23, 17, 0.0083, 335.3303, 2.625)
323 : (17, 23, 0.0002, 164.3977, 2.4531)
324 : (17, 23, 0.0029, 315.7511, 1.7)
325 : (23, 17, 0.0001, 163.615, 2.6333)
326 : (21, 20, 0.0139, 320.6503, 2.3333)
327 : (19, 21, 0.0003, 209.7661, 2.1667)
328 : (17, 23, 0.0033, 341.019, 2.125)
329 : (23, 17, 0.0001, 194.823, 3.0179)
330 : (20, 20, 0.0034, 239.4429, 2.0)
331 : (20, 20, 0.0001, 153.1593, 2.2)
332 : (24, 16, 0.0083, 350.6393, 2.4)
333 : (16, 24, 0.0002, 218.6506, 1.9333)
334 : (13, 27, 0.0009, 225.3331, 1.1818)
335 : (27, 13, 0.0, 247.0146, 2.5182)
336 : (19, 21, 0.0106, 401.2333, 1.7273)
337 : (21, 19, 0.0002, 190.954, 1.5207)
338 : (22, 18, 0.014, 407.8244, 2.75)
339 : (18, 22, 0.0017, 292.0296, 2.6786)
340 : (20, 20, 0.0091, 430.9237, 1.9)
341 : (20, 20, 0.0002, 179.76, 2.19)
342 : (27, 13, 0.0088, 324.3959, 2.6667)
343 : (13, 27, 0.0003, 237.3858, 1.7407)
344 : (21, 19, 0.0079, 338.4431, 2.0)
345 : (19, 21, 0.0002, 191.2479, 2.1)
346 : (18, 22, 0.0119, 358.9159, 2.0)
347 : (22, 18, 0.0002, 227.0337, 2.4444)
348 : (12, 28, 0.0038, 270.8342, 1.2)
349 : (28, 12, 0.0001, 294.5091, 2.9111)
350 : (16, 24, 0.008, 382.0991, 1.7778)
351 : (24, 16, 0.0001, 289.001, 2.642)
352 : (21, 19, 0.0104, 420.7308, 1.4615)
353 : (19, 21, 0.0002, 239.0586, 1.574)
354 : (21, 20, 0.0008, 292.6598, 2.8571)
355 : (19, 21, 0.0, 277.1105, 2.7321)
356 : (20, 20, 0.006, 322.0492, 2.1111)
357 : (20, 20, 0.0001, 212.7405, 2.2111)
358 : (14, 25, 0.0088, 336.835, 1.5556)
359 : (24, 14, 0.0002, 258.6346, 2.7284)
360 : (18, 22, 0.0168, 350.5566, 2.0)
361 : (22, 18, 0.0003, 235.3696, 2.0)
362 : (26, 14, 0.0165, 335.5386, 3.5714)
363 : (14, 26, 0.0004, 241.6322, 2.1964)
364 : (17, 23, 0.013, 444.2873, 2.2857)
365 : (23, 17, 0.0002, 249.0181, 3.1607)
366 : (25, 15, 0.0075, 376.6324, 3.5714)
367 : (15, 25, 0.0002, 308.697, 2.7619)
368 : (25, 15, 0.0186, 466.732, 2.625)
369 : (15, 25, 0.0006, 247.3143, 2.2031)
370 : (16, 24, 0.0029, 290.9754, 1.3333)
371 : (24, 16, 0.0001, 247.6665, 1.6111)
372 : (27, 13, 0.0164, 425.7805, 2.7778)
373 : (13, 27, 0.0005, 232.2555, 1.5778)
374 : (14, 24, 0.0118, 350.6931, 1.4286)
375 : (24, 14, 0.0002, 255.0083, 3.6327)
376 : (23, 17, 0.0107, 369.3179, 2.3)
377 : (17, 23, 0.0003, 290.6193, 1.8111)
378 : (21, 19, 0.0151, 407.1964, 1.6364)
379 : (19, 21, 0.0003, 274.8224, 1.876)
380 : (20, 20, 0.0096, 344.5268, 1.6667)
381 : (20, 20, 0.0002, 263.9114, 1.8788)
382 : (16, 24, 0.0152, 373.9164, 1.2727)
383 : (24, 16, 0.0003, 195.9399, 2.2975)
384 : (12, 13, 0.0117, 364.598, 1.5)
385 : (13, 12, 0.0004, 299.5011, 1.9286)
386 : (15, 25, 0.0061, 280.1781, 1.5)
387 : (25, 15, 0.0001, 294.0984, 2.55)
388 : (20, 20, 0.0109, 375.2704, 2.2222)
389 : (20, 20, 0.0002, 177.5061, 1.9028)
390 : (18, 22, 0.0109, 399.7342, 1.4545)
391 : (22, 18, 0.0002, 269.5932, 2.1322)
392 : (11, 29, 0.0084, 343.7192, 1.8333)
393 : (29, 11, 0.0001, 200.887, 4.3056)
394 : (17, 24, 0.0031, 368.8681, 2.0)
395 : (23, 17, 0.0001, 307.8535, 2.7778)
396 : (29, 11, 0.0089, 378.4926, 3.8)
397 : (11, 29, 0.0003, 180.189, 2.96)
398 : (15, 25, 0.0161, 399.4677, 1.875)
399 : (25, 15, 0.0003, 231.9238, 3.1094)
400 : (22, 15, 0.0, 143.1188, 2.2)
401 : (15, 22, 0.0, 98.1738, 1.8)
402 : (21, 19, 0.0, 133.2266, 2.5)
403 : (19, 21, 0.0, 168.3393, 2.3889)
404 : (30, 10, 0.0, 123.8388, 3.5714)
405 : (10, 30, 0.0009, 300.5551, 1.9388)
406 : (20, 20, 0.0023, 178.9938, 1.8)
407 : (20, 20, 0.0, 94.077, 2.18)
408 : (19, 21, 0.0, 108.1205, 2.25)
409 : (21, 20, 0.0, 163.506, 2.325)
410 : (26, 14, 0.0, 150.3072, 3.0)
411 : (14, 26, 0.0, 157.273, 2.125)
412 : (23, 17, 0.0, 166.2553, 2.5556)
413 : (17, 23, 0.0, 197.1349, 2.0617)
414 : (16, 24, 0.0, 198.8649, 1.4444)
415 : (24, 16, 0.0, 196.188, 2.8272)
416 : (31, 9, 0.0, 175.3352, 4.4286)
417 : (9, 31, 0.0, 308.6945, 2.0714)
418 : (29, 11, 0.0, 168.1022, 2.75)
419 : (11, 29, 0.0, 236.4945, 1.5278)
420 : (19, 21, 0.0, 117.9227, 2.25)
421 : (21, 19, 0.0, 176.8491, 2.5833)
422 : (21, 19, 0.0, 111.041, 2.25)
423 : (19, 21, 0.0, 184.2681, 2.3611)
424 : (23, 17, 0.0, 170.6526, 3.1429)
425 : (17, 23, 0.0, 226.8775, 2.5179)
426 : (18, 22, 0.0, 110.0678, 1.6364)
427 : (22, 18, 0.0, 126.2556, 2.2636)
428 : (24, 16, 0.0, 119.832, 2.75)
429 : (16, 24, 0.0007, 149.3252, 2.3438)
430 : (11, 29, 0.0, 173.134, 1.1)
431 : (29, 11, 0.0, 174.7552, 2.81)
432 : (23, 17, 0.0, 184.8972, 2.3)
433 : (17, 23, 0.0, 232.2926, 1.9222)
434 : (35, 5, 0.0, 174.562, 8.25)
435 : (5, 35, 0.0, 237.3962, 3.3125)
436 : (19, 21, 0.0, 134.6511, 2.0)
437 : (21, 19, 0.0006, 198.8305, 2.3)
438 : (28, 12, 0.0, 191.3819, 2.8)
439 : (12, 29, 0.0, 92.8966, 1.4222)
440 : (26, 14, 0.0, 157.5534, 2.8889)
441 : (14, 26, 0.0, 145.0812, 1.6543)
442 : (21, 19, 0.0, 128.351, 2.25)
443 : (19, 21, 0.0, 193.0484, 2.3611)
444 : (15, 25, 0.0038, 265.9076, 2.1429)
445 : (25, 16, 0.0001, 124.7706, 3.5918)
446 : (15, 25, 0.0, 112.4372, 1.5)
447 : (25, 15, 0.0, 274.6345, 2.15)
448 : (22, 18, 0.0, 153.3283, 2.3333)
449 : (18, 22, 0.0, 193.0583, 2.0333)
450 : (25, 15, 0.0, 153.1425, 2.1818)
451 : (15, 25, 0.0, 165.1645, 1.4318)
452 : (25, 15, 0.0, 188.5687, 2.0909)
453 : (15, 25, 0.0, 152.1693, 1.5537)
454 : (24, 16, 0.0, 156.7472, 2.625)
455 : (16, 24, 0.0, 178.0557, 2.3281)
456 : (22, 18, 0.0, 209.9802, 2.2222)
457 : (18, 22, 0.0006, 209.4515, 2.0222)
458 : (19, 21, 0.0, 198.5293, 1.7273)
459 : (21, 19, 0.0, 178.6179, 2.1727)
460 : (16, 24, 0.0, 176.3682, 2.0)
461 : (24, 16, 0.0, 204.1892, 2.875)
462 : (12, 28, 0.0066, 439.2275, 1.5)
463 : (28, 13, 0.0005, 183.7611, 2.9444)
464 : (17, 23, 0.0, 121.7979, 1.4545)
465 : (23, 17, 0.0, 196.8636, 2.2231)
466 : (19, 21, 0.0065, 275.3959, 2.7143)
467 : (21, 19, 0.0001, 175.6062, 2.9592)
468 : (28, 12, 0.0, 204.2091, 3.375)
469 : (12, 28, 0.0, 177.4473, 1.9219)
470 : (27, 13, 0.0, 192.7342, 2.5)
471 : (13, 27, 0.0, 217.3787, 1.55)
472 : (20, 20, 0.0, 128.76, 1.7273)
473 : (20, 21, 0.0, 206.8783, 1.8106)
474 : (23, 17, 0.0, 152.6214, 2.2)
475 : (17, 23, 0.0006, 259.9064, 1.92)
476 : (21, 19, 0.0, 198.3393, 1.8182)
477 : (19, 21, 0.0, 110.0341, 1.8926)
478 : (27, 13, 0.0, 159.2497, 3.25)
479 : (13, 27, 0.0, 147.1404, 1.8056)
480 : (16, 24, 0.0, 210.8312, 2.0)
481 : (24, 16, 0.0, 177.8366, 3.25)
482 : (29, 11, 0.0, 128.186, 3.625)
483 : (11, 29, 0.0, 177.4543, 1.7031)
484 : (20, 20, 0.0, 142.1306, 1.4615)
485 : (20, 20, 0.0, 221.2519, 1.6509)
486 : (21, 19, 0.0, 147.7459, 2.0)
487 : (19, 21, 0.0, 188.2901, 1.9091)
488 : (16, 5, 0.0, 169.4817, 2.0)
489 : (5, 16, 0.0, 225.2333, 2.3333)
490 : (25, 15, 0.0, 97.5105, 2.7778)
491 : (15, 25, 0.0, 195.3753, 1.9722)
492 : (14, 26, 0.0, 131.3821, 1.8571)
493 : (26, 14, 0.001, 269.9563, 3.9796)
494 : (23, 17, 0.0, 212.2028, 3.0)
495 : (17, 23, 0.0, 190.0325, 2.8571)
496 : (11, 29, 0.0, 144.1317, 1.2222)
497 : (29, 11, 0.0, 163.5987, 3.5278)
498 : (6, 0, 0.0, 144.0674, 0.0)
499 : (0, 6, 0.0, 313.756, 0.0)
500 : (16, 10, 0.0, 143.647, 2.1429)
501 : (10, 16, 0.0, 165.1225, 1.7347)
502 : (24, 16, 0.0, 115.3221, 2.875)
503 : (16, 24, 0.0, 144.5202, 2.3594)
504 : (33, 7, 0.0, 149.6366, 5.0)
505 : (7, 33, 0.0, 281.1299, 1.7143)
506 : (25, 15, 0.0, 109.7041, 2.7778)
507 : (15, 25, 0.0, 132.7238, 1.9722)
508 : (20, 20, 0.0, 168.7885, 2.125)
509 : (20, 20, 0.0, 192.3969, 2.4583)
510 : (22, 18, 0.0, 181.9017, 2.1111)
511 : (18, 22, 0.0, 191.785, 2.0111)
512 : (16, 24, 0.0, 145.1994, 1.4)
513 : (24, 17, 0.0, 190.7864, 2.3091)
514 : (19, 21, 0.0, 145.3088, 1.7273)
515 : (21, 19, 0.0, 205.3373, 2.1727)
516 : (14, 26, 0.0, 122.0253, 1.4444)
517 : (26, 14, 0.0, 182.5691, 2.7444)
518 : (17, 23, 0.0, 126.6684, 1.5455)
519 : (23, 17, 0.0, 126.9759, 2.3545)
520 : (21, 19, 0.0, 106.3115, 1.75)
521 : (19, 21, 0.0005, 275.5101, 1.7955)
522 : (15, 25, 0.0, 186.5055, 1.2727)
523 : (25, 15, 0.0, 137.0502, 2.3884)
524 : (18, 22, 0.0, 157.45, 1.7)
525 : (22, 18, 0.0, 193.5749, 2.1545)
526 : (21, 19, 0.0, 121.4056, 1.8182)
527 : (19, 21, 0.0, 206.3287, 1.7348)
528 : (21, 19, 0.0, 108.5162, 2.1111)
529 : (19, 21, 0.0, 175.5781, 2.3457)
530 : (21, 19, 0.0, 149.4602, 2.2222)
531 : (19, 21, 0.0, 172.2328, 2.1222)
532 : (13, 27, 0.0, 41.1168, 1.3)
533 : (27, 14, 0.0005, 238.3021, 2.4818)
534 : (19, 21, 0.0, 128.2223, 2.125)
535 : (21, 19, 0.0, 297.3277, 2.8906)
536 : (20, 20, 0.0, 133.5591, 2.2222)
537 : (20, 20, 0.0, 208.1759, 2.2778)
538 : (28, 13, 0.0, 163.371, 3.1111)
539 : (12, 28, 0.0, 134.9355, 1.7639)
540 : (16, 24, 0.0, 133.2123, 2.2857)
541 : (24, 16, 0.0, 253.6706, 3.6122)
542 : (30, 10, 0.0, 132.5349, 3.8333)
543 : (10, 30, 0.0, 172.5803, 1.9762)
544 : (16, 24, 0.0, 110.593, 1.6)
545 : (24, 16, 0.0005, 290.4402, 2.26)
546 : (23, 17, 0.0, 169.1993, 2.5556)
547 : (17, 23, 0.0, 168.9284, 2.3194)
548 : (12, 19, 0.0, 148.2744, 1.8333)
549 : (19, 12, 0.0013, 209.1659, 3.4722)
550 : (17, 23, 0.0, 140.6337, 2.0)
551 : (23, 17, 0.0, 199.674, 3.125)
552 : (18, 22, 0.0, 129.2218, 1.8)
553 : (22, 18, 0.0011, 184.5702, 1.98)
554 : (24, 16, 0.0, 147.625, 2.3)
555 : (16, 24, 0.0007, 145.1138, 1.83)
556 : (27, 13, 0.0, 139.0785, 2.7)
557 : (13, 27, 0.0, 176.5164, 1.5222)
558 : (24, 16, 0.0, 142.7498, 2.0)
559 : (16, 24, 0.0, 139.6714, 1.6364)
560 : (19, 21, 0.0, 141.1445, 2.1111)
561 : (21, 19, 0.0, 180.6424, 2.6389)
562 : (34, 6, 0.006, 348.456, 4.3333)
563 : (6, 34, 0.0003, 215.6543, 1.7222)
564 : (1, 8, 0.0, 299.2875, 1.0)
565 : (8, 1, 0.0, 202.2145, 6.0)
566 : (18, 22, 0.0, 105.7601, 1.6364)
567 : (22, 18, 0.001, 205.0388, 2.0579)
568 : (30, 10, 0.0, 196.8144, 3.625)
569 : (10, 30, 0.0, 153.5181, 1.5139)
570 : (19, 21, 0.0, 169.7211, 1.6364)
571 : (21, 19, 0.0, 188.6715, 2.0579)
572 : (17, 23, 0.0, 264.8205, 1.7778)
573 : (23, 18, 0.0, 139.2019, 2.4778)
574 : (14, 26, 0.0, 104.7889, 1.4)
575 : (26, 14, 0.0006, 275.6458, 2.8222)
576 : (26, 14, 0.0, 140.2444, 2.7778)
577 : (14, 26, 0.0, 197.2853, 1.6778)
578 : (28, 12, 0.0, 155.9082, 3.5)
579 : (12, 28, 0.0, 197.7519, 1.6875)
580 : (29, 11, 0.0, 187.8331, 3.125)
581 : (11, 29, 0.0, 187.0892, 1.7656)
582 : (20, 20, 0.0, 176.3922, 1.6667)
583 : (20, 20, 0.0, 125.1674, 1.8788)
584 : (27, 13, 0.0, 165.0091, 2.6)
585 : (13, 27, 0.0, 149.9636, 1.4182)
586 : (17, 23, 0.0, 100.951, 1.8889)
587 : (23, 17, 0.0006, 167.3669, 2.2361)
588 : (23, 17, 0.0, 139.1266, 2.3)
589 : (17, 23, 0.0, 177.1719, 1.73)
590 : (22, 18, 0.0, 136.6952, 2.2)
591 : (18, 22, 0.0, 143.3962, 2.1333)
592 : (20, 20, 0.0, 137.8427, 1.5)
593 : (20, 20, 0.0, 279.9123, 1.6538)
594 : (15, 25, 0.0, 138.247, 1.7143)
595 : (25, 15, 0.0, 159.0453, 3.3393)
596 : (18, 22, 0.0, 125.0021, 2.0)
597 : (22, 18, 0.0, 206.3963, 2.75)
598 : (30, 10, 0.0, 128.5315, 3.2857)
599 : (10, 30, 0.0, 204.2997, 1.6607)
600 : (17, 23, 0.0006, 246.4018, 1.7)
601 : (23, 17, 0.0, 143.6988, 2.37)
602 : (28, 14, 0.0, 272.4674, 3.0)
603 : (12, 28, 0.0, 136.4689, 1.875)
604 : (10, 30, 0.0005, 199.7306, 1.6667)
605 : (30, 10, 0.0005, 250.1802, 5.3333)
606 : (25, 15, 0.0, 225.6229, 2.5)
607 : (15, 25, 0.0, 143.4826, 1.8333)
608 : (13, 27, 0.0, 159.5394, 1.8571)
609 : (27, 13, 0.0, 238.3782, 3.4082)
610 : (16, 24, 0.0, 176.9908, 1.4545)
611 : (24, 16, 0.0, 190.6144, 2.0413)
612 : (21, 19, 0.0, 213.2095, 2.1)
613 : (19, 22, 0.0, 155.315, 2.01)
614 : (15, 25, 0.0004, 225.4671, 1.4444)
615 : (25, 15, 0.0, 200.5914, 2.9383)
616 : (14, 26, 0.0, 129.8058, 1.4)
617 : (26, 14, 0.0, 180.9893, 2.9333)
618 : (17, 23, 0.0002, 200.2023, 1.3077)
619 : (23, 17, 0.0, 150.7215, 1.6391)
620 : (21, 19, 0.0005, 224.1968, 1.9091)
621 : (19, 21, 0.0, 229.2009, 1.8099)
622 : (6, 23, 0.0, 260.7069, 1.5)
623 : (23, 6, 0.0006, 233.209, 5.375)
624 : (16, 24, 0.0, 265.6976, 1.4444)
625 : (24, 16, 0.0, 188.6273, 2.5444)
626 : (18, 22, 0.0092, 198.2796, 2.0)
627 : (22, 18, 0.0002, 262.9324, 2.5556)
628 : (13, 27, 0.0, 225.1595, 1.625)
629 : (27, 13, 0.002, 291.2359, 3.3281)
630 : (29, 11, 0.0013, 305.2324, 3.5)
631 : (11, 29, 0.0, 231.4392, 1.6111)
632 : (20, 21, 0.0, 201.5994, 2.25)
633 : (20, 20, 0.0, 225.8664, 2.7813)
634 : (16, 24, 0.0, 176.1999, 1.3333)
635 : (24, 16, 0.0, 176.3872, 2.2121)
636 : (28, 12, 0.0004, 234.3611, 2.1818)
637 : (12, 28, 0.0, 140.9829, 1.2893)
638 : (20, 21, 0.0, 205.0226, 2.0)
639 : (20, 20, 0.0007, 240.5614, 2.1)
640 : (21, 20, 0.0, 191.7687, 1.3571)
641 : (19, 21, 0.0, 179.4868, 1.4541)
642 : (16, 24, 0.0, 225.806, 1.4545)
643 : (24, 16, 0.0, 196.6386, 1.8455)
644 : (18, 22, 0.0, 257.5954, 1.5)
645 : (22, 18, 0.0, 188.7728, 2.0455)
646 : (25, 15, 0.0, 215.9876, 3.0)
647 : (15, 25, 0.0008, 236.6685, 2.0)
648 : (16, 24, 0.0, 223.9168, 1.7778)
649 : (24, 16, 0.0, 191.7409, 2.5309)
650 : (21, 19, 0.0003, 291.4821, 1.9091)
651 : (19, 21, 0.0, 180.1882, 1.9909)
652 : (18, 22, 0.0, 213.856, 1.3077)
653 : (22, 18, 0.0, 132.5853, 1.7929)
654 : (22, 18, 0.0, 230.4003, 2.2)
655 : (18, 22, 0.0, 207.4258, 2.0222)
656 : (16, 25, 0.0003, 187.138, 1.6667)
657 : (24, 16, 0.0005, 223.2537, 2.8519)
658 : (10, 30, 0.0, 226.7127, 1.25)
659 : (30, 10, 0.0005, 216.0025, 3.6563)
660 : (22, 19, 0.0, 227.0563, 2.0)
661 : (18, 22, 0.001, 188.6846, 2.0)
662 : (16, 24, 0.0, 196.0601, 1.6)
663 : (24, 16, 0.0, 294.6636, 2.46)
664 : (25, 15, 0.0, 217.8775, 2.0833)
665 : (15, 25, 0.0, 181.8679, 1.4621)
666 : (19, 21, 0.0011, 352.4319, 2.1111)
667 : (21, 19, 0.0, 120.8071, 2.5139)
668 : (17, 24, 0.0, 226.0664, 1.4167)
669 : (23, 17, 0.0, 151.5253, 2.1288)
670 : (20, 20, 0.0, 186.843, 2.1111)
671 : (20, 20, 0.0, 180.2882, 2.4568)
672 : (19, 21, 0.0003, 167.4128, 1.4615)
673 : (21, 19, 0.0007, 189.8868, 1.7885)
674 : (17, 23, 0.0, 234.0573, 1.75)
675 : (23, 17, 0.0, 164.5063, 3.0938)
676 : (18, 22, 0.0, 247.7317, 1.8)
677 : (22, 18, 0.0, 199.1946, 2.5333)
678 : (22, 18, 0.0, 163.2454, 2.0)
679 : (18, 22, 0.0007, 214.3957, 2.2222)
680 : (10, 31, 0.0, 163.9947, 1.25)
681 : (30, 10, 0.0, 203.0903, 3.7813)
682 : (23, 17, 0.0, 218.9557, 2.2)
683 : (17, 23, 0.0, 193.4688, 1.92)
684 : (23, 17, 0.0, 230.2298, 2.4444)
685 : (17, 23, 0.0007, 222.3795, 1.9444)
686 : (22, 18, 0.0004, 240.5661, 2.0)
687 : (18, 22, 0.0, 169.3896, 2.0)
688 : (29, 11, 0.0, 259.8558, 2.9)
689 : (11, 29, 0.0, 170.3833, 1.4333)
690 : (14, 26, 0.0, 229.3844, 1.4444)
691 : (26, 14, 0.0, 221.7016, 2.7444)
692 : (10, 30, 0.0, 161.214, 1.1111)
693 : (30, 10, 0.0, 211.8544, 2.9012)
694 : (20, 20, 0.0, 242.5649, 2.375)
695 : (20, 20, 0.0, 198.423, 2.7969)
696 : (23, 17, 0.0, 204.6425, 2.0)
697 : (17, 23, 0.0007, 301.7376, 1.9)
698 : (12, 28, 0.0, 237.6506, 1.3333)
699 : (28, 12, 0.0024, 322.1624, 3.1481)
700 : (22, 18, 0.0, 207.0955, 1.5833)
701 : (18, 22, 0.0, 135.8235, 1.5064)
702 : (15, 25, 0.0003, 222.6118, 1.3636)
703 : (25, 15, 0.0, 197.0994, 2.5364)
704 : (15, 26, 0.0, 185.6875, 1.4)
705 : (25, 15, 0.0, 249.9516, 2.9333)
706 : (20, 20, 0.0, 212.211, 2.375)
707 : (20, 20, 0.0007, 218.5544, 2.7969)
708 : (13, 27, 0.0, 241.7825, 1.4444)
709 : (27, 13, 0.0016, 286.2047, 3.0556)
710 : (22, 18, 0.0, 224.5492, 2.75)
711 : (18, 22, 0.0, 182.2086, 2.6786)
712 : (26, 14, 0.0004, 296.907, 2.6)
713 : (14, 26, 0.0, 138.2309, 1.46)
714 : (17, 23, 0.0, 184.4984, 2.125)
715 : (23, 17, 0.0, 216.7258, 2.6406)
716 : (23, 18, 0.0, 201.3578, 2.5556)
717 : (17, 23, 0.0, 252.506, 2.1944)
718 : (23, 17, 0.0002, 259.7319, 2.4444)
719 : (17, 23, 0.0, 217.6164, 2.1605)
720 : (20, 20, 0.0, 245.3304, 1.8182)
721 : (20, 20, 0.0008, 262.7542, 2.0818)
722 : (18, 22, 0.0, 236.1373, 2.0)
723 : (22, 18, 0.0, 244.1698, 3.0)
724 : (13, 27, 0.0, 239.1297, 1.625)
725 : (27, 13, 0.0, 172.0394, 3.375)
726 : (13, 27, 0.0, 179.7443, 1.625)
727 : (27, 13, 0.0, 194.451, 3.4531)
728 : (16, 24, 0.0, 198.0954, 1.6667)
729 : (24, 16, 0.0, 245.266, 2.8519)
730 : (27, 13, 0.0002, 249.2572, 3.2857)
731 : (13, 27, 0.0, 194.4998, 2.0357)
732 : (21, 20, 0.0, 284.5647, 1.7)
733 : (19, 21, 0.0, 167.9105, 1.8818)
734 : (22, 18, 0.0, 189.5123, 3.1667)
735 : (18, 22, 0.0, 252.7012, 3.5278)
736 : (14, 26, 0.0, 229.8104, 1.5556)
737 : (26, 14, 0.0011, 278.4587, 3.1944)
738 : (24, 16, 0.0, 246.2845, 2.5556)
739 : (16, 24, 0.0, 181.2574, 2.0617)
740 : (19, 21, 0.0003, 233.9052, 2.0)
741 : (21, 19, 0.0, 187.2274, 2.5556)
742 : (13, 27, 0.0, 209.1799, 1.4444)
743 : (27, 13, 0.0, 189.4362, 2.6049)
744 : (2, 38, 0.0, 259.8355, 1.0)
745 : (38, 2, 0.0, 213.9376, 11.0)
746 : (9, 31, 0.0007, 257.0563, 1.125)
747 : (31, 9, 0.0, 219.5283, 3.7656)
748 : (14, 26, 0.0, 177.6477, 1.3)
749 : (26, 14, 0.0, 202.5589, 2.4818)
750 : (12, 28, 0.0004, 256.4576, 1.7143)
751 : (28, 12, 0.0, 203.8703, 4.102)
752 : (19, 21, 0.0, 189.8981, 1.7273)
753 : (21, 19, 0.0, 99.6786, 1.9752)
754 : (21, 19, 0.0, 181.2159, 1.9091)
755 : (19, 21, 0.0, 141.4731, 1.6909)
756 : (19, 21, 0.0, 228.7096, 1.7778)
757 : (21, 19, 0.0, 219.1923, 2.2778)
758 : (18, 22, 0.0, 239.3669, 2.0)
759 : (22, 18, 0.0, 222.0396, 2.875)
760 : (18, 23, 0.0, 157.3566, 1.8)
761 : (22, 18, 0.0, 133.1874, 2.28)
762 : (25, 15, 0.0, 229.0682, 2.6667)
763 : (15, 25, 0.0, 195.192, 1.7667)
764 : (12, 28, 0.0002, 243.7625, 1.7143)
765 : (28, 12, 0.0004, 192.74, 3.8163)
766 : (24, 16, 0.0, 179.3546, 2.6667)
767 : (16, 24, 0.0, 274.2177, 2.2083)
768 : (18, 22, 0.0, 227.1924, 2.25)
769 : (22, 18, 0.0, 247.3282, 3.0357)
770 : (12, 28, 0.0, 189.0642, 1.7143)
771 : (28, 12, 0.0, 161.2495, 3.2857)
772 : (29, 11, 0.0009, 260.0443, 2.9)
773 : (11, 29, 0.0, 180.7014, 1.4333)
774 : (28, 13, 0.007, 234.4873, 2.5)
775 : (12, 28, 0.0002, 251.3493, 1.6111)
776 : (21, 19, 0.0, 175.6977, 1.5)
777 : (19, 21, 0.0, 216.1223, 1.7083)
778 : (21, 19, 0.0, 259.9041, 1.8182)
779 : (19, 21, 0.0, 293.0959, 1.8926)
780 : (18, 22, 0.0, 196.1541, 1.5455)
781 : (22, 18, 0.0, 203.7177, 2.1405)
782 : (18, 22, 0.0, 183.644, 1.8)
783 : (22, 18, 0.0, 156.9364, 2.18)
784 : (20, 20, 0.0, 203.5509, 1.6667)
785 : (20, 20, 0.0, 174.9397, 2.1667)
786 : (22, 18, 0.0, 203.7283, 2.75)
787 : (18, 22, 0.0, 179.4503, 2.8214)
788 : (17, 23, 0.0006, 224.0954, 1.625)
789 : (23, 17, 0.0, 250.6522, 3.0781)
790 : (21, 19, 0.0, 229.2901, 2.0)
791 : (19, 21, 0.0, 207.7723, 2.1)
792 : (18, 22, 0.0, 157.8869, 1.5455)
793 : (22, 18, 0.0, 142.1128, 1.9621)
794 : (16, 24, 0.0, 218.5541, 1.4545)
795 : (24, 16, 0.0, 196.4028, 2.2455)
796 : (18, 22, 0.0, 220.0136, 1.5)
797 : (22, 18, 0.0007, 277.2506, 2.0455)
798 : (19, 21, 0.0, 284.6288, 1.5833)
799 : (21, 19, 0.0, 164.343, 1.7986)
800 : (16, 24, 0.0028, 224.7152, 1.7778)
801 : (24, 16, 0.0001, 320.9759, 2.5309)
802 : (26, 14, 0.001, 392.5568, 3.125)
803 : (14, 26, 0.0009, 349.8223, 2.1406)
804 : (15, 25, 0.0, 306.1408, 1.5556)
805 : (25, 15, 0.0012, 389.355, 2.6556)
806 : (27, 13, 0.0065, 288.281, 4.1667)
807 : (13, 27, 0.0002, 260.013, 2.4524)
808 : (19, 17, 0.0, 136.6959, 2.4286)
809 : (17, 19, 0.0023, 331.9071, 2.7755)
810 : (20, 20, 0.0039, 384.0984, 2.2222)
811 : (20, 20, 0.0029, 380.5732, 2.6528)
812 : (22, 18, 0.0, 335.9579, 2.1)
813 : (18, 22, 0.0, 212.5778, 2.01)
814 : (24, 16, 0.0071, 251.1228, 2.1818)
815 : (16, 24, 0.0017, 258.4405, 1.562)
816 : (22, 18, 0.0051, 312.2921, 2.1111)
817 : (18, 22, 0.0034, 374.575, 2.0111)
818 : (18, 23, 0.0, 189.8582, 1.5)
819 : (22, 18, 0.0006, 279.7965, 2.0455)
820 : (20, 20, 0.0012, 229.328, 2.0)
821 : (20, 20, 0.002, 282.7084, 2.0)
822 : (29, 11, 0.0126, 417.3206, 3.625)
823 : (11, 29, 0.0005, 259.7417, 1.5179)
824 : (13, 27, 0.002, 273.4113, 1.625)
825 : (27, 13, 0.0017, 373.4475, 3.2031)
826 : (30, 10, 0.0042, 385.5393, 2.9)
827 : (10, 30, 0.0001, 298.8616, 1.29)
828 : (23, 18, 0.0066, 327.0772, 2.2)
829 : (17, 23, 0.0024, 368.1489, 1.92)
830 : (16, 24, 0.0, 243.2249, 1.7778)
831 : (24, 16, 0.0019, 328.2893, 3.0972)
832 : (28, 12, 0.0074, 340.0453, 4.0)
833 : (12, 28, 0.0063, 359.2578, 2.1429)
834 : (27, 13, 0.008, 330.7088, 3.0)
835 : (13, 27, 0.0003, 248.4497, 1.625)
836 : (20, 20, 0.0061, 369.8609, 1.5556)
837 : (20, 20, 0.0035, 388.3517, 2.3951)
838 : (20, 20, 0.0053, 283.5821, 2.0)
839 : (20, 20, 0.0044, 376.7646, 2.0)
840 : (16, 24, 0.0016, 308.0994, 2.0)
841 : (24, 16, 0.0013, 316.8278, 3.25)
842 : (23, 17, 0.0018, 247.9891, 2.875)
843 : (17, 23, 0.0, 194.4828, 2.1094)
844 : (26, 14, 0.001, 378.3806, 2.5)
845 : (14, 26, 0.0008, 333.9684, 1.5)
846 : (23, 17, 0.0052, 382.2049, 2.4444)
847 : (17, 23, 0.0076, 510.0915, 2.1605)
848 : (26, 14, 0.0048, 325.9151, 2.7778)
849 : (14, 26, 0.0002, 323.09, 1.6778)
850 : (17, 23, 0.0, 138.3097, 1.5455)
851 : (23, 17, 0.0012, 330.4667, 2.3545)
852 : (19, 21, 0.0014, 191.4452, 2.1429)
853 : (21, 19, 0.0028, 324.8914, 3.3061)
854 : (20, 20, 0.0031, 349.8148, 1.3571)
855 : (20, 20, 0.0001, 265.9395, 1.5255)
856 : (23, 17, 0.0, 251.623, 2.0)
857 : (17, 23, 0.0, 388.2275, 1.7273)
858 : (13, 27, 0.0, 134.9851, 1.8571)
859 : (27, 13, 0.0031, 318.2658, 4.6429)
860 : (19, 21, 0.0043, 273.7958, 1.9)
861 : (21, 19, 0.005, 384.0892, 1.99)
862 : (25, 15, 0.0095, 374.6634, 2.5)
863 : (15, 25, 0.0021, 344.2568, 1.9444)
864 : (7, 33, 0.0074, 200.694, 1.75)
865 : (33, 7, 0.0067, 413.1326, 2.6875)
866 : (14, 26, 0.0013, 232.0541, 1.2727)
867 : (26, 14, 0.0024, 353.2063, 2.3273)
868 : (7, 33, 0.0, 289.0745, 1.75)
869 : (33, 7, 0.005, 314.4751, 2.9375)
870 : (22, 18, 0.0, 191.138, 3.6667)
871 : (18, 22, 0.0, 214.9264, 3.9333)
872 : (11, 29, 0.0, 303.209, 1.375)
873 : (29, 11, 0.003, 419.5731, 4.1964)
874 : (22, 18, 0.0, 235.2302, 3.0)
875 : (18, 22, 0.0, 236.5102, 2.625)
876 : (13, 27, 0.0008, 200.3839, 1.5)
877 : (27, 13, 0.0015, 336.0487, 3.5625)
878 : (19, 21, 0.0043, 413.7246, 1.9)
879 : (21, 19, 0.0029, 350.9573, 2.1)
880 : (27, 13, 0.0016, 248.6375, 2.6)
881 : (13, 27, 0.0, 162.0911, 1.4182)
882 : (8, 32, 0.0, 261.6658, 1.5)
883 : (32, 8, 0.006, 422.6637, 6.7)
884 : (10, 30, 0.0, 119.4732, 1.4286)
885 : (30, 10, 0.0028, 311.3014, 4.9048)
886 : (26, 14, 0.0031, 287.069, 2.875)
887 : (14, 26, 0.0016, 431.1049, 2.1094)
888 : (12, 28, 0.0, 214.1507, 1.5714)
889 : (28, 12, 0.0045, 389.6384, 3.6964)
890 : (18, 22, 0.0032, 155.6648, 1.7778)
891 : (22, 18, 0.0032, 412.872, 2.642)
892 : (9, 32, 0.004, 331.859, 1.125)
893 : (31, 9, 0.0012, 350.8984, 3.0156)
894 : (15, 25, 0.0042, 301.6388, 1.5)
895 : (25, 15, 0.0007, 301.4986, 2.2778)
896 : (28, 12, 0.0047, 269.1616, 3.8571)
897 : (12, 28, 0.0002, 158.1596, 2.2653)
898 : (22, 18, 0.0012, 302.2411, 2.75)
899 : (18, 22, 0.0, 258.4954, 2.2188)
900 : (23, 17, 0.0111, 316.0897, 2.3)
901 : (17, 23, 0.0096, 467.7867, 1.9222)
902 : (25, 15, 0.0034, 354.4354, 3.125)
903 : (15, 25, 0.0056, 330.1145, 2.4464)
904 : (12, 28, 0.0054, 289.2894, 1.375)
905 : (28, 12, 0.0046, 272.509, 3.2639)
906 : (27, 13, 0.0011, 291.2089, 2.7143)
907 : (13, 27, 0.0028, 283.1896, 2.2449)
908 : (18, 22, 0.0, 338.3098, 2.125)
909 : (22, 18, 0.0027, 478.2315, 2.6806)
910 : (13, 27, 0.0, 270.5551, 1.8333)
911 : (27, 13, 0.0022, 390.1052, 4.8056)
912 : (24, 16, 0.0019, 303.449, 4.0)
913 : (16, 24, 0.0001, 258.0127, 3.1667)
914 : (13, 27, 0.0, 245.8376, 1.8571)
915 : (27, 13, 0.0, 340.0261, 3.6939)
916 : (22, 18, 0.0038, 301.612, 1.6923)
917 : (18, 22, 0.0009, 208.4292, 1.5577)
918 : (20, 20, 0.0027, 298.5014, 2.2222)
919 : (20, 20, 0.0027, 286.3883, 2.1358)
920 : (16, 24, 0.0, 247.5253, 1.7778)
921 : (24, 16, 0.0024, 436.0231, 2.642)
922 : (13, 27, 0.004, 222.7526, 1.1818)
923 : (27, 13, 0.0026, 362.841, 2.3802)
924 : (16, 24, 0.0068, 300.7596, 3.2)
925 : (24, 16, 0.0053, 496.666, 5.24)
926 : (15, 25, 0.0, 183.4883, 1.875)
927 : (25, 15, 0.0006, 299.8707, 3.2344)
928 : (19, 21, 0.0029, 311.4882, 2.1111)
929 : (21, 19, 0.0027, 237.2485, 1.6389)
930 : (17, 23, 0.0039, 246.9657, 2.0)
931 : (23, 17, 0.0007, 246.5985, 3.125)
932 : (22, 18, 0.0006, 235.4937, 2.0)
933 : (18, 22, 0.0008, 381.8389, 1.7273)
934 : (26, 14, 0.0022, 282.7935, 2.5)
935 : (14, 26, 0.0001, 222.23, 1.5)
936 : (21, 19, 0.0, 199.2351, 1.8182)
937 : (19, 21, 0.0028, 341.1791, 1.8926)
938 : (22, 18, 0.0024, 257.6375, 1.7273)
939 : (18, 22, 0.0008, 287.8929, 1.7934)
940 : (28, 12, 0.0044, 301.4925, 5.6)
941 : (12, 28, 0.0043, 398.1462, 3.65)
942 : (9, 10, 0.0033, 303.2088, 1.6)
943 : (10, 9, 0.0014, 325.5904, 2.32)
944 : (22, 18, 0.0101, 285.4025, 2.1111)
945 : (18, 22, 0.0047, 333.4089, 2.0111)
946 : (17, 23, 0.0026, 321.6878, 1.5)
947 : (23, 17, 0.0043, 421.025, 2.45)
948 : (16, 24, 0.0, 236.9048, 1.5)
949 : (24, 16, 0.0012, 373.3985, 2.8333)
950 : (6, 34, 0.0052, 243.0624, 1.2)
951 : (34, 6, 0.0054, 441.5158, 6.64)
952 : (18, 22, 0.0, 190.3723, 2.1429)
953 : (22, 18, 0.002, 389.8201, 3.0179)
954 : (22, 18, 0.0026, 327.6544, 2.2)
955 : (18, 22, 0.0022, 283.4389, 1.92)
956 : (22, 18, 0.0055, 318.0276, 2.4444)
957 : (18, 22, 0.0001, 302.2934, 2.4306)
958 : (18, 22, 0.0056, 322.1699, 1.3636)
959 : (22, 18, 0.0015, 244.531, 1.947)
960 : (29, 11, 0.0035, 379.2542, 4.6667)
961 : (11, 29, 0.0001, 267.9007, 2.6111)
962 : (20, 20, 0.0081, 280.1443, 2.375)
963 : (20, 20, 0.0035, 275.0422, 2.4861)
964 : (18, 22, 0.0015, 316.6764, 1.6364)
965 : (22, 18, 0.0048, 353.215, 2.0579)
966 : (19, 21, 0.0026, 353.9806, 1.8)
967 : (21, 19, 0.0022, 377.6629, 2.28)
968 : (24, 16, 0.0, 324.3029, 2.4)
969 : (16, 24, 0.0, 157.0786, 1.34)
970 : (19, 21, 0.0, 206.088, 1.6364)
971 : (21, 19, 0.0, 255.719, 1.8864)
972 : (7, 33, 0.0099, 468.4156, 1.1667)
973 : (33, 7, 0.0019, 360.88, 6.0333)
974 : (26, 14, 0.0069, 355.0508, 3.125)
975 : (14, 26, 0.0002, 326.4981, 2.1406)
976 : (13, 28, 0.0024, 141.2124, 1.4444)
977 : (27, 13, 0.0006, 277.4565, 2.8272)
978 : (12, 28, 0.001, 210.8776, 1.5)
979 : (28, 12, 0.0016, 343.1774, 3.5)
980 : (14, 26, 0.0054, 327.5197, 1.2727)
981 : (26, 14, 0.0007, 347.9421, 2.3884)
982 : (14, 26, 0.0054, 232.5433, 1.5556)
983 : (26, 14, 0.0001, 290.7393, 2.9506)
984 : (1, 6, 0.0, 320.8589, 1.0)
985 : (6, 1, 0.0042, 332.3214, 6.0)
986 : (30, 10, 0.0052, 427.2342, 4.3333)
987 : (10, 30, 0.0002, 282.9992, 2.0476)
988 : (18, 23, 0.0008, 288.7906, 1.4545)
989 : (22, 18, 0.0007, 292.8186, 2.1322)
990 : (26, 14, 0.0011, 328.4866, 2.1667)
991 : (14, 26, 0.0, 173.0576, 1.3788)
992 : (14, 26, 0.0035, 429.7334, 1.1667)
993 : (26, 14, 0.0028, 424.81, 2.3788)
994 : (18, 22, 0.0006, 205.023, 1.8)
995 : (22, 18, 0.0, 161.4668, 2.28)
996 : (29, 11, 0.0021, 348.7773, 4.0)
997 : (11, 29, 0.0001, 121.8582, 2.5)
998 : (19, 4, 0.0029, 260.1512, 4.75)
999 : (4, 19, 0.0002, 108.6159, 2.5833)
1000 : (14, 26, 0.0007, 262.6553, 1.7143)
1001 : (26, 14, 0.0021, 306.5854, 3.9592)
1002 : (15, 25, 0.0, 228.0575, 1.5)
1003 : (25, 15, 0.0034, 286.079, 2.45)
1004 : (20, 20, 0.0, 231.9468, 2.0)
1005 : (20, 20, 0.0066, 335.8265, 2.1111)
1006 : (20, 20, 0.0, 211.5501, 2.0)
1007 : (20, 20, 0.0014, 299.6639, 2.2222)
1008 : (20, 20, 0.0, 218.092, 1.3333)
1009 : (20, 20, 0.0048, 294.7444, 1.7778)
1010 : (18, 22, 0.0, 167.8708, 2.25)
1011 : (22, 18, 0.0033, 361.966, 2.5313)
1012 : (20, 20, 0.0006, 209.5262, 2.2222)
1013 : (20, 20, 0.0021, 192.0612, 2.4028)
1014 : (21, 19, 0.0006, 262.2354, 2.8571)
1015 : (19, 21, 0.0, 223.9989, 2.7321)
1016 : (14, 26, 0.0, 196.6443, 1.1818)
1017 : (26, 14, 0.0011, 339.178, 2.4711)
1018 : (14, 26, 0.0, 188.8801, 2.3333)
1019 : (26, 14, 0.0023, 365.1621, 4.5556)
1020 : (25, 15, 0.0, 247.1957, 3.125)
1021 : (15, 25, 0.0, 272.745, 2.3036)
1022 : (14, 26, 0.0, 201.0102, 1.1818)
1023 : (26, 14, 0.0039, 358.8384, 2.2652)
1024 : (22, 18, 0.0005, 156.7024, 2.1)
1025 : (18, 22, 0.0021, 249.3121, 2.01)
1026 : (20, 20, 0.0, 142.0532, 1.7273)
1027 : (20, 20, 0.0034, 294.1256, 1.8106)
1028 : (11, 29, 0.0, 178.4911, 1.1)
1029 : (29, 11, 0.0015, 287.6148, 2.81)
1030 : (18, 23, 0.0, 213.9564, 1.8)
1031 : (22, 18, 0.0007, 262.4095, 2.5333)
1032 : (29, 11, 0.0, 248.1809, 3.5714)
1033 : (11, 29, 0.001, 323.431, 2.0816)
1034 : (13, 27, 0.0, 241.9521, 1.3)
1035 : (27, 13, 0.0028, 304.1444, 2.9222)
1036 : (19, 21, 0.0, 204.5921, 2.25)
1037 : (21, 19, 0.0, 264.6628, 2.5833)
1038 : (22, 18, 0.0005, 180.4968, 2.4444)
1039 : (18, 22, 0.0029, 286.4963, 2.1806)
1040 : (17, 23, 0.0, 172.3662, 1.75)
1041 : (23, 17, 0.0006, 241.1233, 2.75)
1042 : (19, 21, 0.0, 231.4017, 2.0)
1043 : (21, 19, 0.0049, 317.3612, 2.5556)
1044 : (20, 20, 0.0, 182.5248, 1.6364)
1045 : (20, 20, 0.0026, 298.0304, 1.803)
1046 : (11, 29, 0.0, 202.1186, 1.5714)
1047 : (29, 11, 0.001, 296.8175, 3.9388)
1048 : (19, 21, 0.0006, 218.3952, 1.7273)
1049 : (21, 19, 0.0014, 235.061, 1.9752)
1050 : (23, 17, 0.0, 246.6499, 2.0)
1051 : (17, 23, 0.002, 300.0148, 1.7273)
1052 : (23, 17, 0.0, 160.4883, 2.0909)
1053 : (17, 23, 0.0, 288.1074, 1.8091)
1054 : (19, 21, 0.0, 223.4115, 2.125)
1055 : (21, 19, 0.0007, 286.2776, 2.8906)
1056 : (24, 12, 0.0, 190.9596, 2.625)
1057 : (12, 24, 0.0042, 347.5991, 1.8281)
1058 : (18, 22, 0.0, 197.4552, 2.5714)
1059 : (22, 18, 0.0047, 359.3521, 3.3673)
1060 : (11, 30, 0.0, 185.8878, 1.2222)
1061 : (29, 11, 0.0005, 277.6427, 3.2469)
1062 : (26, 14, 0.0, 213.6383, 2.6667)
1063 : (14, 26, 0.0, 211.0258, 2.7778)
1064 : (19, 22, 0.0, 129.9327, 1.5833)
1065 : (21, 19, 0.0034, 307.6257, 1.9621)
1066 : (19, 21, 0.0, 195.1832, 1.2727)
1067 : (21, 19, 0.0, 218.9977, 1.8561)
1068 : (26, 14, 0.0, 207.9431, 3.0)
1069 : (14, 26, 0.0, 182.6904, 1.8889)
1070 : (16, 24, 0.0, 183.9839, 1.7778)
1071 : (24, 16, 0.0006, 236.1165, 2.4198)
1072 : (16, 24, 0.0, 194.0466, 2.1429)
1073 : (24, 16, 0.0, 339.8439, 3.2679)
1074 : (20, 20, 0.0, 253.3482, 2.0)
1075 : (20, 20, 0.0026, 298.5112, 2.3333)
1076 : (25, 16, 0.0, 156.129, 2.25)
1077 : (15, 25, 0.0028, 294.2419, 2.1563)
1078 : (17, 23, 0.0, 170.6261, 1.5455)
1079 : (23, 17, 0.0055, 396.6541, 2.3545)
1080 : (20, 24, 0.0, 120.2634, 1.5)
1081 : (20, 20, 0.0015, 225.0855, 2.15)
1082 : (5, 35, 0.0, 154.6614, 1.0)
1083 : (35, 5, 0.007, 411.4964, 7.0)
1084 : (19, 21, 0.0, 210.844, 1.7273)
1085 : (21, 19, 0.0, 243.1807, 1.9752)
1086 : (27, 13, 0.0, 195.201, 2.2)
1087 : (13, 27, 0.0, 231.0752, 1.3818)
1088 : (21, 19, 0.0, 261.1629, 2.3333)
1089 : (19, 21, 0.0013, 218.5083, 2.2593)
1090 : (23, 17, 0.0, 239.4177, 1.9167)
1091 : (17, 23, 0.0016, 299.3414, 1.6288)
1092 : (19, 21, 0.0, 283.251, 2.5714)
1093 : (21, 19, 0.0014, 373.4764, 3.3673)
1094 : (20, 20, 0.0, 222.9694, 2.0)
1095 : (20, 20, 0.0, 235.3799, 2.3333)
1096 : (17, 23, 0.0006, 260.3574, 2.125)
1097 : (23, 17, 0.0012, 300.4806, 2.3036)
1098 : (23, 17, 0.0, 222.8296, 2.3333)
1099 : (17, 23, 0.0008, 332.9247, 2.1481)
1100 : (18, 22, 0.0, 205.0885, 1.3333)
1101 : (22, 18, 0.0006, 325.786, 1.7949)
1102 : (25, 15, 0.0, 155.8229, 2.6667)
1103 : (15, 25, 0.0, 212.0173, 1.7667)
1104 : (16, 24, 0.0, 158.9794, 2.1429)
1105 : (24, 16, 0.0012, 243.1092, 3.2679)
1106 : (13, 27, 0.0, 234.3285, 1.4444)
1107 : (27, 13, 0.001, 243.1291, 3.1806)
1108 : (17, 23, 0.0, 191.9216, 1.8889)
1109 : (23, 17, 0.0017, 243.0148, 2.3611)
1110 : (14, 26, 0.0, 204.0019, 2.0)
1111 : (26, 14, 0.0035, 355.134, 3.5714)
1112 : (12, 28, 0.0, 162.1469, 1.8333)
1113 : (28, 12, 0.0016, 321.6781, 4.2619)
1114 : (22, 18, 0.0, 183.4029, 2.0)
1115 : (18, 22, 0.0037, 363.7119, 1.7273)
1116 : (18, 22, 0.0, 177.937, 1.3333)
1117 : (22, 18, 0.0012, 325.424, 1.7949)
1118 : (19, 21, 0.0, 149.0576, 1.5)
1119 : (21, 19, 0.0038, 254.549, 2.25)
1120 : (16, 24, 0.0, 266.6286, 3.0)
1121 : (24, 16, 0.0, 261.0299, 4.5)
1122 : (18, 22, 0.0, 174.304, 2.0)
1123 : (22, 18, 0.0, 172.7292, 2.5556)
1124 : (15, 25, 0.0, 180.9613, 1.25)
1125 : (25, 15, 0.0012, 286.7703, 2.1042)
1126 : (20, 20, 0.0, 207.5399, 2.0)
1127 : (20, 20, 0.0006, 297.7021, 2.3333)
1128 : (24, 16, 0.0, 174.4694, 2.4)
1129 : (16, 24, 0.0017, 285.6749, 1.9333)
1130 : (10, 1, 0.0, 307.6028, 4.0)
1131 : (1, 10, 0.0, 198.0911, 5.0)
1132 : (18, 22, 0.0, 201.0465, 1.6364)
1133 : (22, 18, 0.002, 294.6837, 2.1636)
1134 : (21, 20, 0.0, 171.1132, 2.0)
1135 : (19, 21, 0.0015, 313.9891, 2.1)
1136 : (22, 18, 0.0, 171.3927, 3.6667)
1137 : (18, 22, 0.0015, 252.8872, 3.7333)
1138 : (15, 25, 0.0, 259.657, 1.5)
1139 : (25, 15, 0.0077, 401.6344, 2.55)
1140 : (16, 24, 0.0, 172.2827, 1.2308)
1141 : (24, 16, 0.0025, 313.1211, 1.4793)
1142 : (23, 17, 0.0, 185.7726, 1.8182)
1143 : (17, 23, 0.0037, 221.1131, 1.5682)
1144 : (26, 14, 0.0009, 252.499, 3.7143)
1145 : (14, 26, 0.001, 290.1052, 2.3878)
1146 : (14, 27, 0.0, 123.0806, 1.4444)
1147 : (26, 14, 0.0015, 272.0004, 2.7444)
1148 : (13, 27, 0.0, 206.7153, 1.3)
1149 : (27, 13, 0.0, 310.2973, 2.8111)
1150 : (18, 22, 0.0, 246.4455, 1.8)
1151 : (22, 18, 0.0042, 304.7072, 1.58)
1152 : (20, 20, 0.0, 240.912, 2.0)
1153 : (20, 20, 0.0019, 264.2518, 2.3333)
1154 : (22, 18, 0.0, 200.7542, 1.75)
1155 : (18, 22, 0.003, 318.5567, 1.5192)
1156 : (15, 25, 0.0, 162.3754, 1.5)
1157 : (25, 15, 0.0012, 236.7131, 2.45)
1158 : (15, 26, 0.0, 174.6863, 1.4444)
1159 : (25, 15, 0.0023, 281.2974, 2.6444)
1160 : (25, 15, 0.0, 153.5555, 2.7778)
1161 : (15, 25, 0.0018, 307.3947, 1.8642)
1162 : (11, 29, 0.0, 224.9385, 2.2)
1163 : (29, 11, 0.0027, 338.7367, 5.04)
1164 : (19, 21, 0.0, 232.31, 1.7273)
1165 : (21, 19, 0.0012, 352.1346, 1.9752)
1166 : (27, 13, 0.0, 235.4449, 3.8571)
1167 : (13, 27, 0.002, 262.8196, 2.2653)
1168 : (20, 20, 0.0, 209.0624, 1.5385)
1169 : (20, 20, 0.0013, 233.8381, 1.5799)
1170 : (18, 22, 0.0, 164.7678, 1.5)
1171 : (22, 18, 0.0007, 287.459, 2.0455)
1172 : (14, 26, 0.0, 218.4019, 1.5556)
1173 : (26, 14, 0.0, 234.8128, 2.8395)
1174 : (21, 19, 0.0, 199.5801, 2.375)
1175 : (19, 21, 0.0, 177.8725, 2.375)
1176 : (19, 21, 0.0, 230.5417, 3.0)
1177 : (21, 19, 0.0021, 377.9522, 4.8)
1178 : (18, 22, 0.0, 154.5277, 1.5455)
1179 : (22, 18, 0.0006, 280.1902, 1.9621)
1180 : (22, 18, 0.0, 249.4665, 2.4444)
1181 : (18, 22, 0.0016, 284.7097, 2.3056)
1182 : (15, 25, 0.0, 179.4753, 1.1818)
1183 : (25, 15, 0.0, 227.9445, 2.1818)
1184 : (20, 20, 0.0, 156.7751, 1.9)
1185 : (20, 20, 0.0026, 267.1706, 2.19)
1186 : (20, 20, 0.0, 241.9546, 2.2222)
1187 : (20, 20, 0.0, 278.5378, 2.358)
1188 : (17, 23, 0.0, 181.5503, 2.125)
1189 : (23, 17, 0.0006, 288.688, 2.7656)
1190 : (20, 20, 0.0, 178.7715, 2.2222)
1191 : (20, 20, 0.0015, 229.5379, 2.2469)
1192 : (14, 26, 0.0, 118.5145, 2.0)
1193 : (26, 14, 0.0011, 241.9193, 4.1667)
1194 : (17, 23, 0.0, 185.7986, 2.125)
1195 : (23, 17, 0.0023, 331.9635, 3.0156)
1196 : (13, 27, 0.0, 268.8362, 1.625)
1197 : (27, 13, 0.0026, 281.5661, 3.2321)
1198 : (15, 25, 0.0, 215.5438, 1.3636)
1199 : (25, 15, 0.0, 217.591, 2.5364)
1200 : (21, 19, 0.0, 380.3383, 2.0)
1201 : (19, 21, 0.0, 156.9818, 1.9091)
1202 : (21, 19, 0.005, 425.5875, 2.0)
1203 : (19, 21, 0.0001, 138.286, 2.1)
1204 : (22, 18, 0.0031, 390.9144, 2.2)
1205 : (18, 22, 0.0013, 182.1971, 1.92)
1206 : (15, 25, 0.0009, 213.9415, 1.3636)
1207 : (25, 15, 0.0, 177.4843, 2.0331)
1208 : (13, 27, 0.0, 323.3704, 1.7143)
1209 : (27, 13, 0.0, 191.8322, 3.5893)
1210 : (21, 19, 0.0025, 345.2966, 2.1)
1211 : (19, 21, 0.0, 145.0132, 1.91)
1212 : (19, 21, 0.0008, 238.6717, 1.5833)
1213 : (21, 19, 0.0, 116.4009, 1.7986)
1214 : (27, 13, 0.0006, 394.5833, 2.5556)
1215 : (13, 27, 0.0, 158.7023, 1.7284)
1216 : (21, 19, 0.0033, 395.6558, 2.7143)
1217 : (19, 21, 0.0021, 219.0569, 3.102)
1218 : (23, 17, 0.002, 457.668, 2.4444)
1219 : (17, 23, 0.0001, 119.3563, 1.9444)
1220 : (19, 22, 0.0, 163.5388, 2.1111)
1221 : (21, 19, 0.0006, 190.5037, 2.4568)
1222 : (14, 26, 0.0021, 246.348, 1.4)
1223 : (26, 14, 0.0045, 353.5123, 2.7111)
1224 : (8, 32, 0.0, 439.722, 1.0)
1225 : (32, 8, 0.0063, 326.9613, 3.875)
1226 : (19, 21, 0.0016, 411.2869, 2.0)
1227 : (21, 19, 0.0007, 209.1431, 2.5556)
1228 : (18, 22, 0.0022, 381.8355, 2.0)
1229 : (22, 18, 0.0009, 219.7146, 2.5556)
1230 : (19, 21, 0.0014, 429.8168, 1.4615)
1231 : (21, 19, 0.0, 119.4264, 1.6218)
1232 : (20, 20, 0.0007, 288.1496, 2.375)
1233 : (20, 20, 0.0, 171.8195, 2.7969)
1234 : (10, 30, 0.0023, 297.8781, 1.125)
1235 : (30, 10, 0.0, 145.5485, 3.4583)
1236 : (7, 6, 0.002, 267.6633, 1.75)
1237 : (6, 7, 0.0001, 176.4632, 1.5833)
1238 : (22, 19, 0.0013, 348.1718, 2.2)
1239 : (18, 22, 0.0, 151.4659, 2.1333)
1240 : (16, 24, 0.0009, 307.8528, 1.2)
1241 : (24, 16, 0.0, 152.4612, 2.52)
1242 : (17, 23, 0.0063, 318.045, 2.125)
1243 : (23, 17, 0.0006, 206.8557, 3.0179)
1244 : (21, 19, 0.0, 408.8347, 2.1)
1245 : (19, 21, 0.0, 183.7017, 2.1222)
1246 : (23, 20, 0.0, 299.4688, 1.5385)
1247 : (17, 23, 0.0, 122.7832, 1.6853)
1248 : (16, 17, 0.0, 392.8284, 2.0)
1249 : (17, 16, 0.0, 183.7069, 2.25)
1250 : (11, 29, 0.0, 130.4542, 1.375)
1251 : (29, 11, 0.0, 196.1547, 3.6719)
1252 : (29, 11, 0.002, 417.4994, 4.1429)
1253 : (11, 29, 0.0001, 188.0729, 2.0238)
1254 : (6, 34, 0.0017, 252.3746, 1.2)
1255 : (34, 6, 0.0042, 311.9485, 6.24)
1256 : (16, 24, 0.0016, 282.4652, 1.3333)
1257 : (24, 16, 0.0, 189.1608, 2.2121)
1258 : (19, 21, 0.0, 151.4144, 1.7273)
1259 : (21, 19, 0.0, 154.427, 2.1727)
1260 : (19, 21, 0.0008, 337.5861, 2.7143)
1261 : (21, 19, 0.0, 199.3561, 3.619)
1262 : (19, 21, 0.0014, 269.9551, 1.9)
1263 : (21, 19, 0.0007, 200.8456, 2.2111)
1264 : (17, 26, 0.0, 318.9842, 1.7)
1265 : (23, 17, 0.0, 205.2525, 2.4111)
1266 : (29, 11, 0.0021, 440.4563, 4.0)
1267 : (11, 29, 0.0001, 147.6754, 2.5)
1268 : (23, 17, 0.0012, 404.8071, 1.4444)
1269 : (17, 23, 0.0, 188.9165, 2.0494)
1270 : (17, 23, 0.0007, 231.0555, 1.8889)
1271 : (23, 17, 0.0, 166.8911, 2.6543)
1272 : (18, 22, 0.0008, 309.4807, 1.8)
1273 : (22, 18, 0.0, 139.3485, 2.2)
1274 : (19, 21, 0.0, 308.4804, 1.9)
1275 : (21, 19, 0.0, 175.2711, 2.4333)
1276 : (19, 21, 0.0022, 381.6727, 1.8)
1277 : (21, 19, 0.0, 180.8994, 2.28)
1278 : (27, 13, 0.0032, 470.6945, 3.0)
1279 : (13, 28, 0.0001, 181.6516, 1.875)
1280 : (15, 25, 0.0, 268.7309, 1.2727)
1281 : (25, 15, 0.0, 190.7068, 2.1894)
1282 : (21, 19, 0.0042, 391.5335, 2.2222)
1283 : (19, 21, 0.0008, 190.1661, 2.358)
1284 : (20, 20, 0.0007, 260.6823, 1.6667)
1285 : (20, 20, 0.0, 185.2167, 1.7222)
1286 : (23, 17, 0.0019, 238.4072, 2.625)
1287 : (17, 23, 0.0, 149.7752, 2.4531)
1288 : (26, 15, 0.0016, 297.2035, 3.4)
1289 : (14, 26, 0.0, 208.8929, 2.9)
1290 : (10, 30, 0.0, 148.7071, 1.4286)
1291 : (30, 10, 0.0, 264.3846, 5.0714)
1292 : (20, 20, 0.0, 208.6627, 1.6364)
1293 : (20, 20, 0.0, 168.7928, 1.9669)
1294 : (20, 20, 0.0051, 400.0643, 1.7273)
1295 : (20, 20, 0.0001, 146.505, 1.9752)
1296 : (19, 23, 0.0028, 277.6412, 1.7273)
1297 : (21, 19, 0.0001, 142.1832, 1.9752)
1298 : (17, 23, 0.0008, 337.6055, 1.5556)
1299 : (23, 17, 0.0, 138.9776, 2.4556)
1300 : (25, 15, 0.0, 360.2456, 2.0833)
1301 : (15, 25, 0.0, 168.6073, 1.3403)
1302 : (18, 22, 0.0016, 232.3198, 1.7)
1303 : (22, 18, 0.0, 186.8, 2.1545)
1304 : (22, 18, 0.0014, 330.4155, 1.8889)
1305 : (18, 22, 0.0016, 170.326, 1.9889)
1306 : (20, 20, 0.0022, 325.6452, 2.2222)
1307 : (20, 20, 0.0, 156.6582, 2.6528)
1308 : (16, 24, 0.0, 238.2421, 1.7778)
1309 : (24, 16, 0.0, 218.1117, 2.4722)
1310 : (20, 20, 0.0, 296.4226, 1.8182)
1311 : (20, 20, 0.0, 177.1999, 1.9818)
1312 : (20, 20, 0.0014, 341.001, 1.5385)
1313 : (20, 20, 0.0, 188.4752, 1.5449)
1314 : (20, 20, 0.0007, 325.8944, 1.8182)
1315 : (20, 20, 0.0006, 196.0934, 1.8017)
1316 : (13, 27, 0.0, 141.1676, 1.4444)
1317 : (27, 13, 0.0012, 181.2264, 3.4306)
1318 : (18, 22, 0.003, 432.5092, 1.875)
1319 : (22, 18, 0.0001, 206.9003, 2.9844)
1320 : (15, 25, 0.0043, 329.8957, 2.1667)
1321 : (25, 15, 0.0001, 167.0943, 3.881)
1322 : (19, 21, 0.0008, 400.8701, 2.0)
1323 : (21, 19, 0.0007, 163.3244, 2.3)
1324 : (23, 17, 0.0025, 283.26, 2.5556)
1325 : (17, 23, 0.0001, 186.5044, 1.7284)
1326 : (13, 27, 0.0, 212.2623, 1.4444)
1327 : (27, 13, 0.0, 185.301, 2.9383)
1328 : (11, 29, 0.0, 215.8701, 1.4286)
1329 : (29, 11, 0.0, 181.3983, 3.8036)
1330 : (14, 26, 0.0008, 266.3451, 1.75)
1331 : (26, 14, 0.0, 199.4118, 2.9688)
1332 : (13, 27, 0.0016, 378.086, 1.2222)
1333 : (27, 13, 0.0, 137.8391, 2.8222)
1334 : (17, 23, 0.004, 356.5612, 2.0)
1335 : (23, 17, 0.0001, 129.1459, 2.7778)
1336 : (22, 18, 0.0019, 410.4601, 2.2222)
1337 : (18, 22, 0.0, 206.2836, 2.0222)
1338 : (26, 14, 0.0031, 470.3352, 3.7143)
1339 : (14, 26, 0.0001, 202.9743, 2.4524)
1340 : (14, 26, 0.003, 331.7165, 1.2727)
1341 : (26, 14, 0.0012, 209.0387, 2.6273)
1342 : (22, 18, 0.0, 325.0112, 1.8333)
1343 : (18, 22, 0.0, 135.7915, 1.7121)
1344 : (27, 13, 0.0022, 375.7735, 2.4444)
1345 : (13, 27, 0.0001, 187.7629, 1.716)
1346 : (13, 27, 0.0, 164.327, 1.4444)
1347 : (27, 13, 0.0, 147.0141, 3.0494)
1348 : (21, 19, 0.002, 397.0392, 2.625)
1349 : (19, 21, 0.0, 163.2768, 2.2031)
1350 : (14, 26, 0.0, 392.8308, 1.4)
1351 : (26, 14, 0.0005, 184.0309, 2.34)
1352 : (23, 17, 0.0026, 485.3779, 2.0909)
1353 : (17, 23, 0.001, 228.7878, 1.6446)
1354 : (16, 24, 0.0, 113.8105, 1.25)
1355 : (24, 16, 0.0, 216.8018, 1.9423)
1356 : (24, 16, 0.0019, 370.3168, 3.4286)
1357 : (16, 24, 0.0001, 137.4791, 3.0714)
1358 : (15, 25, 0.0, 208.8897, 2.3333)
1359 : (25, 15, 0.0, 157.8309, 3.9048)
1360 : (11, 12, 0.0012, 353.4729, 2.5)
1361 : (12, 11, 0.0021, 265.1398, 7.25)
1362 : (13, 27, 0.0, 262.0404, 1.7143)
1363 : (27, 13, 0.0, 181.7796, 4.102)
1364 : (13, 27, 0.0, 151.0141, 1.1818)
1365 : (27, 13, 0.0, 105.447, 2.6182)
1366 : (14, 26, 0.0009, 279.6348, 2.0)
1367 : (26, 14, 0.0, 182.1578, 3.8571)
1368 : (23, 21, 0.0058, 315.5056, 1.7692)
1369 : (17, 23, 0.0001, 184.8137, 1.4808)
1370 : (19, 19, 0.0028, 470.8562, 2.4286)
1371 : (19, 19, 0.0001, 176.2187, 2.6786)
1372 : (24, 16, 0.0, 282.975, 2.0909)
1373 : (16, 24, 0.0, 200.8884, 1.6446)
1374 : (23, 17, 0.0036, 341.4586, 2.875)
1375 : (17, 23, 0.0001, 158.2948, 2.2344)
1376 : (16, 14, 0.0, 219.7099, 2.0)
1377 : (12, 16, 0.0011, 240.1093, 1.8571)
1378 : (28, 13, 0.0015, 297.5685, 4.0)
1379 : (12, 28, 0.0, 141.7725, 2.8)
1380 : (18, 22, 0.0, 206.8802, 2.0)
1381 : (22, 18, 0.0, 160.5638, 3.0)
1382 : (14, 26, 0.0028, 397.6265, 1.3333)
1383 : (26, 14, 0.0001, 175.1398, 2.7333)
1384 : (8, 32, 0.0011, 186.2316, 1.3333)
1385 : (32, 8, 0.0, 193.4987, 5.0667)
1386 : (14, 27, 0.0, 273.9822, 1.0)
1387 : (26, 14, 0.0, 202.9936, 2.4545)
1388 : (14, 26, 0.002, 261.361, 1.4)
1389 : (26, 14, 0.0, 167.4644, 2.34)
1390 : (21, 19, 0.0007, 306.2482, 1.4615)
1391 : (19, 21, 0.0014, 205.3395, 1.574)
1392 : (21, 19, 0.0, 334.4991, 2.4286)
1393 : (19, 21, 0.0, 151.8816, 2.6786)
1394 : (17, 23, 0.0, 254.1554, 2.4286)
1395 : (23, 17, 0.0005, 198.8584, 2.9184)
1396 : (10, 11, 0.003, 391.2799, 1.6667)
1397 : (11, 10, 0.0001, 217.6722, 1.7778)
1398 : (20, 20, 0.0029, 206.3344, 2.0)
1399 : (20, 20, 0.0001, 129.3004, 2.0)
1400 : (22, 18, 0.0, 160.9884, 1.9091)
1401 : (18, 22, 0.0, 125.8081, 1.8099)
1402 : (19, 24, 0.0, 210.8129, 1.4615)
1403 : (21, 19, 0.0, 214.3151, 1.951)
1404 : (18, 22, 0.0, 280.6654, 1.8889)
1405 : (22, 18, 0.0, 173.5888, 2.3889)
1406 : (21, 19, 0.0, 279.9829, 2.3333)
1407 : (19, 21, 0.0, 225.5681, 2.1481)
1408 : (14, 26, 0.0, 243.2227, 1.5)
1409 : (26, 14, 0.0, 173.747, 3.0556)
1410 : (16, 24, 0.0, 306.6084, 1.875)
1411 : (24, 16, 0.0, 140.8304, 2.875)
1412 : (21, 19, 0.0, 189.174, 1.8182)
1413 : (19, 21, 0.0, 154.6057, 1.7348)
1414 : (12, 29, 0.0, 337.2386, 1.1)
1415 : (28, 12, 0.0, 175.2394, 2.6455)
1416 : (23, 17, 0.0, 338.386, 2.3)
1417 : (17, 23, 0.0, 169.9627, 1.73)
1418 : (19, 21, 0.0, 316.4131, 2.0)
1419 : (21, 19, 0.0, 149.9142, 2.3)
1420 : (29, 11, 0.0, 304.5515, 2.3333)
1421 : (11, 29, 0.0, 101.2162, 1.3333)
1422 : (10, 30, 0.0, 236.6878, 1.1111)
1423 : (30, 10, 0.0, 178.4124, 3.3457)
1424 : (15, 25, 0.0, 310.176, 2.1429)
1425 : (25, 15, 0.0005, 335.748, 2.8776)
1426 : (20, 21, 0.0, 273.0925, 1.8182)
1427 : (20, 20, 0.0, 308.4024, 1.7107)
1428 : (27, 13, 0.0, 213.3506, 3.7143)
1429 : (13, 27, 0.0, 209.7073, 2.3878)
1430 : (20, 20, 0.0006, 230.0826, 1.8)
1431 : (20, 20, 0.0, 219.0416, 1.9818)
1432 : (10, 30, 0.0, 278.6716, 1.25)
1433 : (30, 10, 0.0004, 275.4712, 2.9063)
1434 : (13, 27, 0.0, 335.8666, 1.5)
1435 : (27, 13, 0.0005, 332.8982, 3.1667)
1436 : (23, 17, 0.0, 212.6986, 2.3333)
1437 : (17, 23, 0.0, 249.6706, 1.9333)
1438 : (28, 12, 0.0, 326.4147, 2.5455)
1439 : (12, 28, 0.0, 179.2492, 1.2545)
1440 : (2, 3, 0.0, 285.0054, 2.0)
1441 : (3, 2, 0.0, 215.4317, 3.0)
1442 : (23, 17, 0.0, 275.9832, 2.5)
1443 : (17, 23, 0.0, 185.6337, 2.1667)
1444 : (33, 7, 0.0, 260.7689, 5.5)
1445 : (7, 33, 0.0, 163.0139, 2.3)
1446 : (24, 16, 0.0, 295.7179, 3.4286)
1447 : (16, 24, 0.0, 170.4497, 2.6327)
1448 : (21, 19, 0.0, 237.9007, 2.1)
1449 : (19, 21, 0.0, 241.2278, 2.01)
1450 : (24, 16, 0.0, 300.5837, 2.2)
1451 : (16, 24, 0.0, 170.882, 1.6545)
1452 : (22, 18, 0.0, 317.7047, 2.2)
1453 : (18, 22, 0.0, 142.3158, 2.1333)
1454 : (20, 20, 0.0, 277.8854, 2.0)
1455 : (20, 20, 0.0, 198.6347, 2.2)
1456 : (15, 25, 0.0, 266.7962, 1.3636)
1457 : (25, 15, 0.0, 135.967, 2.0331)
1458 : (14, 26, 0.0, 233.3701, 1.4)
1459 : (26, 14, 0.0, 189.4179, 2.54)
1460 : (18, 22, 0.0007, 332.1129, 1.5)
1461 : (22, 18, 0.0, 175.7996, 1.7917)
1462 : (22, 18, 0.0, 301.201, 2.25)
1463 : (18, 22, 0.0, 154.1407, 2.5313)
1464 : (14, 26, 0.0, 326.1587, 1.2727)
1465 : (26, 14, 0.0, 200.2196, 2.2975)
1466 : (27, 14, 0.0, 303.3549, 2.7)
1467 : (13, 27, 0.0, 163.7998, 1.37)
1468 : (19, 21, 0.0, 285.342, 1.9)
1469 : (21, 19, 0.0, 122.0948, 2.4333)
1470 : (23, 17, 0.0004, 279.1798, 2.0909)
1471 : (17, 23, 0.0, 164.4184, 1.8091)
1472 : (21, 10, 0.0, 328.5731, 2.4286)
1473 : (10, 21, 0.0, 212.0318, 1.7755)
1474 : (12, 13, 0.0, 283.047, 1.3333)
1475 : (13, 12, 0.0, 223.521, 2.0476)
1476 : (17, 23, 0.0, 219.9799, 1.4167)
1477 : (23, 17, 0.0, 262.7104, 1.8561)
1478 : (31, 9, 0.0004, 318.9089, 4.0)
1479 : (9, 31, 0.0, 157.2473, 1.8571)
1480 : (23, 17, 0.0, 282.3817, 2.5556)
1481 : (17, 23, 0.0, 175.0899, 2.0694)
1482 : (21, 19, 0.0, 366.9348, 1.8182)
1483 : (19, 21, 0.0, 176.9727, 1.7348)
1484 : (15, 25, 0.0, 158.1439, 1.8571)
1485 : (25, 15, 0.0, 171.6035, 3.3571)
1486 : (27, 13, 0.0, 279.6494, 3.125)
1487 : (13, 27, 0.0, 139.3853, 2.0156)
1488 : (25, 15, 0.0, 237.4776, 2.7778)
1489 : (15, 25, 0.0006, 253.5439, 1.642)
1490 : (19, 21, 0.0, 220.813, 2.25)
1491 : (21, 19, 0.0, 161.8156, 2.9063)
1492 : (24, 16, 0.0, 298.2182, 2.3333)
1493 : (16, 24, 0.0, 276.2217, 2.037)
1494 : (27, 14, 0.0, 398.9181, 3.25)
1495 : (13, 27, 0.0, 164.1996, 2.0313)
1496 : (20, 20, 0.0, 235.5746, 1.6667)
1497 : (20, 20, 0.0, 161.6415, 2.1667)
1498 : (23, 17, 0.0, 311.042, 2.1)
1499 : (17, 23, 0.0, 128.5043, 1.91)
1500 : (21, 19, 0.0, 331.3141, 2.3333)
1501 : (19, 21, 0.0, 215.1945, 2.2917)
1502 : (12, 28, 0.0, 304.856, 1.5)
1503 : (28, 12, 0.0005, 269.1191, 3.5625)
1504 : (30, 10, 0.0, 341.0853, 3.625)
1505 : (10, 30, 0.0, 118.5252, 1.5139)
1506 : (23, 17, 0.0, 217.4227, 2.5556)
1507 : (17, 23, 0.0, 202.9836, 1.9444)
1508 : (29, 12, 0.0, 245.0783, 2.6364)
1509 : (11, 30, 0.0, 154.1062, 1.404)
1510 : (18, 22, 0.0, 306.8718, 2.0)
1511 : (22, 18, 0.0, 139.3024, 2.5556)
1512 : (25, 15, 0.0, 232.8282, 2.0909)
1513 : (15, 25, 0.0, 174.5982, 1.5537)
1514 : (19, 15, 0.0, 313.9813, 2.1111)
1515 : (14, 19, 0.0, 159.6991, 1.7901)
1516 : (22, 19, 0.0, 304.22, 2.0)
1517 : (18, 22, 0.0, 162.7242, 1.9)
1518 : (13, 27, 0.0, 249.1054, 1.3)
1519 : (27, 13, 0.0005, 236.5676, 2.23)
1520 : (17, 23, 0.0007, 266.3548, 1.25)
1521 : (23, 17, 0.0, 184.4352, 2.0208)
1522 : (23, 17, 0.0, 224.5783, 2.75)
1523 : (17, 23, 0.0, 130.8019, 2.1944)
1524 : (19, 21, 0.0, 206.6577, 1.5833)
1525 : (21, 19, 0.0014, 208.4351, 1.8712)
1526 : (25, 15, 0.0, 314.6423, 2.5714)
1527 : (15, 25, 0.0, 261.3279, 2.5102)
1528 : (17, 23, 0.0, 219.2099, 2.3333)
1529 : (23, 17, 0.0, 227.9027, 4.2222)
1530 : (21, 19, 0.0, 239.9297, 2.0)
1531 : (19, 21, 0.0006, 232.3455, 2.625)
1532 : (28, 6, 0.0003, 263.5426, 3.6667)
1533 : (6, 28, 0.0, 115.9323, 1.6111)
1534 : (13, 27, 0.0, 211.9692, 1.3)
1535 : (27, 13, 0.0, 272.0509, 2.63)
1536 : (23, 17, 0.0, 283.3406, 2.625)
1537 : (17, 23, 0.0, 141.4625, 2.4531)
1538 : (15, 25, 0.0, 244.7118, 1.5)
1539 : (25, 15, 0.0, 195.6218, 2.9444)
1540 : (26, 14, 0.0, 317.6431, 3.6667)
1541 : (14, 26, 0.0, 164.7172, 2.9444)
1542 : (25, 15, 0.0, 346.391, 1.8)
1543 : (15, 25, 0.0, 232.4494, 1.5273)
1544 : (19, 21, 0.0007, 290.7628, 2.25)
1545 : (21, 19, 0.0, 149.2468, 2.5833)
1546 : (19, 22, 0.0, 194.5554, 1.6667)
1547 : (21, 19, 0.0, 161.3219, 2.5185)
1548 : (11, 30, 0.0, 234.8809, 1.1)
1549 : (29, 11, 0.0, 143.8857, 2.91)
1550 : (23, 12, 0.0006, 348.2308, 2.4444)
1551 : (12, 23, 0.0, 157.2418, 1.6049)
1552 : (21, 20, 0.0006, 327.0423, 1.7778)
1553 : (19, 21, 0.0, 302.3751, 2.3086)
1554 : (13, 27, 0.0, 228.1199, 1.1818)
1555 : (27, 13, 0.0, 133.4369, 2.2893)
1556 : (14, 26, 0.0, 288.1508, 2.0)
1557 : (26, 14, 0.0, 281.5587, 2.8571)
1558 : (22, 18, 0.0, 307.2256, 2.4444)
1559 : (18, 22, 0.0, 234.294, 1.9383)
1560 : (17, 23, 0.0, 249.4928, 1.8889)
1561 : (23, 17, 0.0009, 226.417, 2.6543)
1562 : (19, 21, 0.0, 206.2097, 2.6667)
1563 : (21, 19, 0.0, 145.8404, 3.381)
1564 : (22, 19, 0.0, 246.6948, 2.0)
1565 : (18, 22, 0.0, 206.139, 2.0)
1566 : (2, 4, 0.0026, 602.5426, 1.0)
1567 : (4, 2, 0.0003, 309.1868, 2.5)
1568 : (23, 17, 0.0, 308.8505, 2.875)
1569 : (17, 23, 0.0, 190.6818, 2.6964)
1570 : (20, 20, 0.0, 231.5095, 1.5833)
1571 : (20, 20, 0.0, 180.3414, 1.7986)
1572 : (31, 9, 0.0, 306.2776, 3.875)
1573 : (9, 31, 0.0, 198.924, 1.5536)
1574 : (19, 21, 0.0, 226.9813, 1.9)
1575 : (21, 19, 0.0, 195.0496, 2.19)
1576 : (16, 24, 0.0, 475.8327, 1.1667)
1577 : (24, 16, 0.0, 208.6865, 1.9359)
1578 : (19, 21, 0.0, 268.8985, 1.5455)
1579 : (21, 19, 0.0, 200.3919, 1.8788)
1580 : (21, 19, 0.0005, 263.6051, 1.9091)
1581 : (19, 21, 0.0, 226.2726, 1.5372)
1582 : (15, 26, 0.0, 237.8054, 1.4444)
1583 : (25, 15, 0.0, 174.468, 2.6444)
1584 : (27, 13, 0.0, 309.5049, 2.4444)
1585 : (13, 27, 0.0, 238.432, 1.716)
1586 : (27, 13, 0.0, 247.7338, 2.4)
1587 : (13, 27, 0.0, 141.7937, 1.54)
1588 : (22, 18, 0.0, 282.8775, 1.8182)
1589 : (18, 22, 0.0, 152.0609, 1.8017)
1590 : (28, 12, 0.0, 412.0201, 3.1111)
1591 : (12, 28, 0.0, 220.8124, 1.5139)
1592 : (21, 19, 0.0006, 328.2715, 1.75)
1593 : (19, 21, 0.0, 180.7104, 1.5625)
1594 : (21, 19, 0.0, 269.192, 1.5385)
1595 : (19, 21, 0.0, 249.9816, 1.467)
1596 : (22, 19, 0.001, 288.8507, 2.2)
1597 : (18, 22, 0.0, 214.3564, 1.82)
1598 : (19, 21, 0.0, 365.1665, 1.7)
1599 : (21, 19, 0.0, 314.1869, 2.27)
1600 : (19, 21, 0.0, 177.3789, 1.7273)
1601 : (21, 19, 0.0, 160.8474, 2.0727)
1602 : (24, 16, 0.0, 178.3943, 2.2)
1603 : (16, 24, 0.0, 154.1647, 1.6545)
1604 : (20, 20, 0.0, 208.9509, 2.2222)
1605 : (20, 20, 0.0, 124.9058, 2.358)
1606 : (9, 31, 0.0, 117.0844, 1.1429)
1607 : (31, 9, 0.0, 255.9879, 4.0179)
1608 : (26, 14, 0.0, 167.9665, 2.8889)
1609 : (14, 26, 0.0, 94.9922, 1.7654)
1610 : (23, 17, 0.0, 204.3376, 2.0)
1611 : (17, 23, 0.0, 163.9332, 1.9)
1612 : (10, 30, 0.0, 200.7676, 1.25)
1613 : (30, 10, 0.0, 248.0134, 2.7813)
1614 : (22, 18, 0.0, 171.4352, 2.2222)
1615 : (18, 22, 0.0008, 283.9749, 2.0222)
1616 : (20, 20, 0.0, 192.6396, 1.9)
1617 : (20, 20, 0.0, 245.6527, 2.19)
1618 : (19, 21, 0.0, 269.356, 1.9)
1619 : (21, 19, 0.0, 235.8848, 2.3222)
1620 : (14, 26, 0.0, 212.9271, 1.5556)
1621 : (26, 14, 0.0005, 297.8453, 2.6173)
1622 : (23, 17, 0.0, 194.4454, 3.0)
1623 : (17, 23, 0.0, 176.4454, 2.5)
1624 : (22, 18, 0.0, 211.0406, 3.5)
1625 : (18, 22, 0.0, 122.4428, 3.5833)
1626 : (20, 20, 0.0, 205.7999, 1.6667)
1627 : (20, 20, 0.0, 149.3811, 1.7222)
1628 : (24, 16, 0.0, 317.0038, 2.5556)
1629 : (16, 24, 0.0, 147.7447, 2.0617)
1630 : (17, 23, 0.0, 163.5071, 1.6667)
1631 : (23, 17, 0.0, 90.6979, 2.7407)
1632 : (17, 23, 0.0, 224.5199, 1.6)
1633 : (23, 17, 0.0, 188.0335, 2.2364)
1634 : (17, 23, 0.0, 124.4108, 1.7)
1635 : (23, 17, 0.0, 142.2277, 2.27)
1636 : (24, 16, 0.0, 227.1327, 1.9167)
1637 : (16, 24, 0.0, 112.412, 1.4931)
1638 : (21, 19, 0.0, 250.4329, 2.0)
1639 : (19, 21, 0.0, 217.359, 2.3333)
1640 : (23, 17, 0.0, 210.0402, 2.3)
1641 : (17, 23, 0.0, 185.9731, 1.83)
1642 : (26, 14, 0.0, 223.2015, 2.6)
1643 : (14, 26, 0.0, 146.0253, 1.7333)
1644 : (14, 26, 0.0, 158.4964, 1.4)
1645 : (26, 14, 0.0, 165.0528, 2.64)
1646 : (18, 22, 0.0, 212.8758, 1.6364)
1647 : (22, 18, 0.0, 133.7653, 2.2636)
1648 : (29, 11, 0.0, 166.8986, 2.25)
1649 : (11, 29, 0.0, 165.7717, 1.4722)
1650 : (21, 19, 0.0, 245.0598, 1.9091)
1651 : (19, 21, 0.0, 340.2094, 1.7909)
1652 : (17, 23, 0.0, 248.0555, 1.75)
1653 : (23, 17, 0.0, 222.4493, 2.75)
1654 : (19, 21, 0.0, 234.2513, 2.0)
1655 : (21, 19, 0.0, 211.2167, 2.5556)
1656 : (20, 20, 0.0, 247.398, 1.9)
1657 : (20, 20, 0.0, 240.7837, 1.9909)
1658 : (6, 34, 0.0, 195.2249, 1.2)
1659 : (34, 6, 0.0, 259.2645, 6.05)
1660 : (25, 15, 0.0, 204.9197, 2.0833)
1661 : (15, 25, 0.0, 155.6171, 1.4621)
1662 : (15, 25, 0.0, 209.8999, 1.2727)
1663 : (25, 15, 0.0, 224.9085, 2.1894)
1664 : (21, 19, 0.0, 209.2342, 2.2222)
1665 : (19, 21, 0.0, 197.0592, 2.358)
1666 : (24, 16, 0.0, 175.9648, 2.5556)
1667 : (16, 24, 0.0008, 183.4198, 2.0617)
1668 : (20, 20, 0.0, 176.8419, 1.8182)
1669 : (20, 20, 0.0, 150.9248, 2.0818)
1670 : (20, 21, 0.0, 201.5208, 1.4615)
1671 : (20, 20, 0.0, 249.4801, 1.533)
1672 : (21, 19, 0.0, 321.608, 1.9091)
1673 : (19, 23, 0.0, 133.5627, 1.6591)
1674 : (19, 21, 0.0, 230.3831, 1.6364)
1675 : (21, 19, 0.0, 188.253, 2.0579)
1676 : (21, 19, 0.0, 175.4645, 2.3333)
1677 : (19, 21, 0.0007, 216.6643, 2.5417)
1678 : (23, 17, 0.0, 301.745, 1.8333)
1679 : (17, 23, 0.0, 211.7561, 1.5694)
1680 : (17, 23, 0.0, 209.6757, 1.3077)
1681 : (23, 17, 0.0, 269.7339, 1.9423)
1682 : (27, 13, 0.0, 221.8148, 2.4545)
1683 : (13, 27, 0.0, 112.3052, 1.4455)
1684 : (21, 19, 0.0, 259.7748, 1.7273)
1685 : (19, 21, 0.0, 224.4477, 1.8843)
1686 : (22, 18, 0.0, 167.6059, 2.3333)
1687 : (18, 22, 0.0, 124.09, 2.0333)
1688 : (16, 24, 0.0, 237.0116, 1.4545)
1689 : (24, 16, 0.0, 185.9947, 2.4455)
1690 : (21, 19, 0.0, 254.393, 1.9)
1691 : (19, 21, 0.0, 220.8408, 1.9)
1692 : (28, 12, 0.0, 168.0352, 3.1111)
1693 : (12, 28, 0.0, 131.3731, 1.5679)
1694 : (28, 12, 0.0, 255.0919, 2.7778)
1695 : (12, 28, 0.0, 74.1673, 1.4778)
1696 : (23, 17, 0.0, 244.5554, 2.0909)
1697 : (17, 23, 0.0, 231.7434, 1.8091)
1698 : (18, 22, 0.0, 183.2586, 1.5)
1699 : (22, 18, 0.0, 214.8101, 1.9545)
1700 : (15, 25, 0.0, 227.3687, 1.875)
1701 : (25, 15, 0.0, 224.3477, 2.7344)
1702 : (20, 20, 0.0, 261.8261, 2.5)
1703 : (20, 20, 0.0, 180.5572, 2.6429)
1704 : (20, 20, 0.0, 248.7785, 1.8)
1705 : (20, 20, 0.0, 244.0999, 1.9818)
1706 : (14, 26, 0.0, 184.089, 1.0909)
1707 : (26, 14, 0.0, 173.0625, 2.2576)
1708 : (22, 18, 0.0, 266.1848, 2.2)
1709 : (18, 22, 0.0, 114.5263, 1.72)
1710 : (26, 13, 0.0, 225.571, 3.25)
1711 : (13, 26, 0.0, 149.3459, 1.9063)
1712 : (24, 16, 0.0, 286.3051, 3.2857)
1713 : (16, 24, 0.0, 137.5735, 2.7551)
1714 : (25, 15, 0.0, 162.2885, 3.125)
1715 : (15, 25, 0.0, 97.3368, 2.1607)
1716 : (23, 17, 0.0, 284.3783, 3.2857)
1717 : (17, 23, 0.0, 249.4404, 2.7551)
1718 : (19, 21, 0.0, 189.8324, 2.0)
1719 : (21, 19, 0.0, 123.3684, 2.3)
1720 : (24, 16, 0.0, 231.9008, 3.2857)
1721 : (16, 24, 0.0, 127.54, 2.4107)
1722 : (24, 16, 0.0, 220.3772, 2.5556)
1723 : (16, 24, 0.0, 162.8244, 2.0617)
1724 : (17, 23, 0.0, 117.5315, 1.5)
1725 : (23, 17, 0.0, 227.4755, 2.7222)
1726 : (23, 17, 0.0, 165.2321, 2.0909)
1727 : (17, 23, 0.0, 227.5777, 1.6446)
1728 : (22, 18, 0.0, 146.6799, 1.8182)
1729 : (18, 22, 0.0, 122.1681, 1.6515)
1730 : (22, 18, 0.0, 217.8658, 2.4444)
1731 : (18, 22, 0.0, 194.4682, 2.1605)
1732 : (20, 20, 0.0, 184.8637, 1.8182)
1733 : (20, 20, 0.0, 239.7793, 1.8926)
1734 : (19, 21, 0.0, 186.5211, 1.8889)
1735 : (21, 19, 0.0, 167.6452, 2.2889)
1736 : (27, 13, 0.0, 215.8078, 3.7143)
1737 : (13, 27, 0.0, 141.8977, 2.0893)
1738 : (22, 18, 0.0, 200.1374, 1.9091)
1739 : (18, 22, 0.0, 127.1255, 1.6591)
1740 : (22, 18, 0.0, 196.9456, 2.8571)
1741 : (18, 22, 0.0, 209.4499, 2.9796)
1742 : (26, 14, 0.0, 216.2475, 2.8889)
1743 : (14, 26, 0.0, 252.3545, 1.9861)
1744 : (13, 18, 0.0, 174.1404, 2.1667)
1745 : (18, 13, 0.0, 277.1295, 3.4333)
1746 : (17, 23, 0.0, 221.6192, 1.7778)
1747 : (23, 17, 0.0, 249.9172, 2.4778)
1748 : (19, 21, 0.0, 197.7472, 1.6364)
1749 : (21, 19, 0.0, 269.8904, 1.8864)
1750 : (18, 22, 0.0, 201.4357, 2.5714)
1751 : (22, 18, 0.0, 174.8286, 3.2245)
1752 : (14, 26, 0.0, 190.1253, 1.625)
1753 : (26, 14, 0.0, 214.5932, 3.0694)
1754 : (17, 14, 0.0, 320.1544, 1.7)
1755 : (14, 17, 0.0, 284.4965, 1.6333)
1756 : (20, 20, 0.0, 225.8487, 1.6667)
1757 : (20, 20, 0.0, 136.9787, 1.7222)
1758 : (13, 27, 0.0, 210.3669, 1.4444)
1759 : (27, 13, 0.0, 158.9619, 2.9383)
1760 : (20, 20, 0.0, 199.3633, 1.5455)
1761 : (20, 20, 0.0, 195.1277, 1.7955)
1762 : (32, 8, 0.0, 299.2694, 5.3333)
1763 : (8, 32, 0.0, 141.1696, 2.4667)
1764 : (20, 20, 0.0, 104.5753, 1.8182)
1765 : (20, 20, 0.0, 248.651, 1.8017)
1766 : (15, 25, 0.0, 187.4574, 1.25)
1767 : (25, 15, 0.0, 164.364, 2.2955)
1768 : (14, 26, 0.0, 163.416, 1.5556)
1769 : (26, 14, 0.0, 177.1644, 3.1944)
1770 : (14, 26, 0.0, 201.4574, 1.5556)
1771 : (26, 14, 0.0, 88.8479, 2.8395)
1772 : (21, 19, 0.0, 169.6093, 2.2222)
1773 : (19, 21, 0.0006, 252.4391, 2.1222)
1774 : (26, 14, 0.0, 174.1225, 3.125)
1775 : (14, 26, 0.0, 135.3858, 2.1406)
1776 : (11, 8, 0.0, 172.7464, 1.8333)
1777 : (8, 11, 0.0, 173.6023, 1.7667)
1778 : (27, 13, 0.0, 245.5328, 2.5)
1779 : (13, 27, 0.0, 109.7633, 1.7222)
1780 : (27, 13, 0.0, 239.2621, 3.7143)
1781 : (13, 27, 0.0, 152.4134, 2.3878)
1782 : (21, 19, 0.0, 216.1789, 1.9091)
1783 : (19, 21, 0.0007, 245.0759, 1.5909)
1784 : (14, 26, 0.0, 230.2385, 1.2727)
1785 : (26, 14, 0.0, 244.3015, 2.6273)
1786 : (24, 16, 0.0, 231.5784, 2.6667)
1787 : (16, 24, 0.0, 235.1906, 1.8519)
1788 : (17, 23, 0.0, 285.4682, 1.8889)
1789 : (23, 17, 0.0, 207.955, 2.9861)
1790 : (14, 26, 0.0, 220.4988, 1.5)
1791 : (26, 14, 0.0, 213.9246, 3.0556)
1792 : (20, 20, 0.0, 218.3947, 1.6364)
1793 : (20, 20, 0.0, 218.7005, 1.9669)
1794 : (21, 19, 0.0, 229.0697, 2.8571)
1795 : (19, 21, 0.0, 149.1045, 2.7321)
1796 : (21, 19, 0.0, 186.4726, 1.6667)
1797 : (19, 21, 0.0, 184.1825, 1.7222)
1798 : (16, 24, 0.0, 115.3779, 1.4545)
1799 : (24, 16, 0.0, 268.6208, 2.2455)
1800 : (24, 17, 0.0, 134.9833, 2.4444)
1801 : (16, 24, 0.0, 173.5651, 1.8444)
1802 : (22, 18, 0.0, 148.1772, 1.75)
1803 : (18, 22, 0.0, 191.86, 1.5192)
1804 : (16, 36, 0.0, 162.6445, 1.3)
1805 : (24, 16, 0.0, 278.2536, 2.53)
1806 : (22, 18, 0.0007, 215.1001, 2.0)
1807 : (18, 22, 0.0, 155.7027, 1.9)
1808 : (16, 24, 0.0, 121.233, 2.1429)
1809 : (24, 16, 0.0, 216.8315, 3.2679)
1810 : (20, 21, 0.0, 202.6752, 1.5833)
1811 : (20, 20, 0.0, 179.8079, 1.7986)
1812 : (22, 18, 0.0, 144.962, 1.8)
1813 : (18, 22, 0.0, 217.8174, 1.8)
1814 : (21, 20, 0.0, 156.2251, 1.6154)
1815 : (19, 21, 0.0, 156.424, 1.6346)
1816 : (24, 16, 0.0, 146.5832, 1.6)
1817 : (16, 24, 0.0, 157.5602, 1.6)
1818 : (29, 11, 0.0005, 186.3855, 3.1111)
1819 : (11, 29, 0.0, 204.3673, 1.5679)
1820 : (24, 16, 0.0, 227.7739, 3.4286)
1821 : (16, 24, 0.0, 284.9462, 2.4048)
1822 : (21, 19, 0.0, 174.6708, 1.7)
1823 : (19, 21, 0.0, 139.9268, 2.07)
1824 : (21, 20, 0.0, 161.2693, 1.9091)
1825 : (19, 21, 0.0, 209.2078, 1.719)
1826 : (19, 21, 0.0, 125.3363, 1.9)
1827 : (21, 19, 0.0006, 217.1927, 2.3222)
1828 : (20, 15, 0.0, 206.5211, 2.0)
1829 : (15, 20, 0.0, 186.7827, 1.6667)
1830 : (24, 16, 0.0006, 222.6399, 3.0)
1831 : (16, 24, 0.0, 207.4146, 2.25)
1832 : (14, 26, 0.0, 126.7111, 1.75)
1833 : (26, 14, 0.0, 180.9248, 2.8438)
1834 : (19, 21, 0.0, 249.1466, 1.6364)
1835 : (21, 19, 0.0, 107.1727, 2.0579)
1836 : (22, 18, 0.0, 135.6518, 1.8333)
1837 : (18, 23, 0.0, 140.7362, 1.5694)
1838 : (17, 23, 0.0, 168.8076, 1.8889)
1839 : (23, 17, 0.0, 294.4603, 2.9861)
1840 : (23, 17, 0.0, 147.7436, 2.75)
1841 : (17, 23, 0.0, 260.6695, 2.4688)
1842 : (23, 17, 0.0006, 188.2135, 2.5556)
1843 : (17, 23, 0.0, 231.6389, 2.0617)
1844 : (29, 11, 0.0, 159.0497, 3.1111)
1845 : (11, 29, 0.0, 186.862, 1.5679)
1846 : (24, 16, 0.0, 168.2386, 2.0)
1847 : (16, 24, 0.0, 123.9462, 1.5455)
1848 : (19, 21, 0.0, 129.4712, 2.1111)
1849 : (21, 19, 0.0, 194.8453, 2.0123)
1850 : (22, 18, 0.0013, 198.3028, 2.3333)
1851 : (18, 22, 0.0013, 248.4941, 2.2593)
1852 : (28, 12, 0.0, 141.735, 3.7143)
1853 : (12, 28, 0.0, 210.7515, 2.2449)
1854 : (24, 16, 0.0, 175.9963, 2.5)
1855 : (16, 24, 0.0, 228.0761, 2.0556)
1856 : (14, 26, 0.0, 173.1982, 1.3)
1857 : (26, 14, 0.0, 192.1256, 2.4818)
1858 : (7, 33, 0.0, 170.6643, 1.3333)
1859 : (33, 7, 0.0, 260.2843, 8.5833)
1860 : (11, 29, 0.0, 153.6712, 1.1)
1861 : (29, 11, 0.0, 225.9689, 2.81)
1862 : (23, 17, 0.0006, 247.7693, 2.875)
1863 : (17, 23, 0.0, 172.8168, 1.9821)
1864 : (18, 22, 0.0, 168.8268, 1.5)
1865 : (22, 18, 0.0, 216.0475, 1.5417)
1866 : (21, 19, 0.0, 162.7643, 2.625)
1867 : (19, 21, 0.0, 247.8875, 2.6607)
1868 : (19, 21, 0.0, 140.3146, 1.9)
1869 : (21, 19, 0.0, 141.4038, 2.4333)
1870 : (21, 19, 0.0, 177.2596, 1.5385)
1871 : (19, 21, 0.0, 179.6143, 1.5799)
1872 : (22, 18, 0.0, 171.1197, 2.5)
1873 : (18, 22, 0.0, 177.4655, 2.2778)
1874 : (20, 20, 0.0, 170.957, 2.5)
1875 : (20, 20, 0.0, 211.2534, 2.5625)
1876 : (11, 29, 0.0, 109.086, 1.2222)
1877 : (29, 11, 0.0, 281.9807, 3.2469)
1878 : (23, 17, 0.0, 202.7231, 2.3333)
1879 : (17, 23, 0.0, 265.4789, 2.1481)
1880 : (13, 27, 0.0, 114.2637, 1.3)
1881 : (27, 13, 0.0005, 177.7766, 2.73)
1882 : (17, 23, 0.0, 131.5262, 1.7)
1883 : (23, 17, 0.0, 161.3879, 2.4111)
1884 : (17, 25, 0.0015, 188.6908, 1.8889)
1885 : (23, 17, 0.0, 165.6665, 2.6543)
1886 : (21, 20, 0.0, 152.5576, 1.9091)
1887 : (19, 21, 0.0, 200.4798, 1.8099)
1888 : (23, 17, 0.0, 172.8279, 2.3)
1889 : (17, 23, 0.0007, 271.5998, 2.0333)
1890 : (18, 22, 0.0, 187.8737, 1.8889)
1891 : (22, 18, 0.0, 168.2158, 2.6543)
1892 : (17, 23, 0.0, 103.0269, 1.875)
1893 : (23, 17, 0.0, 224.9041, 2.7639)
1894 : (21, 19, 0.0, 172.3071, 2.0)
1895 : (19, 22, 0.0, 215.9269, 2.1)
1896 : (20, 20, 0.0, 136.6601, 2.0)
1897 : (20, 20, 0.0007, 217.606, 2.1)
1898 : (18, 23, 0.0, 156.235, 1.3846)
1899 : (22, 18, 0.0, 249.1878, 1.9441)
1900 : (25, 15, 0.0, 143.8619, 2.7778)
1901 : (15, 26, 0.0, 140.2926, 1.8642)
1902 : (17, 23, 0.0, 151.996, 2.125)
1903 : (23, 17, 0.0, 152.5582, 3.0156)
1904 : (21, 19, 0.0, 165.9173, 2.0)
1905 : (19, 21, 0.0, 219.1334, 1.9091)
1906 : (9, 9, 0.0, 280.5876, 2.0)
1907 : (9, 9, 0.0, 126.5322, 3.6667)
1908 : (16, 25, 0.0, 200.2464, 1.2308)
1909 : (24, 16, 0.0006, 221.57, 1.9301)
1910 : (18, 22, 0.0, 187.2108, 1.7778)
1911 : (22, 18, 0.0, 264.7505, 2.642)
1912 : (15, 25, 0.0, 139.6916, 1.4444)
1913 : (25, 15, 0.0, 159.5357, 2.6444)
1914 : (24, 16, 0.0, 147.6532, 3.8)
1915 : (16, 24, 0.0, 128.5745, 3.96)
1916 : (15, 25, 0.0, 93.591, 1.75)
1917 : (25, 15, 0.0, 266.4667, 2.9722)
1918 : (14, 26, 0.0, 254.0166, 1.5556)
1919 : (26, 14, 0.0, 276.2096, 3.0694)
1920 : (28, 12, 0.0, 196.1979, 2.5556)
1921 : (12, 28, 0.0008, 263.3166, 1.6173)
1922 : (20, 20, 0.0, 96.5793, 2.2222)
1923 : (20, 20, 0.0, 248.2791, 2.5278)
1924 : (22, 18, 0.0, 160.3328, 1.9091)
1925 : (18, 22, 0.0007, 210.1784, 1.8099)
1926 : (17, 23, 0.0, 206.8763, 1.5)
1927 : (23, 17, 0.0, 213.8921, 2.7222)
1928 : (20, 20, 0.0, 158.3477, 2.1111)
1929 : (20, 20, 0.0, 134.96, 2.2111)
1930 : (15, 25, 0.0, 157.9974, 1.6667)
1931 : (25, 15, 0.0, 230.6546, 2.9583)
1932 : (10, 30, 0.0, 106.9882, 1.5)
1933 : (30, 10, 0.0005, 249.0673, 4.5)
1934 : (8, 5, 0.0, 189.3481, 2.3333)
1935 : (5, 8, 0.0, 162.0175, 1.8333)
1936 : (31, 9, 0.0, 201.4903, 4.1429)
1937 : (9, 34, 0.0, 85.5858, 1.6429)
1938 : (10, 13, 0.0015, 266.056, 1.4286)
1939 : (13, 10, 0.0, 121.7463, 2.2381)
1940 : (28, 13, 0.0, 106.2684, 2.7778)
1941 : (12, 28, 0.0, 175.3152, 1.4778)
1942 : (21, 19, 0.0007, 193.215, 1.9)
1943 : (19, 21, 0.0, 206.6431, 1.9)
1944 : (17, 23, 0.0, 169.9217, 1.625)
1945 : (23, 17, 0.0, 163.5749, 2.7361)
1946 : (3, 37, 0.0, 87.0442, 1.0)
1947 : (37, 3, 0.0004, 338.9901, 10.6667)
1948 : (18, 22, 0.0, 184.161, 1.5556)
1949 : (22, 19, 0.0006, 206.8131, 2.1414)
1950 : (19, 21, 0.0, 175.9913, 2.0)
1951 : (21, 19, 0.0, 261.2503, 2.3)
1952 : (5, 3, 0.0, 158.2351, 2.5)
1953 : (3, 5, 0.0, 105.1417, 4.5)
1954 : (22, 18, 0.0, 150.4805, 2.4444)
1955 : (18, 22, 0.0006, 163.6309, 2.1605)
1956 : (26, 14, 0.0, 222.7374, 3.7143)
1957 : (14, 26, 0.0, 153.358, 2.3878)
1958 : (11, 29, 0.0, 166.354, 1.8333)
1959 : (29, 11, 0.0005, 242.8127, 4.8056)
1960 : (18, 22, 0.0, 148.2627, 1.8889)
1961 : (22, 18, 0.0, 221.5697, 2.6543)
1962 : (24, 16, 0.0006, 168.9012, 2.0909)
1963 : (16, 25, 0.0007, 131.4798, 1.6446)
1964 : (19, 21, 0.0, 160.1655, 1.7273)
1965 : (21, 19, 0.0, 232.7754, 2.1727)
1966 : (25, 15, 0.0, 140.319, 2.4444)
1967 : (15, 25, 0.0, 153.3799, 1.9383)
1968 : (22, 19, 0.0, 116.2667, 2.0)
1969 : (18, 22, 0.0007, 158.0767, 1.7273)
1970 : (15, 25, 0.002, 225.8979, 1.3)
1971 : (25, 15, 0.0, 268.8714, 2.3909)
1972 : (23, 17, 0.0, 108.1427, 2.0909)
1973 : (17, 23, 0.0, 104.0301, 1.5537)
1974 : (12, 28, 0.0, 133.8843, 1.375)
1975 : (28, 12, 0.0, 237.3499, 3.6719)
1976 : (17, 23, 0.0, 160.989, 2.0)
1977 : (23, 17, 0.0006, 302.1282, 2.7778)
1978 : (12, 28, 0.0, 160.6306, 1.7143)
1979 : (28, 12, 0.0, 270.2491, 4.102)
1980 : (25, 15, 0.0011, 195.8025, 2.4444)
1981 : (15, 25, 0.0, 192.6219, 1.7444)
1982 : (21, 19, 0.0, 152.5999, 2.3333)
1983 : (19, 21, 0.0006, 245.4491, 2.4167)
1984 : (15, 25, 0.0, 196.4323, 1.3)
1985 : (25, 15, 0.0005, 330.9905, 2.3909)
1986 : (18, 22, 0.0, 195.86, 1.6364)
1987 : (22, 19, 0.0, 198.6331, 2.0579)
1988 : (19, 21, 0.0, 175.5055, 1.5833)
1989 : (21, 19, 0.0, 235.2132, 1.9621)
1990 : (22, 18, 0.0, 196.6991, 1.8)
1991 : (18, 22, 0.0, 192.7295, 1.98)
1992 : (12, 28, 0.0, 146.6171, 1.5)
1993 : (28, 12, 0.001, 306.1308, 2.5625)
1994 : (24, 16, 0.0, 178.1601, 2.4444)
1995 : (16, 25, 0.0, 162.9801, 2.0494)
1996 : (19, 22, 0.0, 133.4266, 1.7)
1997 : (21, 19, 0.0, 167.8098, 2.0636)
1998 : (25, 16, 0.0006, 230.4326, 2.0909)
1999 : (15, 25, 0.0, 206.2999, 1.5537)
*********************************************************
gen	evals	avg    	std     	min 	max
0  	1000 	2.92047	0.145803	1.15	3  