Gen : 0
0 : (3, 28, 0.8971, 48.0868, 1.5)
1 : (28, 3, 0.0, 424.4299, 9.0)
2 : (2, 38, 1.95, 77.4231, 1.0)
3 : (38, 2, 0.0, 356.1947, 19.0)
4 : (4, 34, 2.587, 138.0341, 1.0)
5 : (34, 4, 0.0, 303.6548, 7.5)
6 : (5, 35, 1.63, 131.296, 1.0)
7 : (35, 5, 0.0, 324.1637, 2.8)
8 : (0, 40, 2.3125, 59.7691, 0.0)
9 : (40, 1, 0.0, 429.9138, 4.0)
10 : (1, 38, 2.25, 98.1673, 1.0)
11 : (38, 2, 0.0022, 285.0354, 13.5)
12 : (10, 30, 1.1037, 61.1153, 1.4286)
13 : (30, 10, 0.0, 329.7816, 4.0)
14 : (8, 32, 0.7647, 48.3964, 1.1429)
15 : (32, 8, 0.0, 267.6974, 4.0)
16 : (3, 37, 0.9063, 55.0812, 1.0)
17 : (37, 3, 0.0, 312.7671, 10.6667)
18 : (1, 35, 2.65, 90.6825, 1.0)
19 : (35, 1, 0.0, 285.0044, 19.0)
20 : (0, 39, 2.0, 92.6838, 0.0)
21 : (39, 0, 0.0, 423.4671, 0.0)
22 : (1, 39, 1.5, 64.3737, 1.0)
23 : (39, 2, 0.0, 423.4411, 14.5)
24 : (1, 20, 1.0, 34.4601, 1.0)
25 : (20, 1, 0.0, 340.2762, 10.0)
26 : (2, 38, 1.0938, 115.4784, 1.0)
27 : (38, 2, 0.0, 364.0714, 37.0)
28 : (4, 30, 1.8333, 108.9865, 2.0)
29 : (30, 4, 0.0, 367.5754, 12.5)
30 : (5, 35, 1.3542, 67.4713, 1.0)
31 : (35, 5, 0.0, 406.7979, 6.0)
32 : (0, 36, 0.0, 0.0, 0.0)
33 : (36, 0, 0.0, 400.4208, 0.0)
34 : (1, 39, 1.5, 142.1124, 1.0)
35 : (39, 1, 0.0, 340.6451, 23.0)
36 : (6, 22, 1.7031, 112.0419, 1.0)
37 : (21, 7, 0.0038, 198.3949, 3.1667)
38 : (19, 21, 0.8239, 51.7682, 2.375)
39 : (21, 19, 0.0, 326.0712, 2.8571)
40 : (3, 37, 0.9333, 76.5514, 1.0)
41 : (37, 3, 0.0, 340.3024, 11.3333)
42 : (1, 39, 0.75, 40.8944, 1.0)
43 : (39, 1, 0.0, 426.4843, 10.0)
44 : (1, 39, 1.8056, 48.9408, 1.0)
45 : (39, 1, 0.0, 343.6323, 9.0)
46 : (4, 36, 1.0938, 36.6883, 1.3333)
47 : (36, 4, 0.0, 312.564, 11.0)
48 : (1, 10, 2.4583, 94.6932, 1.0)
49 : (10, 1, 0.0, 343.4071, 7.0)
50 : (0, 35, 0.0, 0.0, 0.0)
51 : (35, 0, 0.0, 388.1967, 0.0)
52 : (0, 19, 2.0, 33.6369, 0.0)
53 : (19, 0, 0.0, 434.0746, 0.0)
54 : (5, 33, 1.5735, 52.5808, 1.0)
55 : (33, 5, 0.0, 125.095, 7.5)
56 : (0, 18, 1.5, 49.9543, 0.0)
57 : (18, 0, 0.0, 276.7858, 0.0)
58 : (1, 40, 1.75, 88.5034, 1.0)
59 : (39, 2, 0.0, 318.6829, 8.0)
60 : (5, 35, 1.4032, 82.2016, 1.25)
61 : (35, 5, 0.0, 436.8518, 6.75)
62 : (12, 28, 0.6477, 64.5564, 1.7143)
63 : (28, 13, 0.0, 228.4184, 2.875)
64 : (3, 37, 1.4038, 50.1735, 1.5)
65 : (37, 3, 0.0026, 338.4115, 17.0)
66 : (4, 32, 1.1842, 106.8628, 1.0)
67 : (32, 4, 0.0081, 329.3659, 8.0)
68 : (2, 3, 0.9643, 44.7765, 1.0)
69 : (3, 2, 0.0, 379.2268, 1.0)
70 : (0, 1, 0.0, 0.0, 0.0)
71 : (1, 0, 0.0, 119.7029, 0.0)
72 : (3, 31, 1.0625, 65.7654, 1.0)
73 : (31, 3, 0.0051, 222.5378, 5.6667)
74 : (0, 0, 0.0, 0.0, 0.0)
75 : (0, 0, 0.0, 21.8878, 0.0)
76 : (7, 33, 1.5887, 129.0034, 1.2)
77 : (33, 7, 0.0, 321.978, 5.5)
78 : (3, 32, 1.6, 71.5356, 1.0)
79 : (32, 3, 0.0, 378.8894, 10.3333)
80 : (3, 34, 1.4615, 37.6713, 1.0)
81 : (34, 4, 0.0, 220.9151, 6.6667)
82 : (9, 26, 0.4878, 43.1063, 1.5)
83 : (26, 9, 0.0, 367.1016, 3.8333)
84 : (4, 33, 1.4674, 126.4195, 1.0)
85 : (33, 4, 0.0, 223.8897, 7.25)
86 : (8, 20, 0.5, 35.541, 1.1667)
87 : (20, 8, 0.0, 254.9443, 2.8571)
88 : (7, 33, 0.0, 298.559, 1.1667)
89 : (33, 7, 0.0, 331.0738, 5.2)
90 : (0, 40, 1.0, 31.7741, 0.0)
91 : (40, 0, 0.0025, 392.9553, 0.0)
92 : (14, 26, 0.5231, 47.1264, 2.8)
93 : (26, 14, 0.0, 241.2179, 3.6)
94 : (10, 30, 0.8224, 51.004, 1.25)
95 : (30, 12, 0.0, 257.7841, 3.5)
96 : (1, 29, 1.2, 48.1754, 1.0)
97 : (29, 2, 0.0, 324.4621, 12.0)
98 : (5, 35, 1.6429, 49.4349, 1.25)
99 : (35, 5, 0.0, 356.1244, 8.25)
100 : (12, 28, 0.8782, 53.6581, 1.5)
101 : (28, 12, 0.0, 289.248, 3.4286)
102 : (9, 31, 0.8125, 49.2757, 1.2857)
103 : (31, 9, 0.0, 330.4232, 3.8333)
104 : (7, 33, 1.5517, 60.1849, 1.2)
105 : (33, 8, 0.0, 292.4374, 4.7143)
106 : (3, 33, 1.4091, 49.0448, 1.0)
107 : (33, 3, 0.0, 276.695, 10.0)
108 : (7, 26, 1.0603, 52.0673, 1.1667)
109 : (26, 7, 0.0, 222.5315, 2.8)
110 : (9, 31, 0.1894, 9.1814, 1.3333)
111 : (31, 9, 0.0, 368.2514, 5.1667)
112 : (5, 17, 0.75, 43.2629, 4.0)
113 : (17, 5, 0.0, 353.2466, 17.0)
114 : (4, 36, 0.7976, 28.7791, 2.0)
115 : (36, 4, 0.0023, 427.8061, 19.0)
116 : (6, 34, 1.1932, 138.8451, 1.0)
117 : (34, 6, 0.0, 394.3179, 6.8)
118 : (8, 32, 1.3529, 38.7217, 1.1667)
119 : (32, 8, 0.0, 260.5082, 4.5714)
120 : (2, 35, 2.0789, 87.5777, 1.0)
121 : (34, 2, 0.0, 366.8329, 14.5)
122 : (7, 32, 1.5806, 73.0897, 1.0)
123 : (32, 7, 0.0, 237.2001, 3.7143)
124 : (1, 22, 0.0, 2.9994, 1.0)
125 : (22, 1, 0.0, 415.6316, 2.0)
126 : (9, 31, 1.1944, 48.3747, 1.0)
127 : (31, 9, 0.0058, 344.4116, 3.75)
128 : (5, 27, 1.3571, 71.2353, 1.3333)
129 : (25, 5, 0.0031, 222.5954, 8.3333)
130 : (11, 27, 1.369, 75.3082, 1.5714)
131 : (26, 11, 0.0034, 157.6945, 3.0)
132 : (11, 29, 0.615, 54.9825, 1.4286)
133 : (29, 11, 0.0, 272.4757, 4.1429)
134 : (16, 26, 0.0, 251.4971, 1.4545)
135 : (24, 16, 0.0, 266.6482, 2.3)
136 : (4, 4, 0.8594, 69.3618, 1.5)
137 : (4, 4, 0.0, 299.9794, 1.3333)
138 : (7, 33, 0.6696, 73.1308, 1.0)
139 : (33, 9, 0.0, 322.0779, 3.625)
140 : (8, 27, 1.0805, 70.4853, 1.1429)
141 : (27, 8, 0.0, 270.742, 3.2857)
142 : (3, 36, 1.4773, 122.353, 1.0)
143 : (36, 3, 0.0, 339.9754, 11.0)
144 : (5, 23, 0.9457, 49.3534, 1.3333)
145 : (23, 6, 0.0, 303.9071, 5.75)
146 : (10, 30, 0.6579, 51.035, 1.4286)
147 : (30, 10, 0.0029, 314.319, 4.3333)
148 : (0, 0, 0.0, 0.0, 0.0)
149 : (0, 0, 0.0, 0.0, 0.0)
150 : (11, 28, 0.7135, 51.3767, 2.0)
151 : (28, 11, 0.0, 277.4093, 4.6667)
152 : (12, 21, 0.7917, 65.6366, 1.8333)
153 : (21, 12, 0.0, 236.1796, 3.0)
154 : (12, 28, 1.066, 77.9158, 1.0)
155 : (28, 12, 0.0, 267.9907, 2.1667)
156 : (10, 24, 0.9939, 70.3114, 1.5)
157 : (24, 10, 0.0033, 242.0148, 3.4286)
158 : (3, 1, 0.4773, 58.1067, 0.0)
159 : (1, 3, 0.0, 4.173, 1.0)
160 : (8, 32, 0.0, 203.0703, 1.1429)
161 : (32, 8, 0.0, 327.7148, 4.1429)
162 : (13, 27, 0.2368, 65.5321, 1.8571)
163 : (27, 14, 0.0, 288.938, 3.8333)
164 : (15, 26, 0.3966, 44.9057, 1.875)
165 : (25, 16, 0.0081, 379.9949, 2.3333)
166 : (21, 19, 0.6266, 41.7649, 1.5385)
167 : (19, 21, 0.0, 226.1514, 1.4615)
168 : (9, 31, 0.4128, 44.5266, 1.5)
169 : (31, 9, 0.0, 360.1833, 4.6667)
170 : (7, 33, 0.775, 43.8404, 1.75)
171 : (33, 7, 0.0022, 391.534, 5.5)
172 : (21, 19, 0.3393, 34.7626, 2.1)
173 : (19, 21, 0.0, 310.2726, 1.8)
174 : (13, 27, 0.766, 53.2906, 2.0)
175 : (27, 13, 0.0, 356.5302, 4.5)
176 : (10, 30, 0.6012, 48.5336, 1.125)
177 : (30, 10, 0.0, 369.6246, 3.3333)
178 : (5, 2, 0.3971, 37.4909, 1.5)
179 : (2, 5, 0.0, 651.1204, 1.0)
180 : (4, 21, 1.5833, 44.4356, 1.0)
181 : (20, 4, 0.0042, 405.7336, 6.3333)
182 : (9, 32, 1.4189, 53.6188, 1.125)
183 : (31, 9, 0.0, 305.9371, 3.375)
184 : (7, 31, 0.5263, 38.7181, 1.75)
185 : (31, 7, 0.0, 336.3782, 6.0)
186 : (14, 26, 0.5991, 50.2306, 1.625)
187 : (26, 14, 0.0, 305.2742, 2.8889)
188 : (18, 22, 0.754, 58.1207, 1.4444)
189 : (22, 18, 0.0, 419.1131, 2.4444)
190 : (8, 33, 0.7292, 65.5064, 1.6)
191 : (32, 8, 0.0, 277.9168, 3.0)
192 : (8, 32, 0.7639, 76.229, 1.6)
193 : (32, 8, 0.0, 338.9713, 5.0)
194 : (6, 30, 0.83, 55.4506, 1.2)
195 : (30, 6, 0.0, 350.1, 5.6)
196 : (11, 30, 0.5875, 57.5771, 1.375)
197 : (29, 11, 0.0, 233.0579, 2.8571)
198 : (8, 33, 1.0128, 82.0876, 1.1667)
199 : (32, 8, 0.0, 280.3379, 4.5714)
200 : (6, 45, 1.1134, 203.3321, 1.0)
201 : (31, 9, 0.0, 241.7507, 3.875)
202 : (0, 35, 0.8214, 144.86, 0.0)
203 : (35, 5, 0.0, 375.9398, 10.0)
204 : (0, 40, 1.1591, 220.5841, 0.0)
205 : (40, 5, 0.0, 378.9258, 8.75)
206 : (0, 40, 1.3393, 239.9184, 0.0)
207 : (40, 4, 0.0027, 339.2007, 12.6667)
208 : (0, 40, 1.7065, 262.4102, 0.0)
209 : (40, 3, 0.0074, 399.9683, 9.0)
210 : (0, 40, 0.625, 180.1327, 0.0)
211 : (40, 0, 0.0, 421.1437, 0.0)
212 : (0, 40, 2.5, 253.4555, 0.0)
213 : (40, 2, 0.0, 326.8794, 2.5)
214 : (6, 37, 0.2842, 331.6474, 1.0)
215 : (33, 6, 0.0, 329.6994, 5.3333)
216 : (3, 40, 1.3939, 218.2509, 1.0)
217 : (37, 9, 0.0014, 313.5137, 4.5714)
218 : (0, 40, 0.75, 343.4659, 0.0)
219 : (40, 3, 0.0, 346.6184, 13.0)
220 : (1, 39, 1.2289, 183.5301, 1.0)
221 : (39, 5, 0.0, 416.3109, 8.5)
222 : (0, 40, 0.8333, 158.6576, 0.0)
223 : (40, 1, 0.0, 379.9987, 0.0)
224 : (0, 40, 1.4663, 308.3875, 0.0)
225 : (40, 1, 0.0014, 489.2459, 39.0)
226 : (0, 40, 0.4605, 170.3951, 0.0)
227 : (40, 1, 0.0, 534.7844, 27.0)
228 : (0, 39, 0.5714, 201.3379, 0.0)
229 : (39, 9, 0.0, 401.4855, 3.0)
230 : (0, 38, 0.4259, 141.9631, 0.0)
231 : (38, 5, 0.0045, 468.2319, 6.8)
232 : (9, 40, 1.0216, 208.7538, 1.2857)
233 : (31, 11, 0.002, 343.2977, 3.3333)
234 : (0, 40, 1.9346, 218.4835, 0.0)
235 : (40, 0, 0.0, 428.9491, 0.0)
236 : (0, 36, 2.5222, 240.6466, 0.0)
237 : (36, 0, 0.0, 406.491, 0.0)
238 : (2, 42, 0.2679, 114.5323, 1.0)
239 : (38, 2, 0.0, 309.9314, 10.0)
240 : (2, 10, 1.1184, 184.1145, 1.0)
241 : (4, 6, 0.0, 405.4194, 1.5)
242 : (3, 43, 1.0462, 142.2755, 1.0)
243 : (34, 3, 0.003, 313.0938, 7.6667)
244 : (6, 43, 0.8129, 163.4283, 1.0)
245 : (34, 9, 0.0, 321.098, 4.125)
246 : (3, 44, 0.9977, 210.8498, 1.0)
247 : (37, 6, 0.0023, 401.0242, 6.1667)
248 : (2, 40, 1.3556, 223.0847, 1.0)
249 : (38, 4, 0.0, 344.2878, 18.0)
250 : (2, 46, 0.9497, 207.8763, 1.0)
251 : (38, 3, 0.0, 364.8523, 12.3333)
252 : (8, 32, 0.6825, 140.8707, 1.3333)
253 : (32, 10, 0.0, 386.9628, 3.875)
254 : (20, 32, 0.7136, 149.4088, 1.125)
255 : (20, 22, 0.0, 345.9627, 1.6667)
256 : (7, 34, 0.8912, 170.4984, 1.75)
257 : (33, 7, 0.0, 343.7357, 6.0)
258 : (2, 40, 1.1118, 161.2899, 1.0)
259 : (35, 3, 0.0016, 265.1104, 8.0)
260 : (4, 36, 0.2282, 295.0211, 1.3333)
261 : (36, 4, 0.0, 361.7271, 7.3333)
262 : (3, 38, 0.1557, 259.2276, 1.5)
263 : (37, 3, 0.0, 288.442, 16.0)
264 : (1, 39, 0.3333, 120.7428, 1.0)
265 : (39, 7, 0.0, 319.4171, 6.3333)
266 : (1, 39, 0.4537, 116.0339, 1.0)
267 : (39, 1, 0.0, 510.3831, 1.0)
268 : (1, 41, 0.5081, 219.194, 1.0)
269 : (39, 1, 0.0, 400.6936, 31.0)
270 : (3, 37, 0.878, 182.1319, 1.0)
271 : (37, 4, 0.0016, 411.4761, 9.0)
272 : (13, 28, 0.1219, 136.0508, 1.3333)
273 : (27, 13, 0.0, 309.6187, 2.7)
274 : (5, 30, 0.8674, 155.5456, 1.25)
275 : (26, 5, 0.0, 410.9156, 3.25)
276 : (3, 42, 0.9444, 296.3126, 1.0)
277 : (37, 4, 0.0, 336.6573, 10.3333)
278 : (4, 39, 0.205, 135.0972, 1.0)
279 : (36, 10, 0.0, 276.509, 3.375)
280 : (5, 39, 0.61, 72.1673, 1.25)
281 : (35, 5, 0.0, 378.0482, 5.25)
282 : (9, 39, 1.3156, 242.7737, 1.125)
283 : (28, 13, 0.0, 351.0663, 3.0)
284 : (5, 43, 1.3071, 189.8277, 1.0)
285 : (35, 6, 0.0, 383.6089, 8.75)
286 : (2, 45, 1.2161, 194.762, 1.0)
287 : (38, 3, 0.0, 490.6181, 9.0)
288 : (10, 31, 0.3341, 40.2334, 1.6667)
289 : (30, 10, 0.0282, 359.9563, 5.8)
290 : (6, 39, 0.0885, 237.1897, 1.0)
291 : (34, 9, 0.0037, 406.6992, 4.0)
292 : (3, 37, 0.3362, 32.0277, 1.0)
293 : (37, 3, 0.0395, 322.2298, 8.6667)
294 : (5, 34, 0.5, 146.0214, 2.0)
295 : (34, 9, 0.0018, 340.1169, 6.8)
296 : (2, 37, 0.9537, 220.2854, 1.0)
297 : (37, 3, 0.0, 343.4496, 7.6667)
298 : (5, 37, 0.2278, 299.3737, 1.25)
299 : (35, 5, 0.0027, 595.5892, 8.6667)
300 : (7, 38, 0.9042, 189.2229, 1.1667)
301 : (33, 7, 0.0, 370.9813, 5.2)
302 : (3, 43, 1.2384, 196.7292, 1.0)
303 : (37, 4, 0.0044, 368.4062, 8.25)
304 : (4, 36, 0.896, 174.8672, 1.3333)
305 : (36, 4, 0.0, 316.4053, 11.6667)
306 : (9, 31, 0.1328, 98.0948, 1.5)
307 : (31, 9, 0.0, 446.7811, 5.8)
308 : (15, 25, 0.6845, 177.2614, 1.5)
309 : (25, 15, 0.0, 279.8918, 2.0)
310 : (13, 43, 0.6572, 91.8901, 1.1818)
311 : (27, 18, 0.0, 317.3482, 1.5)
312 : (16, 40, 0.7549, 92.7915, 1.2308)
313 : (24, 19, 0.0, 355.0597, 2.2)
314 : (6, 29, 0.8901, 203.4085, 1.0)
315 : (26, 9, 0.0, 330.4126, 2.0)
316 : (9, 18, 0.2704, 77.8989, 1.1667)
317 : (17, 9, 0.0, 407.3595, 2.8333)
318 : (12, 42, 0.9425, 195.1084, 1.0)
319 : (27, 13, 0.0, 424.1776, 2.5)
320 : (11, 29, 0.2069, 304.4604, 1.375)
321 : (27, 11, 0.0, 401.0737, 3.5714)
322 : (3, 37, 0.3241, 65.6012, 1.0)
323 : (37, 3, 0.0, 322.1227, 11.6667)
324 : (8, 32, 0.0, 323.5895, 1.4)
325 : (32, 11, 0.0028, 403.3649, 4.5714)
326 : (10, 27, 0.2768, 434.336, 1.25)
327 : (27, 10, 0.0028, 522.8511, 3.0)
328 : (10, 28, 0.2362, 392.4821, 1.4286)
329 : (28, 10, 0.0057, 427.0457, 3.8571)
330 : (8, 32, 0.1534, 308.8595, 1.6)
331 : (32, 8, 0.0, 403.0665, 5.0)
332 : (7, 32, 0.1071, 117.3149, 2.0)
333 : (31, 7, 0.0, 415.489, 7.75)
334 : (4, 36, 0.2045, 40.8069, 2.0)
335 : (36, 4, 0.0, 412.4807, 14.0)
336 : (7, 33, 0.6898, 220.4155, 1.3333)
337 : (33, 8, 0.0, 357.9361, 8.25)
338 : (14, 27, 0.0019, 307.1954, 1.4)
339 : (26, 14, 0.0, 307.2343, 2.6667)
340 : (10, 37, 0.549, 364.3701, 1.25)
341 : (30, 15, 0.0, 293.8607, 2.9)
342 : (14, 31, 0.5202, 145.6949, 1.5556)
343 : (26, 14, 0.0, 401.7339, 2.5)
344 : (18, 20, 0.6917, 134.1942, 1.6)
345 : (19, 23, 0.0, 266.3299, 1.4615)
346 : (6, 41, 0.9505, 152.8736, 1.2)
347 : (34, 6, 0.0, 329.4277, 5.5)
348 : (13, 28, 0.3765, 133.142, 1.2)
349 : (27, 13, 0.0, 346.4577, 2.4545)
350 : (4, 27, 0.3282, 392.3509, 1.0)
351 : (27, 6, 0.0, 410.3656, 5.25)
352 : (14, 21, 0.4149, 95.0871, 1.75)
353 : (21, 14, 0.0, 350.4571, 2.4286)
354 : (8, 32, 0.6833, 148.267, 2.0)
355 : (32, 8, 0.0, 429.0325, 6.25)
356 : (15, 27, 0.0811, 246.8204, 1.1538)
357 : (25, 15, 0.0, 324.3922, 2.0)
358 : (23, 18, 0.5701, 186.6087, 2.3)
359 : (17, 23, 0.0, 195.4071, 1.7778)
360 : (14, 34, 0.8424, 171.4751, 1.0)
361 : (26, 14, 0.0, 306.7868, 2.3636)
362 : (9, 34, 0.5641, 104.7609, 1.2857)
363 : (31, 9, 0.0, 380.7248, 2.5)
364 : (2, 42, 0.95, 134.0804, 1.0)
365 : (38, 2, 0.0, 391.7566, 2.0)
366 : (14, 27, 0.0216, 356.2259, 1.75)
367 : (26, 14, 0.0, 389.2116, 3.4286)
368 : (17, 23, 0.2284, 157.3115, 1.7)
369 : (23, 17, 0.0, 399.3095, 2.4444)
370 : (9, 33, 0.1696, 124.1678, 1.1429)
371 : (31, 9, 0.0, 492.3, 3.875)
372 : (16, 24, 0.0, 349.1866, 1.8333)
373 : (24, 16, 0.0114, 257.681, 3.4286)
374 : (14, 26, 0.2975, 163.4484, 1.5556)
375 : (26, 16, 0.0, 387.3723, 2.3333)
376 : (7, 33, 0.25, 157.3958, 1.4)
377 : (33, 8, 0.0, 488.1272, 7.25)
378 : (12, 30, 0.6639, 154.9344, 1.3333)
379 : (28, 13, 0.0, 282.1804, 3.0)
380 : (23, 18, 0.1884, 162.8136, 1.75)
381 : (17, 27, 0.0, 290.1683, 1.4167)
382 : (12, 30, 0.7283, 180.0706, 1.5)
383 : (28, 14, 0.0, 312.6844, 3.0)
384 : (15, 30, 0.0139, 310.6642, 1.875)
385 : (25, 15, 0.0, 385.5042, 4.6)
386 : (12, 28, 0.2901, 111.195, 1.5714)
387 : (28, 16, 0.0, 336.1365, 3.1111)
388 : (13, 25, 0.5492, 194.8053, 1.5)
389 : (22, 13, 0.0, 152.814, 2.75)
390 : (13, 28, 0.5598, 178.7968, 1.4444)
391 : (27, 13, 0.0, 159.427, 3.0)
392 : (19, 24, 0.0, 341.7458, 1.8)
393 : (21, 19, 0.0, 296.9799, 1.9091)
394 : (15, 25, 0.0235, 211.2474, 1.4)
395 : (25, 18, 0.0, 225.8613, 1.9231)
396 : (12, 28, 0.3914, 240.425, 1.3333)
397 : (28, 12, 0.0, 394.445, 3.0)
398 : (13, 27, 0.4052, 224.0902, 1.3)
399 : (27, 13, 0.0, 484.326, 2.3)
400 : (2, 24, 1.0903, 320.1646, 1.0)
401 : (18, 3, 0.0154, 243.1776, 9.0)
402 : (2, 32, 0.3958, 195.3175, 2.0)
403 : (27, 4, 0.0064, 274.6365, 6.0)
404 : (0, 37, 0.8669, 283.1972, 0.0)
405 : (36, 0, 0.0, 176.2273, 0.0)
406 : (0, 15, 0.9519, 382.7961, 0.0)
407 : (15, 0, 0.0, 229.3397, 0.0)
408 : (1, 41, 0.3281, 141.8175, 1.0)
409 : (39, 1, 0.0, 458.1768, 3.0)
410 : (0, 40, 1.1875, 434.2643, 0.0)
411 : (40, 0, 0.0404, 474.607, 0.0)
412 : (0, 41, 0.9417, 270.3199, 0.0)
413 : (40, 0, 0.0, 289.6028, 0.0)
414 : (1, 39, 0.5, 100.8627, 1.0)
415 : (39, 1, 0.0217, 491.9117, 37.0)
416 : (1, 39, 1.25, 328.9297, 1.0)
417 : (39, 1, 0.0169, 477.0518, 29.0)
418 : (3, 47, 0.5738, 237.1176, 1.0)
419 : (37, 3, 0.0449, 470.8333, 7.3333)
420 : (1, 45, 1.07, 280.4911, 1.0)
421 : (39, 1, 0.0134, 463.2542, 37.0)
422 : (1, 40, 1.0909, 403.8627, 1.0)
423 : (39, 2, 0.0376, 374.8244, 16.0)
424 : (2, 44, 1.2917, 363.1644, 1.0)
425 : (38, 2, 0.006, 373.0128, 1.0)
426 : (2, 38, 0.1875, 84.1216, 1.0)
427 : (38, 2, 0.013, 450.1354, 8.0)
428 : (1, 39, 0.6364, 112.4598, 1.0)
429 : (39, 1, 0.0299, 529.8317, 15.0)
430 : (1, 39, 0.1818, 160.7376, 1.0)
431 : (39, 1, 0.0073, 430.6061, 12.0)
432 : (6, 40, 0.7404, 190.8914, 1.2)
433 : (34, 6, 0.0089, 507.8065, 6.4)
434 : (2, 46, 0.7381, 237.5276, 1.0)
435 : (38, 2, 0.0372, 414.8085, 18.0)
436 : (1, 39, 2.125, 592.3087, 1.0)
437 : (39, 2, 0.0278, 412.9447, 17.5)
438 : (3, 47, 0.9871, 317.1428, 1.0)
439 : (37, 4, 0.0076, 355.6515, 7.0)
440 : (4, 36, 0.0769, 104.5174, 1.0)
441 : (35, 4, 0.0, 412.2922, 8.5)
442 : (7, 39, 0.6691, 239.4226, 1.4)
443 : (33, 7, 0.0396, 405.8822, 8.0)
444 : (3, 37, 0.5761, 237.1913, 1.0)
445 : (37, 3, 0.0014, 399.7186, 12.0)
446 : (1, 39, 0.0, 97.8219, 1.0)
447 : (39, 1, 0.0042, 580.7968, 0.0)
448 : (0, 43, 0.6522, 231.0862, 0.0)
449 : (40, 0, 0.0049, 556.5108, 0.0)
450 : (1, 44, 1.1395, 336.9535, 1.0)
451 : (39, 1, 0.0, 432.6481, 18.0)
452 : (2, 40, 0.75, 272.4685, 1.0)
453 : (31, 3, 0.012, 314.287, 9.0)
454 : (2, 38, 0.0, 2.4696, 1.0)
455 : (38, 2, 0.0027, 521.7018, 15.0)
456 : (3, 37, 0.5, 168.0432, 1.5)
457 : (37, 3, 0.0028, 526.8009, 34.0)
458 : (0, 40, 0.0, 0.0, 0.0)
459 : (40, 0, 0.0024, 568.6986, 0.0)
460 : (0, 40, 0.0, 39.3932, 0.0)
461 : (40, 0, 0.0163, 602.2558, 0.0)
462 : (8, 37, 0.2661, 133.6845, 1.0)
463 : (32, 9, 0.0, 334.4153, 3.1111)
464 : (6, 43, 0.4449, 197.2875, 1.0)
465 : (34, 6, 0.0, 438.2725, 5.6667)
466 : (8, 41, 0.5313, 207.4343, 1.0)
467 : (32, 8, 0.0, 518.5062, 5.1667)
468 : (1, 43, 0.8971, 324.7981, 1.0)
469 : (39, 1, 0.0051, 317.3762, 21.0)
470 : (1, 10, 0.0, 105.1744, 1.0)
471 : (10, 1, 0.0, 277.025, 5.0)
472 : (2, 41, 0.6316, 153.3949, 2.0)
473 : (38, 2, 0.0, 622.7756, 2.0)
474 : (1, 41, 1.4167, 476.1032, 1.0)
475 : (39, 1, 0.0275, 432.2273, 5.0)
476 : (5, 38, 0.0833, 127.5349, 1.25)
477 : (35, 5, 0.0, 442.5838, 5.0)
478 : (0, 40, 0.6667, 261.6402, 0.0)
479 : (40, 0, 0.01, 544.5688, 0.0)
480 : (3, 37, 0.5577, 208.6481, 1.5)
481 : (37, 3, 0.0259, 514.6215, 12.5)
482 : (1, 39, 0.5, 201.5795, 1.0)
483 : (39, 1, 0.0317, 494.6966, 5.0)
484 : (3, 37, 0.5, 269.0526, 1.0)
485 : (37, 3, 0.0427, 425.0052, 11.0)
486 : (2, 38, 0.2857, 198.8057, 1.0)
487 : (38, 2, 0.0034, 508.9099, 15.5)
488 : (8, 32, 0.4211, 164.3924, 1.1429)
489 : (32, 9, 0.0066, 424.5478, 3.875)
490 : (4, 36, 0.1364, 138.7381, 1.5)
491 : (36, 4, 0.0068, 610.5676, 12.0)
492 : (1, 40, 1.3409, 387.3524, 1.0)
493 : (39, 2, 0.0, 571.0317, 18.5)
494 : (1, 42, 0.75, 189.0626, 1.0)
495 : (39, 1, 0.0, 496.7043, 26.0)
496 : (8, 38, 0.9079, 119.8651, 1.0)
497 : (32, 8, 0.0441, 421.682, 4.0)
498 : (1, 42, 1.0909, 313.6512, 1.0)
499 : (39, 1, 0.0025, 445.1922, 0.0)
500 : (3, 52, 0.9367, 253.3429, 1.0)
501 : (37, 3, 0.018, 347.518, 11.6667)
502 : (2, 38, 0.75, 79.437, 1.0)
503 : (38, 2, 0.0, 541.4923, 15.0)
504 : (8, 32, 0.7804, 275.2477, 1.3333)
505 : (32, 8, 0.0037, 280.0923, 4.5)
506 : (2, 36, 0.7021, 262.0634, 2.0)
507 : (36, 2, 0.0145, 328.4867, 27.0)
508 : (1, 39, 0.2813, 186.7798, 1.0)
509 : (39, 1, 0.0399, 529.4266, 18.0)
510 : (6, 34, 0.2581, 194.8738, 1.2)
511 : (34, 7, 0.0172, 287.3346, 6.4)
512 : (3, 42, 0.4324, 220.7451, 1.5)
513 : (37, 4, 0.0244, 318.231, 12.0)
514 : (3, 37, 1.1364, 350.2461, 1.5)
515 : (37, 4, 0.0238, 345.8714, 11.3333)
516 : (4, 36, 0.5588, 233.7708, 1.0)
517 : (36, 4, 0.0024, 579.3239, 8.75)
518 : (5, 35, 0.625, 211.106, 1.0)
519 : (35, 5, 0.0045, 539.0425, 8.75)
520 : (4, 36, 0.4167, 134.224, 1.0)
521 : (36, 4, 0.0071, 468.4353, 4.5)
522 : (13, 49, 0.8613, 287.6174, 1.1818)
523 : (27, 13, 0.0086, 391.1979, 2.0)
524 : (12, 39, 1.1816, 179.591, 1.0)
525 : (28, 14, 0.0033, 258.3866, 2.7)
526 : (7, 44, 0.9915, 177.616, 1.1667)
527 : (33, 7, 0.0, 479.1194, 4.5)
528 : (3, 50, 0.8942, 170.6488, 1.0)
529 : (37, 3, 0.0, 565.6608, 8.6667)
530 : (8, 39, 1.0595, 181.8912, 1.0)
531 : (32, 9, 0.0, 494.2722, 3.2222)
532 : (3, 34, 0.7, 175.572, 1.0)
533 : (34, 3, 0.0089, 398.7865, 9.6667)
534 : (3, 37, 0.1136, 154.4272, 1.0)
535 : (37, 3, 0.0027, 440.6342, 11.0)
536 : (4, 37, 0.1324, 145.6018, 1.0)
537 : (36, 4, 0.0, 509.4941, 18.0)
538 : (6, 35, 0.3448, 248.7715, 1.0)
539 : (34, 7, 0.0029, 449.0789, 5.1667)
540 : (5, 35, 0.4737, 156.0785, 1.25)
541 : (35, 5, 0.0, 279.5356, 10.6667)
542 : (3, 37, 0.6364, 155.2958, 1.0)
543 : (37, 4, 0.0128, 589.6801, 8.0)
544 : (6, 35, 0.3095, 215.0291, 1.25)
545 : (34, 6, 0.0, 502.6286, 8.5)
546 : (11, 14, 0.0948, 71.3582, 1.8333)
547 : (14, 11, 0.0, 196.3318, 2.6)
548 : (7, 33, 0.1786, 98.2529, 1.2)
549 : (33, 7, 0.0, 386.381, 5.5)
550 : (4, 39, 0.2931, 183.7355, 1.3333)
551 : (36, 4, 0.0529, 406.28, 22.0)
552 : (7, 39, 0.3389, 155.045, 1.1667)
553 : (33, 7, 0.0104, 391.8153, 5.6)
554 : (5, 37, 1.0221, 283.7703, 1.0)
555 : (35, 5, 0.0053, 366.2143, 7.5)
556 : (3, 37, 0.25, 127.4118, 1.5)
557 : (37, 3, 0.0183, 399.1814, 11.0)
558 : (3, 10, 0.0, 30.8058, 1.5)
559 : (10, 5, 0.0357, 270.2001, 3.0)
560 : (4, 22, 0.2885, 116.6082, 1.3333)
561 : (22, 5, 0.0222, 325.3203, 6.6667)
562 : (4, 36, 0.125, 102.1916, 1.3333)
563 : (36, 4, 0.0, 246.4013, 11.6667)
564 : (10, 30, 0.3906, 132.5586, 1.6667)
565 : (30, 10, 0.0066, 297.0647, 4.0)
566 : (2, 41, 1.4191, 354.7175, 1.0)
567 : (38, 3, 0.0137, 373.8297, 12.0)
568 : (14, 26, 0.224, 190.5819, 1.3)
569 : (26, 14, 0.0254, 370.3157, 2.3636)
570 : (33, 7, 0.2705, 233.5966, 5.5)
571 : (7, 35, 0.0, 191.6127, 1.2)
572 : (27, 13, 0.2627, 221.7631, 2.875)
573 : (13, 28, 0.0, 227.3018, 1.625)
574 : (10, 30, 0.0857, 154.8958, 1.25)
575 : (30, 10, 0.0464, 464.6269, 3.375)
576 : (20, 20, 0.3232, 135.7242, 2.0)
577 : (20, 20, 0.0156, 412.5283, 2.1111)
578 : (12, 21, 0.6292, 123.6716, 1.2)
579 : (12, 12, 0.0, 441.2265, 2.25)
580 : (13, 23, 0.4514, 183.1548, 1.5)
581 : (23, 13, 0.0, 420.3786, 2.875)
582 : (11, 29, 0.4309, 126.7292, 1.2222)
583 : (29, 11, 0.0149, 362.9433, 3.1111)
584 : (7, 33, 0.1371, 104.4134, 1.1667)
585 : (33, 7, 0.0278, 421.201, 4.6667)
586 : (14, 28, 0.3277, 143.9851, 1.3)
587 : (26, 14, 0.0, 334.1153, 2.8889)
588 : (22, 18, 0.4094, 139.6461, 2.4444)
589 : (18, 22, 0.0088, 256.3862, 2.125)
590 : (16, 24, 0.4764, 140.4862, 1.4545)
591 : (24, 16, 0.0, 310.1653, 2.0909)
592 : (18, 22, 0.3596, 121.1684, 2.0)
593 : (22, 18, 0.0, 270.555, 2.4444)
594 : (16, 24, 0.4265, 268.8819, 2.0)
595 : (24, 16, 0.0078, 401.6228, 2.25)
596 : (19, 21, 0.25, 207.701, 1.6364)
597 : (21, 19, 0.0091, 316.0743, 1.9091)
598 : (26, 14, 0.4455, 248.9425, 3.0)
599 : (14, 27, 0.0, 246.1855, 1.5556)
600 : (4, 33, 0.15, 81.1017, 1.0)
601 : (32, 4, 0.0027, 222.6291, 6.5)
602 : (0, 9, 0.0, 0.0, 0.0)
603 : (9, 0, 0.0, 533.0353, 0.0)
604 : (3, 41, 1.2564, 182.6398, 1.5)
605 : (37, 3, 0.0, 453.5842, 16.5)
606 : (11, 29, 1.2708, 159.0043, 1.5)
607 : (29, 11, 0.0, 306.1022, 4.1429)
608 : (4, 40, 2.0292, 164.4337, 1.0)
609 : (34, 4, 0.0031, 294.5282, 7.5)
610 : (8, 33, 1.3882, 103.59, 1.3333)
611 : (32, 8, 0.0035, 420.4131, 3.2)
612 : (3, 37, 1.3, 40.9213, 1.5)
613 : (37, 3, 0.0, 347.583, 17.0)
614 : (2, 38, 0.5, 68.5943, 1.0)
615 : (38, 2, 0.0, 313.8083, 13.5)
616 : (12, 28, 0.7841, 58.8393, 1.7143)
617 : (28, 12, 0.0382, 459.5232, 2.0)
618 : (6, 34, 0.0, 31.4712, 1.2)
619 : (34, 6, 0.0488, 455.8836, 3.2)
620 : (6, 24, 1.1111, 125.2527, 1.5)
621 : (24, 6, 0.0363, 469.4784, 5.25)
622 : (0, 40, 0.0, 0.0, 0.0)
623 : (40, 0, 0.0515, 466.7109, 0.0)
624 : (4, 41, 1.5508, 103.8232, 1.0)
625 : (36, 4, 0.0, 335.9971, 10.0)
626 : (10, 31, 1.7206, 84.583, 1.4286)
627 : (30, 10, 0.0, 221.1616, 3.7143)
628 : (7, 33, 1.913, 79.4375, 1.1667)
629 : (33, 8, 0.0, 255.6939, 5.3333)
630 : (13, 38, 2.1797, 168.1728, 1.0)
631 : (27, 13, 0.0, 295.0981, 3.0)
632 : (2, 38, 1.7917, 195.1155, 1.0)
633 : (38, 2, 0.0, 369.6652, 15.0)
634 : (14, 26, 1.069, 99.5276, 1.4444)
635 : (26, 14, 0.0037, 351.026, 2.8889)
636 : (4, 18, 1.1136, 78.222, 2.0)
637 : (18, 4, 0.0058, 375.1696, 4.0)
638 : (11, 30, 1.1129, 80.2844, 1.25)
639 : (29, 12, 0.0, 300.1814, 3.2222)
640 : (6, 34, 2.375, 183.8087, 1.5)
641 : (34, 6, 0.0056, 335.1464, 8.0)
642 : (9, 36, 2.4029, 137.1068, 1.1429)
643 : (28, 9, 0.0, 179.8679, 4.0)
644 : (8, 29, 1.982, 154.4282, 1.1429)
645 : (23, 9, 0.0, 163.7969, 2.5714)
646 : (8, 38, 2.0842, 183.7172, 1.1429)
647 : (26, 8, 0.0, 269.0118, 3.5)
648 : (8, 32, 1.8513, 135.5439, 1.1429)
649 : (21, 8, 0.0, 306.1592, 4.2)
650 : (1, 41, 0.75, 419.0211, 1.0)
651 : (39, 1, 0.0029, 274.4313, 32.0)
652 : (0, 0, 0.0, 0.0, 0.0)
653 : (0, 0, 0.0, 0.0, 0.0)
654 : (7, 33, 1.125, 88.683, 1.1667)
655 : (33, 7, 0.0, 255.6378, 4.3333)
656 : (2, 30, 1.8333, 103.9227, 1.0)
657 : (30, 2, 0.0059, 323.411, 13.5)
658 : (7, 29, 1.1447, 120.7941, 1.75)
659 : (28, 7, 0.0, 343.562, 4.6667)
660 : (3, 37, 1.0714, 124.7202, 1.5)
661 : (37, 3, 0.0, 343.1617, 3.5)
662 : (4, 36, 1.075, 77.1569, 1.5)
663 : (36, 4, 0.0108, 480.2374, 12.0)
664 : (5, 35, 1.7679, 100.1955, 1.25)
665 : (35, 5, 0.0, 332.1433, 7.75)
666 : (5, 38, 1.3571, 124.5285, 1.0)
667 : (35, 6, 0.0, 348.2603, 6.4)
668 : (12, 28, 0.9444, 76.4649, 2.0)
669 : (28, 12, 0.0, 362.8218, 3.3333)
670 : (6, 37, 3.2635, 231.076, 1.0)
671 : (34, 6, 0.0, 355.9953, 5.6667)
672 : (8, 30, 1.4219, 125.4421, 1.0)
673 : (27, 8, 0.0, 267.5695, 3.125)
674 : (9, 30, 1.34, 62.0637, 1.0)
675 : (28, 10, 0.0028, 201.5381, 2.75)
676 : (3, 39, 2.8397, 151.0609, 1.0)
677 : (37, 3, 0.0029, 307.362, 12.0)
678 : (4, 34, 2.0455, 158.7264, 1.0)
679 : (34, 4, 0.0119, 340.8267, 8.25)
680 : (7, 33, 0.3889, 35.0449, 1.2)
681 : (33, 7, 0.0494, 469.7833, 6.6)
682 : (5, 35, 1.7692, 315.0732, 1.0)
683 : (35, 5, 0.0, 335.0641, 7.0)
684 : (4, 37, 0.9231, 85.9987, 1.0)
685 : (36, 4, 0.0417, 418.454, 9.0)
686 : (7, 33, 1.2125, 99.4234, 1.0)
687 : (33, 7, 0.0649, 436.8941, 4.2857)
688 : (4, 21, 0.7083, 35.4755, 1.0)
689 : (20, 4, 0.016, 349.6577, 10.0)
690 : (3, 37, 2.1111, 162.9334, 1.5)
691 : (37, 3, 0.0, 362.3719, 11.0)
692 : (6, 34, 2.75, 144.4307, 1.2)
693 : (34, 6, 0.0, 406.4202, 4.6)
694 : (3, 38, 1.25, 64.1637, 1.0)
695 : (37, 3, 0.0027, 281.2664, 11.0)
696 : (7, 33, 1.3333, 84.0122, 1.4)
697 : (33, 7, 0.0031, 233.9284, 5.2)
698 : (8, 32, 0.5761, 84.0081, 1.6)
699 : (32, 8, 0.0, 289.2532, 6.5)
700 : (1, 14, 1.9875, 147.8926, 1.0)
701 : (10, 2, 0.0259, 410.2032, 3.0)
702 : (9, 31, 1.9335, 107.9858, 1.125)
703 : (25, 9, 0.0, 276.4629, 3.4286)
704 : (8, 41, 1.7868, 115.8924, 1.0)
705 : (32, 8, 0.0, 290.2412, 3.625)
706 : (13, 39, 2.4174, 119.5094, 1.1818)
707 : (27, 13, 0.0, 281.1816, 2.2727)
708 : (0, 7, 1.625, 128.1147, 0.0)
709 : (4, 0, 0.0, 178.6539, 0.0)
710 : (7, 37, 1.9477, 136.8692, 1.4)
711 : (28, 8, 0.0, 174.3204, 4.0)
712 : (16, 24, 0.0774, 94.6008, 1.4545)
713 : (24, 16, 0.0, 324.5601, 1.8182)
714 : (18, 22, 0.1667, 144.906, 1.3077)
715 : (22, 18, 0.0045, 509.8346, 1.6923)
716 : (11, 26, 0.2353, 148.4432, 1.5714)
717 : (26, 11, 0.0042, 470.6534, 3.1429)
718 : (9, 31, 1.3636, 115.6327, 1.6)
719 : (31, 9, 0.0031, 252.997, 5.1667)
720 : (6, 33, 2.3409, 167.2142, 1.0)
721 : (33, 6, 0.0, 301.5198, 5.0)
722 : (10, 25, 1.3482, 69.5349, 2.0)
723 : (25, 10, 0.0, 330.4209, 4.8)
724 : (11, 21, 1.7581, 176.1062, 1.375)
725 : (20, 11, 0.0, 153.5413, 2.0)
726 : (16, 16, 0.8947, 84.1251, 1.8571)
727 : (13, 16, 0.0, 223.9899, 1.8571)
728 : (5, 43, 2.3929, 207.194, 1.0)
729 : (35, 5, 0.0, 274.0528, 6.4)
730 : (3, 39, 0.3125, 197.2484, 1.5)
731 : (37, 3, 0.0063, 361.3117, 6.0)
732 : (11, 33, 0.7378, 62.8694, 1.1111)
733 : (29, 11, 0.0036, 295.1844, 2.9)
734 : (9, 31, 1.3646, 141.0393, 1.5)
735 : (31, 10, 0.0, 303.0215, 5.0)
736 : (9, 19, 0.8333, 87.7679, 1.8)
737 : (19, 9, 0.0083, 316.0722, 4.0)
738 : (3, 18, 0.9167, 67.6702, 2.0)
739 : (18, 3, 0.0, 368.2645, 9.0)
740 : (10, 32, 0.681, 60.0233, 1.4286)
741 : (30, 10, 0.0, 188.0192, 3.4286)
742 : (5, 32, 1.4817, 72.2407, 1.0)
743 : (31, 5, 0.0029, 335.1808, 5.4)
744 : (0, 4, 2.75, 113.4506, 0.0)
745 : (3, 0, 0.0, 623.1816, 0.0)
746 : (17, 25, 1.2102, 80.2484, 1.5455)
747 : (22, 17, 0.0161, 200.8262, 2.0)
748 : (11, 31, 1.0592, 92.4059, 1.2222)
749 : (29, 11, 0.0, 242.7746, 2.4286)
750 : (16, 24, 1.6437, 84.4484, 1.7778)
751 : (24, 16, 0.0, 254.4763, 2.25)
752 : (11, 26, 1.5172, 88.9557, 1.1111)
753 : (26, 11, 0.0, 286.8914, 2.8889)
754 : (16, 24, 0.6023, 73.3507, 1.6)
755 : (24, 16, 0.0, 216.4371, 2.2222)
756 : (5, 7, 0.85, 64.8708, 1.0)
757 : (7, 5, 0.0, 241.7988, 1.4)
758 : (6, 35, 0.5, 72.9924, 1.2)
759 : (34, 6, 0.0211, 416.9688, 3.6)
760 : (7, 33, 1.2895, 101.0429, 1.4)
761 : (33, 7, 0.0, 338.091, 5.6)
762 : (21, 19, 0.0, 140.5708, 1.7273)
763 : (19, 21, 0.0047, 353.9152, 1.7273)
764 : (14, 26, 0.5636, 61.3834, 1.625)
765 : (26, 14, 0.0238, 392.5854, 2.8889)
766 : (8, 33, 1.9167, 92.135, 1.1429)
767 : (32, 8, 0.0027, 284.2196, 5.0)
768 : (14, 27, 0.6959, 46.8042, 2.1667)
769 : (26, 14, 0.0, 220.1471, 4.3333)
770 : (13, 27, 0.8036, 84.8256, 1.625)
771 : (27, 13, 0.0, 315.8779, 3.7143)
772 : (8, 32, 0.2381, 40.7837, 1.1429)
773 : (32, 8, 0.0673, 549.1478, 4.1429)
774 : (21, 19, 0.4, 133.9909, 1.6667)
775 : (19, 21, 0.0, 283.822, 1.4615)
776 : (16, 24, 0.6042, 225.7587, 2.2857)
777 : (24, 17, 0.0, 290.8235, 2.5)
778 : (11, 29, 0.3092, 99.4809, 1.8333)
779 : (29, 11, 0.012, 380.1699, 4.6667)
780 : (7, 28, 0.6, 46.5745, 1.4)
781 : (27, 7, 0.0031, 352.0151, 1.75)
782 : (14, 21, 0.004, 197.3179, 1.8571)
783 : (21, 14, 0.0054, 484.7228, 3.0)
784 : (17, 23, 0.0, 512.1563, 2.2857)
785 : (23, 17, 0.0129, 323.661, 2.875)
786 : (19, 21, 0.0, 643.8309, 2.375)
787 : (21, 20, 0.0333, 311.3621, 2.25)
788 : (18, 22, 0.1042, 232.5023, 2.5714)
789 : (22, 20, 0.0, 413.3928, 1.875)
790 : (19, 21, 0.0795, 215.2339, 1.5)
791 : (21, 19, 0.0, 386.4282, 1.75)
792 : (19, 21, 0.0991, 99.4284, 2.25)
793 : (21, 19, 0.0035, 389.7111, 2.625)
794 : (22, 24, 0.6464, 63.4368, 2.1)
795 : (18, 22, 0.0, 389.8764, 2.5714)
796 : (11, 29, 0.625, 83.3161, 1.5714)
797 : (29, 11, 0.0034, 481.9496, 4.0)
798 : (23, 17, 0.5082, 69.5287, 2.4444)
799 : (17, 23, 0.0, 235.7863, 1.8889)
800 : (2, 39, 2.9143, 136.8497, 1.0)
801 : (38, 6, 0.0017, 335.1301, 9.25)
802 : (1, 45, 2.4824, 130.238, 1.0)
803 : (39, 6, 0.0074, 304.5224, 6.0)
804 : (0, 12, 2.6875, 146.4813, 0.0)
805 : (12, 0, 0.0, 457.0938, 0.0)
806 : (2, 39, 3.15, 118.8612, 1.0)
807 : (38, 6, 0.0016, 376.1403, 5.3333)
808 : (2, 14, 1.2653, 155.3215, 1.0)
809 : (14, 6, 0.0068, 319.7357, 3.6667)
810 : (0, 40, 0.871, 167.9512, 0.0)
811 : (40, 6, 0.0135, 425.8615, 6.4)
812 : (0, 40, 1.1765, 182.0749, 0.0)
813 : (40, 4, 0.0115, 473.368, 6.25)
814 : (0, 35, 1.5439, 90.7588, 0.0)
815 : (35, 0, 0.0, 335.0588, 0.0)
816 : (0, 37, 0.875, 163.1605, 0.0)
817 : (37, 0, 0.0089, 386.5812, 0.0)
818 : (1, 35, 1.5375, 134.4388, 1.0)
819 : (31, 1, 0.0, 339.1333, 7.0)
820 : (0, 34, 4.25, 211.3915, 0.0)
821 : (34, 0, 0.0033, 354.7685, 0.0)
822 : (0, 38, 1.4853, 143.669, 0.0)
823 : (37, 0, 0.0063, 424.0959, 0.0)
824 : (1, 39, 4.25, 70.8498, 1.0)
825 : (39, 1, 0.0029, 395.4749, 35.0)
826 : (0, 37, 3.45, 117.5041, 0.0)
827 : (37, 0, 0.0, 369.3897, 0.0)
828 : (5, 37, 1.75, 105.8648, 1.3333)
829 : (34, 5, 0.0035, 320.4708, 8.5)
830 : (1, 0, 3.75, 106.3421, 0.0)
831 : (0, 1, 0.0, 228.1221, 0.0)
832 : (0, 42, 2.975, 149.8156, 0.0)
833 : (40, 10, 0.0027, 371.6469, 5.4286)
834 : (2, 24, 1.5278, 121.7493, 1.0)
835 : (21, 8, 0.0104, 354.0338, 4.75)
836 : (1, 32, 2.4779, 76.903, 1.0)
837 : (31, 1, 0.0072, 391.446, 30.0)
838 : (1, 36, 1.1389, 88.9399, 1.0)
839 : (35, 1, 0.0063, 465.467, 28.0)
840 : (3, 31, 1.2474, 113.8345, 1.0)
841 : (31, 3, 0.0018, 298.0627, 5.0)
842 : (4, 39, 2.3191, 167.9334, 1.0)
843 : (36, 4, 0.0111, 493.4174, 8.6667)
844 : (5, 35, 2.7443, 108.3482, 1.25)
845 : (31, 5, 0.0, 285.8914, 6.0)
846 : (1, 40, 2.3306, 90.6787, 1.0)
847 : (39, 1, 0.003, 431.9033, 30.0)
848 : (0, 16, 0.0, 0.0, 0.0)
849 : (16, 0, 0.0, 416.687, 0.0)
850 : (3, 38, 2.6629, 130.1782, 1.0)
851 : (37, 3, 0.0093, 366.1421, 9.3333)
852 : (1, 39, 4.9239, 131.7066, 1.0)
853 : (39, 1, 0.0, 437.6475, 19.0)
854 : (1, 26, 2.1053, 121.2944, 1.0)
855 : (24, 1, 0.0049, 387.0441, 16.0)
856 : (2, 38, 2.2778, 125.7768, 1.0)
857 : (37, 2, 0.0, 264.9546, 18.0)
858 : (2, 32, 1.845, 116.0015, 1.0)
859 : (29, 2, 0.0, 208.1252, 6.0)
860 : (0, 36, 3.35, 113.7632, 0.0)
861 : (34, 8, 0.0, 250.4683, 5.3333)
862 : (3, 30, 2.0969, 166.7547, 1.0)
863 : (28, 12, 0.0036, 306.4778, 3.0)
864 : (2, 41, 3.1364, 118.2176, 1.0)
865 : (38, 2, 0.0, 352.9289, 16.5)
866 : (3, 39, 1.1923, 114.1041, 1.0)
867 : (37, 3, 0.0, 339.2349, 12.0)
868 : (1, 1, 0.0, 35.3609, 1.0)
869 : (1, 1, 0.0, 27.4371, 0.0)
870 : (1, 10, 2.4, 91.9445, 1.0)
871 : (10, 1, 0.0, 276.8467, 1.0)
872 : (3, 31, 1.693, 82.4973, 1.0)
873 : (30, 3, 0.0, 384.96, 15.0)
874 : (2, 37, 0.2, 72.0852, 1.0)
875 : (37, 2, 0.0, 370.8683, 6.0)
876 : (0, 0, 0.0, 0.0, 0.0)
877 : (0, 0, 0.0, 525.9449, 0.0)
878 : (5, 35, 0.6115, 59.2229, 2.5)
879 : (35, 5, 0.0, 387.7094, 3.0)
880 : (4, 36, 3.6916, 147.437, 1.0)
881 : (36, 4, 0.0, 393.582, 9.6667)
882 : (3, 39, 2.5313, 83.6292, 1.0)
883 : (37, 3, 0.0062, 414.0424, 11.5)
884 : (1, 38, 3.1014, 127.3345, 1.0)
885 : (37, 1, 0.003, 457.4229, 23.0)
886 : (5, 39, 2.4277, 113.262, 1.0)
887 : (35, 5, 0.0068, 364.5448, 6.5)
888 : (2, 37, 1.5159, 130.0772, 2.0)
889 : (37, 2, 0.003, 385.7504, 2.0)
890 : (1, 1, 0.3646, 65.5064, 1.0)
891 : (1, 1, 0.0, 358.8137, 0.0)
892 : (10, 31, 0.9051, 72.8628, 1.4286)
893 : (30, 10, 0.0034, 384.1552, 4.8)
894 : (5, 33, 1.0976, 90.2747, 1.6667)
895 : (32, 5, 0.0, 330.627, 8.3333)
896 : (22, 23, 0.5746, 62.7393, 1.6154)
897 : (18, 22, 0.0, 196.631, 2.25)
898 : (18, 26, 0.7752, 58.5455, 1.2857)
899 : (22, 18, 0.0, 250.4355, 1.7273)
900 : (18, 27, 0.7454, 93.2752, 1.5)
901 : (22, 18, 0.0, 281.1815, 1.6364)
902 : (2, 28, 2.2647, 174.5041, 1.0)
903 : (28, 2, 0.0, 314.7141, 8.0)
904 : (0, 40, 4.5109, 145.5514, 0.0)
905 : (40, 0, 0.0084, 407.0388, 0.0)
906 : (2, 42, 3.4387, 96.6494, 1.0)
907 : (38, 2, 0.0032, 384.3795, 10.0)
908 : (3, 37, 2.0, 119.0556, 1.0)
909 : (33, 3, 0.01, 465.2717, 7.5)
910 : (0, 13, 5.1477, 138.1824, 0.0)
911 : (13, 0, 0.0, 405.9512, 0.0)
912 : (3, 37, 1.1538, 111.4604, 1.0)
913 : (37, 3, 0.0029, 334.973, 11.3333)
914 : (2, 38, 2.0516, 113.8588, 1.0)
915 : (38, 2, 0.0, 368.4162, 6.0)
916 : (2, 42, 0.6855, 112.5059, 1.0)
917 : (38, 2, 0.0183, 485.4041, 5.0)
918 : (2, 40, 2.6212, 118.6911, 1.0)
919 : (38, 5, 0.0192, 560.8777, 7.6)
920 : (2, 40, 4.0658, 86.759, 1.0)
921 : (38, 8, 0.0, 364.3974, 4.75)
922 : (0, 36, 3.037, 141.2716, 0.0)
923 : (36, 0, 0.0, 266.9975, 0.0)
924 : (2, 27, 2.1157, 140.5983, 1.0)
925 : (27, 2, 0.0, 278.751, 11.5)
926 : (11, 37, 1.4537, 121.604, 1.2222)
927 : (29, 11, 0.004, 413.0818, 2.375)
928 : (15, 33, 1.1173, 129.0812, 1.4)
929 : (25, 15, 0.0179, 492.271, 3.125)
930 : (1, 40, 2.9662, 159.0257, 1.0)
931 : (39, 1, 0.0, 382.4863, 21.0)
932 : (7, 34, 1.4659, 110.7179, 1.4)
933 : (33, 7, 0.0, 221.5179, 6.4)
934 : (4, 32, 1.465, 114.9734, 1.0)
935 : (31, 4, 0.0, 242.9248, 5.6667)
936 : (7, 37, 3.038, 108.3487, 1.4)
937 : (33, 7, 0.0, 336.1464, 7.75)
938 : (2, 20, 0.9732, 150.4168, 2.0)
939 : (20, 2, 0.0147, 442.5851, 16.0)
940 : (0, 40, 0.75, 163.1255, 0.0)
941 : (40, 0, 0.0056, 427.433, 0.0)
942 : (3, 39, 0.7734, 102.8842, 1.5)
943 : (37, 3, 0.0031, 380.6088, 12.0)
944 : (4, 39, 1.9107, 49.9014, 1.0)
945 : (36, 4, 0.0033, 386.2092, 6.3333)
946 : (5, 38, 0.7016, 60.424, 1.0)
947 : (35, 5, 0.0, 380.3494, 11.0)
948 : (4, 40, 3.2012, 153.5891, 1.0)
949 : (36, 4, 0.0097, 500.209, 6.0)
950 : (8, 36, 2.0471, 72.1485, 1.1429)
951 : (32, 8, 0.0, 424.5618, 4.4286)
952 : (1, 37, 3.4306, 122.0659, 1.0)
953 : (37, 1, 0.0, 412.0201, 0.0)
954 : (0, 4, 0.0, 0.0, 0.0)
955 : (4, 0, 0.0, 641.6674, 0.0)
956 : (14, 26, 0.8421, 83.129, 1.8571)
957 : (26, 14, 0.0, 280.435, 3.7143)
958 : (8, 32, 0.06, 41.4255, 1.3333)
959 : (32, 8, 0.0, 348.3164, 3.8333)
960 : (2, 32, 2.4362, 84.4387, 1.0)
961 : (30, 2, 0.0, 368.5657, 12.5)
962 : (5, 23, 1.7483, 88.5552, 1.0)
963 : (23, 5, 0.0, 177.4419, 4.6)
964 : (5, 35, 2.0538, 71.6226, 1.25)
965 : (35, 5, 0.0, 272.8993, 8.6667)
966 : (6, 28, 1.3297, 86.4016, 2.0)
967 : (28, 6, 0.0, 282.9887, 1.6667)
968 : (22, 30, 0.9784, 116.5979, 1.5833)
969 : (18, 22, 0.0, 230.4202, 2.0)
970 : (13, 25, 0.366, 44.5675, 2.1667)
971 : (25, 13, 0.0, 232.4099, 4.0)
972 : (0, 37, 4.9, 148.6407, 0.0)
973 : (37, 0, 0.0143, 503.4254, 0.0)
974 : (3, 37, 2.4038, 130.1801, 1.0)
975 : (37, 3, 0.0, 375.2762, 12.3333)
976 : (12, 16, 2.0354, 117.1637, 2.2)
977 : (16, 12, 0.0, 223.4981, 3.2)
978 : (10, 16, 1.2423, 98.7968, 2.5)
979 : (16, 10, 0.0, 224.7179, 3.0)
980 : (10, 30, 0.4839, 51.7003, 1.1111)
981 : (30, 10, 0.0, 397.1367, 3.625)
982 : (10, 31, 0.6655, 54.5138, 2.0)
983 : (30, 10, 0.0, 251.334, 5.8)
984 : (12, 29, 0.7736, 85.4236, 1.7143)
985 : (28, 12, 0.0, 253.8958, 4.1667)
986 : (6, 26, 2.0205, 78.2713, 2.0)
987 : (26, 6, 0.0039, 304.4706, 11.0)
988 : (5, 4, 1.4912, 84.4412, 2.0)
989 : (4, 8, 0.0, 198.9558, 2.0)
990 : (11, 30, 1.2167, 75.3526, 1.375)
991 : (29, 17, 0.0, 324.841, 3.0)
992 : (9, 20, 1.0888, 64.4246, 1.0)
993 : (19, 9, 0.0, 280.079, 2.7143)
994 : (14, 28, 0.9257, 72.2889, 1.4444)
995 : (26, 14, 0.0, 331.5099, 2.8889)
996 : (8, 32, 1.2273, 78.2192, 1.3333)
997 : (32, 8, 0.0091, 390.0112, 5.0)
998 : (6, 34, 0.2188, 56.6346, 3.0)
999 : (34, 6, 0.011, 481.564, 5.0)
1000 : (1, 32, 0.5, 101.9661, 0.0)
1001 : (32, 1, 0.0015, 395.8273, 32.0)
1002 : (1, 38, 2.35, 134.7871, 1.0)
1003 : (37, 2, 0.0, 274.8784, 17.0)
1004 : (0, 40, 0.25, 75.7028, 0.0)
1005 : (40, 2, 0.0, 254.5429, 10.5)
1006 : (1, 36, 3.0588, 125.5029, 1.0)
1007 : (36, 2, 0.0, 271.8308, 12.5)
1008 : (0, 41, 1.0833, 102.0713, 0.0)
1009 : (40, 1, 0.0, 361.1145, 2.0)
1010 : (1, 39, 2.1875, 90.8121, 1.0)
1011 : (39, 3, 0.0, 218.5381, 10.6667)
1012 : (0, 40, 5.0556, 220.0322, 0.0)
1013 : (40, 0, 0.0, 385.5494, 0.0)
1014 : (1, 32, 0.1875, 55.2462, 1.0)
1015 : (32, 3, 0.0029, 416.5596, 6.0)
1016 : (2, 38, 0.4048, 76.3593, 1.0)
1017 : (37, 2, 0.0055, 420.3524, 16.0)
1018 : (0, 34, 2.1042, 220.2005, 0.0)
1019 : (34, 0, 0.0109, 392.4031, 0.0)
1020 : (3, 39, 0.1351, 41.8011, 1.0)
1021 : (37, 4, 0.0024, 385.7888, 7.25)
1022 : (2, 38, 0.8676, 43.6393, 1.0)
1023 : (38, 3, 0.0027, 405.8498, 3.3333)
1024 : (0, 34, 0.0, 0.0, 0.0)
1025 : (34, 0, 0.0, 354.303, 0.0)
1026 : (0, 3, 0.0, 0.0, 0.0)
1027 : (3, 0, 0.0, 245.0341, 0.0)
1028 : (0, 40, 0.375, 67.8121, 0.0)
1029 : (40, 1, 0.0, 348.9967, 24.0)
1030 : (0, 34, 0.0, 0.0, 0.0)
1031 : (34, 0, 0.0, 436.2448, 0.0)
1032 : (0, 37, 5.8056, 201.6333, 0.0)
1033 : (37, 0, 0.0022, 473.2159, 0.0)
1034 : (0, 11, 0.0, 0.0, 0.0)
1035 : (11, 0, 0.0, 330.9781, 0.0)
1036 : (3, 35, 2.3, 48.4824, 1.0)
1037 : (33, 3, 0.0, 375.5503, 11.0)
1038 : (0, 7, 0.2273, 67.4045, 0.0)
1039 : (7, 0, 0.0833, 550.4913, 0.0)
1040 : (3, 38, 2.6806, 124.0554, 1.0)
1041 : (37, 4, 0.0, 268.4148, 6.75)
1042 : (2, 35, 3.5556, 257.5063, 1.0)
1043 : (35, 2, 0.0, 352.0341, 14.5)
1044 : (0, 33, 3.5, 139.8162, 0.0)
1045 : (33, 0, 0.0014, 394.2751, 0.0)
1046 : (0, 36, 0.0, 0.0, 0.0)
1047 : (36, 0, 0.0, 328.7056, 0.0)
1048 : (2, 34, 0.0, 6.0852, 1.0)
1049 : (34, 2, 0.0, 223.8281, 13.0)
1050 : (1, 38, 2.6786, 181.1702, 1.0)
1051 : (38, 1, 0.0, 401.6108, 28.0)
1052 : (0, 32, 0.0, 0.0, 0.0)
1053 : (32, 0, 0.0, 359.7231, 0.0)
1054 : (1, 29, 0.0, 1.3557, 1.0)
1055 : (28, 1, 0.0, 331.8881, 24.0)
1056 : (0, 40, 11.75, 186.4946, 0.0)
1057 : (40, 0, 0.0, 416.9424, 0.0)
1058 : (0, 28, 0.0, 0.0, 0.0)
1059 : (28, 0, 0.0, 471.2376, 0.0)
1060 : (3, 29, 0.9348, 49.1789, 1.5)
1061 : (29, 3, 0.0, 311.0124, 14.0)
1062 : (1, 37, 3.0625, 134.6984, 1.0)
1063 : (36, 1, 0.0, 503.505, 6.0)
1064 : (0, 7, 2.75, 94.3905, 0.0)
1065 : (7, 0, 0.0, 208.0845, 0.0)
1066 : (1, 40, 0.0, 6.7278, 1.0)
1067 : (39, 1, 0.0057, 520.3264, 13.0)
1068 : (1, 40, 1.3, 88.3846, 1.0)
1069 : (39, 1, 0.0, 433.9572, 16.0)
1070 : (3, 37, 1.3088, 81.4772, 1.0)
1071 : (36, 3, 0.0028, 504.1111, 7.6667)
1072 : (3, 39, 2.1806, 124.4342, 1.0)
1073 : (37, 3, 0.003, 483.653, 8.6667)
1074 : (2, 38, 2.9091, 87.5527, 1.0)
1075 : (38, 2, 0.0, 459.4726, 5.0)
1076 : (1, 21, 3.5833, 88.0847, 1.0)
1077 : (21, 1, 0.0049, 484.9821, 2.0)
1078 : (3, 38, 2.2778, 72.6685, 1.0)
1079 : (37, 3, 0.0, 328.2869, 4.6667)
1080 : (2, 38, 0.0, 18.8778, 1.0)
1081 : (38, 2, 0.0824, 300.9261, 10.0)
1082 : (1, 39, 0.0, 88.9848, 1.0)
1083 : (39, 1, 0.0552, 238.9364, 35.0)
1084 : (0, 40, 0.0, 164.2273, 0.0)
1085 : (40, 0, 0.0714, 268.5688, 0.0)
1086 : (3, 35, 0.0, 267.2689, 1.0)
1087 : (35, 3, 0.003, 560.6468, 10.0)
1088 : (3, 37, 0.0, 108.1342, 1.0)
1089 : (37, 3, 0.0392, 205.0176, 7.0)
1090 : (5, 35, 0.0, 100.5986, 1.25)
1091 : (35, 5, 0.0728, 248.7721, 5.75)
1092 : (1, 39, 0.1071, 417.1192, 1.0)
1093 : (39, 1, 0.0718, 264.9875, 15.0)
1094 : (1, 39, 0.9545, 38.6961, 1.0)
1095 : (39, 2, 0.0049, 440.7841, 3.0)
1096 : (1, 30, 3.5, 114.3974, 1.0)
1097 : (30, 2, 0.0, 255.3741, 7.0)
1098 : (3, 35, 2.375, 119.5839, 1.0)
1099 : (34, 3, 0.0, 416.7334, 8.0)
1100 : (1, 38, 2.7143, 83.133, 1.0)
1101 : (38, 1, 0.0, 333.0415, 27.0)
1102 : (4, 30, 3.125, 115.1471, 1.0)
1103 : (29, 4, 0.0, 326.0628, 4.75)
1104 : (2, 29, 2.9474, 76.3827, 1.0)
1105 : (29, 2, 0.0, 357.9445, 12.5)
1106 : (1, 24, 1.7813, 59.7624, 1.0)
1107 : (22, 1, 0.0, 324.7937, 9.0)
1108 : (0, 30, 0.0, 0.0, 0.0)
1109 : (30, 0, 0.0, 348.6013, 0.0)
1110 : (2, 39, 0.225, 45.5657, 1.0)
1111 : (38, 2, 0.0083, 572.7943, 13.5)
1112 : (1, 39, 5.25, 582.8326, 1.0)
1113 : (39, 1, 0.0027, 497.4673, 26.0)
1114 : (6, 28, 2.2917, 103.769, 1.2)
1115 : (28, 6, 0.0, 306.9654, 4.0)
1116 : (2, 20, 0.0, 38.2463, 1.0)
1117 : (20, 3, 0.0, 225.6447, 6.6667)
1118 : (1, 9, 0.05, 28.6121, 1.0)
1119 : (9, 1, 0.0, 331.8372, 2.0)
1120 : (3, 34, 2.9571, 137.9705, 1.0)
1121 : (32, 3, 0.0, 412.6336, 10.0)
1122 : (0, 34, 0.0, 0.0, 0.0)
1123 : (34, 0, 0.0, 369.1773, 0.0)
1124 : (2, 31, 0.8, 102.7385, 1.0)
1125 : (29, 4, 0.0, 311.6259, 7.25)
1126 : (5, 33, 0.9423, 96.0425, 1.25)
1127 : (33, 5, 0.0, 238.4239, 7.25)
1128 : (3, 28, 1.2059, 171.5568, 1.0)
1129 : (26, 3, 0.0, 256.7528, 8.6667)
1130 : (3, 38, 0.6136, 244.5587, 1.0)
1131 : (37, 3, 0.0, 315.8416, 10.0)
1132 : (4, 32, 0.0, 9.2664, 2.0)
1133 : (32, 4, 0.0, 307.1975, 12.5)
1134 : (5, 37, 3.1515, 106.9368, 1.0)
1135 : (35, 5, 0.0, 366.8032, 6.8)
1136 : (0, 38, 0.0, 7.0462, 0.0)
1137 : (38, 0, 0.0, 355.9974, 0.0)
1138 : (8, 29, 1.369, 76.5613, 1.4)
1139 : (29, 10, 0.0, 212.0816, 4.1429)
1140 : (10, 34, 1.7361, 55.867, 1.1111)
1141 : (30, 10, 0.0, 473.8211, 3.5)
1142 : (1, 36, 0.0, 23.5959, 1.0)
1143 : (36, 1, 0.0, 319.2313, 19.0)
1144 : (4, 36, 0.0, 20.2453, 1.0)
1145 : (36, 4, 0.0049, 382.029, 6.75)
1146 : (3, 37, 0.0, 3.583, 1.0)
1147 : (37, 5, 0.0049, 397.5174, 6.2)
1148 : (12, 28, 1.0152, 108.2207, 2.0)
1149 : (28, 12, 0.0313, 378.8451, 4.6667)
1150 : (6, 17, 0.0577, 43.7038, 2.0)
1151 : (17, 6, 0.0183, 473.5717, 5.5)
1152 : (8, 24, 0.4211, 27.4943, 1.3333)
1153 : (24, 9, 0.0, 305.0183, 2.5714)
1154 : (7, 33, 0.0, 6.1976, 1.0)
1155 : (33, 7, 0.0, 314.2247, 3.8571)
1156 : (4, 38, 2.3125, 85.887, 1.0)
1157 : (36, 4, 0.0, 380.1951, 8.5)
1158 : (14, 27, 0.7059, 64.1922, 2.8)
1159 : (26, 16, 0.0, 406.7489, 5.0)
1160 : (15, 25, 0.6371, 58.5379, 2.1667)
1161 : (25, 16, 0.0019, 318.2223, 3.125)
1162 : (11, 18, 1.5603, 74.7789, 1.4286)
1163 : (17, 13, 0.0072, 373.8995, 2.125)
1164 : (10, 18, 0.8977, 51.161, 2.0)
1165 : (18, 10, 0.0, 420.5811, 2.2)
1166 : (19, 19, 0.5707, 66.477, 2.7143)
1167 : (19, 19, 0.0, 367.7721, 2.5714)
1168 : (17, 22, 0.7632, 68.7306, 1.5)
1169 : (22, 17, 0.0, 387.0398, 2.2)
1170 : (7, 20, 0.5395, 73.3632, 1.0)
1171 : (20, 7, 0.0, 316.7287, 2.5714)
1172 : (7, 33, 1.3438, 68.6494, 2.3333)
1173 : (33, 7, 0.003, 409.5903, 12.5)
1174 : (17, 23, 1.4932, 84.4124, 1.5)
1175 : (23, 17, 0.0079, 331.404, 2.0909)
1176 : (16, 24, 0.3548, 50.8749, 2.2857)
1177 : (24, 17, 0.0, 287.8491, 2.7143)
1178 : (8, 32, 0.7237, 55.8382, 2.0)
1179 : (32, 8, 0.011, 567.006, 6.0)
1180 : (8, 32, 1.1058, 58.2003, 1.3333)
1181 : (32, 8, 0.0197, 598.4706, 4.1667)
1182 : (4, 26, 0.8269, 95.3633, 2.0)
1183 : (26, 4, 0.0087, 378.0143, 9.5)
1184 : (17, 23, 0.8, 60.0721, 2.2857)
1185 : (23, 17, 0.0, 314.7777, 3.2857)
1186 : (0, 2, 0.0, 0.0, 0.0)
1187 : (2, 0, 0.0, 409.4739, 0.0)
1188 : (18, 20, 0.9186, 67.0527, 2.25)
1189 : (20, 20, 0.0, 331.1765, 2.2857)
1190 : (6, 28, 2.2969, 75.3931, 2.0)
1191 : (28, 6, 0.0035, 345.7089, 7.6667)
1192 : (7, 24, 1.5167, 81.9979, 1.75)
1193 : (24, 7, 0.0024, 404.7709, 2.25)
1194 : (12, 28, 0.8793, 49.9873, 2.0)
1195 : (28, 13, 0.0063, 502.4466, 4.1667)
1196 : (5, 35, 1.7647, 114.0226, 1.3333)
1197 : (35, 5, 0.0088, 561.0398, 11.6667)
1198 : (11, 19, 0.4167, 57.3405, 3.6667)
1199 : (19, 11, 0.0, 301.1758, 4.6667)
1200 : (4, 41, 2.6523, 167.3759, 1.0)
1201 : (36, 7, 0.0, 443.2758, 5.4)
1202 : (2, 44, 1.6914, 136.5348, 1.0)
1203 : (38, 6, 0.0023, 399.0149, 4.1667)
1204 : (7, 41, 1.7773, 123.1907, 1.0)
1205 : (33, 8, 0.0, 438.4882, 3.8571)
1206 : (5, 39, 2.5613, 127.3781, 1.0)
1207 : (35, 7, 0.0, 383.6905, 5.3333)
1208 : (3, 37, 0.0, 10.0063, 1.0)
1209 : (37, 3, 0.0, 394.7477, 12.3333)
1210 : (0, 34, 3.9167, 114.4337, 0.0)
1211 : (34, 0, 0.0, 441.0532, 0.0)
1212 : (0, 25, 0.0, 0.0, 0.0)
1213 : (25, 1, 0.0, 352.6108, 21.0)
1214 : (8, 32, 0.8523, 46.535, 1.6)
1215 : (32, 8, 0.0, 360.4949, 5.0)
1216 : (0, 40, 2.4191, 111.4712, 0.0)
1217 : (40, 1, 0.0051, 478.4579, 32.0)
1218 : (9, 37, 2.5926, 93.1403, 1.2857)
1219 : (31, 9, 0.0035, 499.7478, 4.8333)
1220 : (2, 38, 0.4444, 34.4576, 1.0)
1221 : (38, 5, 0.0, 504.9013, 8.5)
1222 : (0, 40, 0.0, 0.0, 0.0)
1223 : (40, 0, 0.0, 460.2828, 0.0)
1224 : (3, 37, 2.3846, 84.5832, 1.0)
1225 : (37, 5, 0.0, 480.8792, 6.2)
1226 : (4, 21, 1.8242, 105.0429, 1.0)
1227 : (12, 5, 0.0, 305.5068, 2.0)
1228 : (7, 37, 2.3792, 92.5078, 1.1667)
1229 : (33, 7, 0.0, 481.3026, 5.3333)
1230 : (8, 32, 3.0767, 106.0626, 1.0)
1231 : (25, 8, 0.0, 343.8196, 4.1667)
1232 : (4, 41, 1.4267, 143.8666, 1.0)
1233 : (36, 6, 0.0, 365.8134, 6.8)
1234 : (1, 39, 0.0, 2.8835, 1.0)
1235 : (39, 1, 0.0, 496.5125, 32.0)
1236 : (0, 39, 0.0, 0.0, 0.0)
1237 : (39, 0, 0.0, 505.4283, 0.0)
1238 : (7, 36, 2.0081, 68.9595, 1.2)
1239 : (33, 7, 0.0, 579.5954, 5.5)
1240 : (3, 37, 1.95, 40.1064, 1.0)
1241 : (37, 3, 0.0, 348.3526, 5.3333)
1242 : (6, 40, 2.4006, 103.1611, 1.0)
1243 : (34, 6, 0.0, 489.1178, 5.6667)
1244 : (3, 37, 1.0313, 43.288, 1.0)
1245 : (37, 5, 0.0, 537.7758, 9.25)
1246 : (4, 42, 2.7161, 98.2639, 1.0)
1247 : (36, 5, 0.0029, 431.5562, 5.2)
1248 : (0, 6, 1.822, 173.309, 0.0)
1249 : (6, 0, 0.0, 311.2387, 0.0)
1250 : (6, 37, 2.6862, 98.4538, 1.2)
1251 : (34, 6, 0.0, 527.9868, 4.6)
1252 : (2, 12, 3.3426, 180.9527, 1.0)
1253 : (9, 4, 0.0, 264.8539, 1.75)
1254 : (4, 39, 1.9902, 141.8466, 1.0)
1255 : (36, 7, 0.0, 414.4129, 4.1429)
1256 : (4, 43, 2.3621, 147.6419, 1.0)
1257 : (36, 4, 0.0069, 400.3273, 6.5)
1258 : (4, 37, 0.9101, 209.5801, 1.3333)
1259 : (36, 4, 0.0, 418.8096, 11.3333)
1260 : (12, 30, 1.3027, 56.5804, 1.5)
1261 : (28, 12, 0.0125, 612.5314, 3.8333)
1262 : (4, 27, 2.6667, 99.3256, 1.0)
1263 : (25, 7, 0.0, 398.4523, 4.4)
1264 : (1, 40, 2.6528, 98.4952, 1.0)
1265 : (39, 2, 0.0027, 390.7107, 1.5)
1266 : (3, 39, 2.5614, 110.477, 1.0)
1267 : (37, 3, 0.003, 581.5969, 11.6667)
1268 : (0, 40, 4.5, 125.734, 0.0)
1269 : (40, 0, 0.0007, 573.1847, 0.0)
1270 : (5, 28, 1.0027, 141.8874, 1.0)
1271 : (26, 5, 0.0, 431.412, 4.8)
1272 : (5, 39, 3.1923, 82.9557, 1.25)
1273 : (35, 5, 0.0, 434.1654, 8.0)
1274 : (6, 39, 2.5394, 97.3884, 1.0)
1275 : (29, 8, 0.0, 321.9073, 5.2)
1276 : (10, 37, 2.7456, 91.5235, 1.125)
1277 : (30, 10, 0.0, 417.1437, 3.3333)
1278 : (15, 27, 0.1488, 166.0162, 1.75)
1279 : (25, 15, 0.0, 467.7562, 3.5714)
1280 : (10, 24, 0.1247, 162.2604, 1.6667)
1281 : (24, 10, 0.0, 501.8093, 2.3333)
1282 : (16, 26, 0.518, 53.885, 1.3636)
1283 : (24, 16, 0.0, 349.7331, 2.6667)
1284 : (9, 32, 1.2902, 105.9138, 1.1429)
1285 : (31, 9, 0.0068, 540.3864, 4.4286)
1286 : (2, 38, 1.5548, 198.3098, 1.0)
1287 : (38, 2, 0.0, 406.6282, 10.0)
1288 : (1, 40, 1.6593, 184.0626, 1.0)
1289 : (39, 1, 0.0057, 609.0027, 38.0)
1290 : (1, 39, 1.322, 187.3239, 1.0)
1291 : (39, 1, 0.0029, 474.39, 22.0)
1292 : (6, 27, 1.2065, 95.5249, 2.0)
1293 : (27, 7, 0.0, 293.8822, 5.75)
1294 : (6, 34, 0.4342, 65.9008, 1.5)
1295 : (34, 6, 0.0, 330.1106, 7.3333)
1296 : (11, 32, 2.8277, 90.0476, 1.0)
1297 : (29, 12, 0.0, 371.2296, 2.6364)
1298 : (9, 37, 2.7616, 97.5718, 1.125)
1299 : (31, 10, 0.0, 471.553, 3.625)
1300 : (9, 37, 2.5, 85.3061, 1.0)
1301 : (31, 10, 0.0, 361.7829, 3.625)
1302 : (2, 8, 1.5258, 288.5967, 2.0)
1303 : (8, 2, 0.0, 573.7924, 5.0)
1304 : (7, 26, 0.9909, 226.0898, 1.0)
1305 : (26, 7, 0.0031, 460.4776, 4.1667)
1306 : (5, 35, 1.4, 62.1921, 1.25)
1307 : (35, 5, 0.0, 321.056, 8.25)
1308 : (9, 35, 1.4097, 56.0668, 1.5)
1309 : (31, 9, 0.0, 473.6943, 5.75)
1310 : (13, 39, 1.1872, 109.1281, 1.0)
1311 : (27, 15, 0.0127, 470.9165, 2.3636)
1312 : (12, 28, 0.7155, 25.6358, 2.0)
1313 : (28, 12, 0.0, 276.598, 4.6)
1314 : (11, 29, 1.1964, 36.464, 1.5714)
1315 : (29, 11, 0.0, 448.5053, 2.8571)
1316 : (4, 39, 0.6089, 251.0988, 1.0)
1317 : (36, 4, 0.0, 493.8871, 4.75)
1318 : (4, 36, 0.6346, 71.4645, 1.3333)
1319 : (36, 4, 0.0, 424.977, 2.3333)
1320 : (7, 37, 2.2255, 99.9344, 1.0)
1321 : (33, 7, 0.0, 408.0449, 5.0)
1322 : (8, 34, 2.0313, 89.8428, 1.1667)
1323 : (32, 8, 0.0, 485.6422, 6.4)
1324 : (14, 23, 1.9712, 69.7901, 1.2727)
1325 : (12, 14, 0.0152, 411.777, 1.5714)
1326 : (7, 39, 2.515, 106.469, 1.1667)
1327 : (33, 7, 0.0072, 420.9865, 4.8333)
1328 : (5, 10, 2.8102, 95.5257, 1.0)
1329 : (6, 5, 0.0, 549.351, 1.2)
1330 : (10, 29, 1.0087, 210.1084, 1.8)
1331 : (27, 10, 0.0, 456.2692, 4.5)
1332 : (14, 17, 0.0, 261.1644, 1.5)
1333 : (17, 15, 0.0, 358.897, 1.7)
1334 : (13, 15, 0.0, 219.4255, 1.5714)
1335 : (15, 14, 0.0, 301.2327, 1.875)
1336 : (14, 19, 0.0, 225.5803, 1.4444)
1337 : (19, 16, 0.0, 317.2859, 1.9)
1338 : (5, 35, 1.1833, 45.7071, 2.5)
1339 : (35, 5, 0.003, 545.643, 15.5)
1340 : (13, 27, 1.5242, 56.2466, 1.4444)
1341 : (27, 13, 0.0, 299.1425, 2.5556)
1342 : (5, 41, 2.7355, 99.2575, 1.0)
1343 : (35, 8, 0.0, 454.8566, 4.8571)
1344 : (15, 25, 1.1167, 111.2813, 1.3636)
1345 : (25, 15, 0.0, 339.4117, 2.0909)
1346 : (4, 38, 2.2581, 77.2048, 1.0)
1347 : (36, 4, 0.0, 496.4617, 10.0)
1348 : (8, 32, 0.8846, 108.689, 1.6)
1349 : (32, 8, 0.0, 401.1521, 6.2)
1350 : (1, 36, 4.0, 109.6698, 1.0)
1351 : (36, 1, 0.0116, 657.2414, 34.0)
1352 : (11, 29, 0.56, 58.1356, 5.5)
1353 : (29, 11, 0.0, 613.3234, 25.0)
1354 : (10, 35, 1.5614, 59.9195, 1.25)
1355 : (30, 10, 0.0, 371.7169, 4.1429)
1356 : (14, 29, 2.2562, 69.3542, 1.4)
1357 : (26, 14, 0.0, 263.1825, 2.6667)
1358 : (11, 22, 1.0795, 234.5987, 1.4286)
1359 : (16, 11, 0.0, 377.3391, 2.6667)
1360 : (15, 25, 1.0282, 226.7041, 1.5)
1361 : (21, 15, 0.0, 321.8448, 2.3333)
1362 : (4, 28, 0.3393, 57.2201, 1.0)
1363 : (28, 4, 0.0038, 570.2943, 6.75)
1364 : (4, 36, 0.375, 66.6642, 1.0)
1365 : (36, 4, 0.0, 450.3243, 6.75)
1366 : (14, 28, 0.9677, 191.7486, 1.3)
1367 : (26, 15, 0.0, 519.0616, 2.6)
1368 : (13, 27, 1.1917, 37.1462, 2.6)
1369 : (27, 13, 0.0, 289.617, 4.8)
1370 : (14, 26, 0.4467, 39.0443, 1.4)
1371 : (26, 14, 0.0, 365.3237, 2.7778)
1372 : (6, 35, 1.0124, 228.1644, 1.0)
1373 : (34, 6, 0.0026, 493.3487, 5.6)
1374 : (16, 24, 0.1047, 47.5818, 2.0)
1375 : (24, 16, 0.0, 419.0258, 3.2857)
1376 : (10, 32, 0.8015, 52.6385, 1.6667)
1377 : (30, 10, 0.0, 634.4927, 3.8333)
1378 : (17, 23, 1.0767, 167.4245, 1.6)
1379 : (23, 17, 0.0, 475.3417, 2.3)
1380 : (13, 27, 0.6897, 49.3275, 1.5714)
1381 : (27, 13, 0.0, 302.652, 3.8571)
1382 : (21, 22, 0.4726, 236.6995, 2.3333)
1383 : (19, 21, 0.0, 475.9252, 2.8333)
1384 : (18, 23, 0.4697, 167.2555, 1.8)
1385 : (22, 18, 0.0, 231.1125, 2.5)
1386 : (26, 14, 0.0962, 147.3506, 2.8889)
1387 : (14, 26, 0.0, 306.9646, 1.625)
1388 : (28, 12, 0.1333, 40.4881, 3.8333)
1389 : (12, 29, 0.0, 401.0985, 2.0)
1390 : (5, 36, 0.7343, 262.2979, 1.0)
1391 : (35, 5, 0.006, 565.2312, 4.6)
1392 : (23, 21, 0.3653, 191.9549, 1.7692)
1393 : (17, 23, 0.0, 329.342, 1.6667)
1394 : (13, 30, 0.5177, 230.0347, 1.5)
1395 : (27, 13, 0.0, 473.8088, 3.375)
1396 : (12, 28, 0.8667, 49.4358, 2.0)
1397 : (28, 13, 0.0, 600.5727, 3.6)
1398 : (8, 19, 1.0505, 226.7329, 1.75)
1399 : (19, 8, 0.0, 392.6262, 3.8)
1400 : (3, 37, 1.3125, 273.4258, 1.0)
1401 : (37, 3, 0.0, 286.8263, 7.6667)
1402 : (7, 34, 0.625, 197.6848, 1.75)
1403 : (33, 7, 0.0, 317.9229, 6.5)
1404 : (0, 40, 0.0, 0.0, 0.0)
1405 : (40, 0, 0.0, 292.2249, 0.0)
1406 : (4, 36, 0.3409, 266.9492, 1.3333)
1407 : (36, 4, 0.0015, 541.0363, 3.5)
1408 : (1, 39, 0.4167, 188.7023, 1.0)
1409 : (39, 1, 0.0061, 517.6251, 21.0)
1410 : (0, 40, 0.0, 0.0, 0.0)
1411 : (40, 0, 0.0159, 512.6784, 0.0)
1412 : (4, 36, 0.3462, 218.0459, 1.3333)
1413 : (36, 4, 0.0057, 478.7951, 6.3333)
1414 : (0, 40, 0.4375, 308.9482, 0.0)
1415 : (40, 0, 0.0049, 454.2255, 0.0)
1416 : (10, 35, 0.9875, 281.2268, 1.25)
1417 : (30, 10, 0.0115, 391.7329, 2.8571)
1418 : (5, 41, 0.527, 216.3585, 1.0)
1419 : (35, 5, 0.0092, 493.2127, 7.0)
1420 : (2, 38, 0.8, 185.1115, 1.0)
1421 : (38, 2, 0.0126, 448.5633, 19.0)
1422 : (11, 38, 0.6886, 213.8136, 1.1111)
1423 : (29, 11, 0.0, 251.688, 3.2222)
1424 : (14, 33, 0.7619, 214.1222, 1.4)
1425 : (26, 14, 0.0, 193.1789, 2.6667)
1426 : (3, 37, 0.05, 75.4724, 1.5)
1427 : (37, 3, 0.0239, 463.041, 17.5)
1428 : (3, 37, 0.4286, 217.0762, 1.0)
1429 : (37, 3, 0.0104, 599.6989, 9.6667)
1430 : (7, 33, 0.4, 181.9964, 1.1667)
1431 : (33, 7, 0.0, 351.433, 6.2)
1432 : (5, 35, 0.2, 122.4396, 1.0)
1433 : (35, 5, 0.0, 301.2798, 6.8)
1434 : (5, 33, 0.4333, 209.9961, 1.0)
1435 : (33, 5, 0.0141, 544.7111, 6.4)
1436 : (4, 36, 1.1154, 257.338, 1.0)
1437 : (36, 4, 0.0, 431.5105, 7.5)
1438 : (11, 40, 0.7339, 228.2992, 1.375)
1439 : (29, 11, 0.0, 465.3121, 3.8571)
1440 : (9, 31, 0.431, 175.783, 1.2857)
1441 : (31, 9, 0.0017, 409.362, 4.1429)
1442 : (3, 37, 0.5417, 125.8878, 1.0)
1443 : (37, 3, 0.0116, 548.6589, 12.0)
1444 : (1, 33, 0.55, 222.1632, 1.0)
1445 : (33, 1, 0.0, 304.138, 32.0)
1446 : (5, 37, 0.3523, 166.4611, 1.0)
1447 : (35, 5, 0.0, 278.3474, 6.4)
1448 : (6, 34, 0.525, 185.2938, 1.0)
1449 : (34, 6, 0.0015, 446.8783, 3.8333)
1450 : (6, 34, 0.6471, 206.0276, 1.0)
1451 : (34, 6, 0.0, 286.4825, 4.1667)
1452 : (4, 36, 0.6923, 213.1436, 1.3333)
1453 : (36, 4, 0.0, 298.3883, 10.6667)
1454 : (8, 32, 0.4205, 182.2139, 1.1667)
1455 : (32, 8, 0.0034, 533.573, 4.5714)
1456 : (0, 40, 0.0, 0.0, 0.0)
1457 : (40, 0, 0.007, 510.9944, 0.0)
1458 : (3, 37, 0.8438, 234.4001, 1.0)
1459 : (37, 3, 0.0086, 588.2399, 17.5)
1460 : (0, 40, 0.0, 0.0, 0.0)
1461 : (40, 0, 0.0159, 611.2575, 0.0)
1462 : (1, 39, 0.0, 101.2634, 1.0)
1463 : (39, 1, 0.0059, 444.5345, 10.0)
1464 : (15, 25, 0.0897, 156.2041, 1.8571)
1465 : (25, 15, 0.006, 435.5292, 3.125)
1466 : (16, 24, 0.4539, 214.8039, 2.1667)
1467 : (24, 16, 0.005, 526.9531, 3.4286)
1468 : (3, 36, 0.5526, 168.6158, 1.5)
1469 : (33, 3, 0.0, 362.815, 15.0)
1470 : (8, 32, 0.6477, 262.6988, 1.1429)
1471 : (32, 8, 0.0031, 405.1244, 4.5)
1472 : (11, 34, 0.5091, 192.2554, 1.375)
1473 : (29, 16, 0.0011, 354.0973, 2.6)
1474 : (6, 42, 0.9795, 297.3912, 1.2)
1475 : (34, 13, 0.0, 379.1864, 4.2857)
1476 : (2, 40, 0.6607, 221.4245, 1.0)
1477 : (38, 2, 0.0, 423.9911, 15.0)
1478 : (6, 39, 0.3548, 151.8955, 1.0)
1479 : (34, 6, 0.0, 406.0314, 4.3333)
1480 : (0, 3, 0.0, 0.0, 0.0)
1481 : (3, 0, 0.0, 546.7529, 0.0)
1482 : (4, 36, 0.4423, 136.1241, 1.0)
1483 : (36, 4, 0.0, 457.1158, 9.6667)
1484 : (18, 22, 0.1716, 151.864, 1.7778)
1485 : (22, 19, 0.0, 358.1155, 2.4444)
1486 : (8, 32, 0.275, 160.6439, 1.1429)
1487 : (32, 8, 0.0017, 404.6018, 3.8571)
1488 : (4, 36, 0.75, 219.1678, 1.3333)
1489 : (36, 4, 0.0, 408.1102, 10.0)
1490 : (6, 34, 0.5333, 223.4036, 1.2)
1491 : (34, 6, 0.0072, 504.5847, 4.2)
1492 : (10, 30, 0.6765, 83.4741, 1.2857)
1493 : (30, 10, 0.0, 389.1113, 3.75)
1494 : (10, 30, 0.5592, 210.8354, 1.1111)
1495 : (30, 10, 0.0, 384.5308, 3.5)
1496 : (5, 35, 0.4091, 233.2659, 1.0)
1497 : (35, 5, 0.0, 470.9543, 6.8)
1498 : (10, 30, 0.3214, 214.909, 1.4286)
1499 : (30, 10, 0.0, 368.3488, 4.0)
1500 : (3, 37, 0.4545, 170.3616, 1.0)
1501 : (37, 3, 0.0, 331.165, 8.3333)
1502 : (2, 38, 0.6875, 238.7159, 1.0)
1503 : (38, 2, 0.0, 343.9892, 13.5)
1504 : (7, 45, 0.6582, 272.1972, 1.0)
1505 : (33, 14, 0.0, 336.9761, 2.9091)
1506 : (8, 32, 0.5625, 211.5706, 1.1667)
1507 : (32, 8, 0.0016, 490.2629, 5.3333)
1508 : (13, 27, 0.5878, 238.832, 1.5)
1509 : (27, 14, 0.0036, 392.8663, 3.375)
1510 : (7, 33, 0.6111, 184.9563, 1.2)
1511 : (33, 7, 0.0049, 456.7588, 5.5)
1512 : (10, 29, 0.4833, 238.1577, 1.25)
1513 : (29, 10, 0.0056, 464.7748, 2.875)
1514 : (4, 36, 0.75, 298.4082, 1.3333)
1515 : (36, 4, 0.003, 482.2524, 8.3333)
1516 : (10, 30, 0.8846, 168.7405, 1.1111)
1517 : (30, 10, 0.0017, 389.0163, 3.1111)
1518 : (4, 36, 0.8269, 278.6813, 1.3333)
1519 : (36, 4, 0.0132, 583.5079, 7.0)
1520 : (9, 31, 0.7177, 252.2154, 1.125)
1521 : (31, 9, 0.0, 401.5031, 3.75)
1522 : (3, 37, 0.5455, 221.7021, 1.0)
1523 : (37, 3, 0.0057, 455.1587, 8.3333)
1524 : (3, 37, 0.6667, 304.9264, 1.0)
1525 : (37, 3, 0.0, 310.2245, 11.6667)
1526 : (6, 24, 0.6905, 195.5399, 1.5)
1527 : (22, 6, 0.0, 322.2945, 4.0)
1528 : (15, 20, 0.1333, 154.6115, 2.0)
1529 : (20, 15, 0.0, 428.8221, 2.8571)
1530 : (7, 33, 0.3816, 227.1252, 1.75)
1531 : (33, 7, 0.0015, 499.8714, 8.0)
1532 : (0, 40, 0.75, 511.9545, 0.0)
1533 : (40, 0, 0.0013, 497.5289, 0.0)
1534 : (18, 22, 0.2381, 231.119, 1.7778)
1535 : (22, 18, 0.0058, 460.6072, 2.2)
1536 : (10, 30, 0.3646, 104.2625, 1.1111)
1537 : (30, 10, 0.0, 297.6541, 3.0)
1538 : (19, 21, 0.2927, 238.8448, 1.6364)
1539 : (21, 19, 0.0051, 485.4205, 1.75)
1540 : (21, 19, 0.367, 265.0175, 1.7)
1541 : (19, 21, 0.0063, 392.1637, 1.7273)
1542 : (17, 23, 0.2188, 211.7974, 1.4545)
1543 : (23, 17, 0.005, 476.789, 1.9167)
1544 : (20, 16, 0.0047, 189.1328, 2.2222)
1545 : (16, 20, 0.0, 150.8029, 1.875)
1546 : (15, 25, 0.2222, 28.6983, 1.875)
1547 : (25, 15, 0.0, 418.6117, 3.0)
1548 : (18, 15, 0.335, 209.1, 2.0)
1549 : (15, 18, 0.0027, 442.6448, 2.1429)
1550 : (24, 11, 0.1993, 190.9482, 3.8)
1551 : (11, 24, 0.0, 309.4564, 1.8333)
1552 : (29, 11, 0.3261, 184.8468, 3.5714)
1553 : (11, 29, 0.0, 362.114, 1.5714)
1554 : (28, 12, 0.2799, 186.6508, 3.1111)
1555 : (12, 28, 0.0, 327.8911, 1.375)
1556 : (11, 32, 0.3721, 169.8654, 1.5714)
1557 : (29, 11, 0.0017, 243.8721, 2.7143)
1558 : (10, 30, 0.8571, 242.1282, 1.4286)
1559 : (30, 10, 0.0, 267.8932, 4.1429)
1560 : (16, 24, 0.1987, 187.6037, 1.7778)
1561 : (24, 16, 0.0038, 328.7663, 2.75)
1562 : (11, 29, 0.5833, 277.2512, 2.2)
1563 : (29, 11, 0.0, 372.7005, 5.5)
1564 : (13, 27, 0.4274, 260.0272, 1.7143)
1565 : (27, 13, 0.0, 440.5347, 3.8571)
1566 : (6, 34, 0.3158, 182.8427, 1.0)
1567 : (34, 6, 0.0064, 408.6365, 4.6667)
1568 : (16, 23, 0.0, 351.2129, 2.0)
1569 : (23, 16, 0.0984, 498.0363, 3.1429)
1570 : (12, 28, 0.0, 207.3624, 2.0)
1571 : (28, 12, 0.0906, 515.7321, 5.4)
1572 : (8, 33, 0.3966, 195.1536, 1.3333)
1573 : (32, 8, 0.0039, 521.2224, 4.8333)
1574 : (2, 40, 0.2321, 149.533, 1.0)
1575 : (38, 2, 0.0, 591.0687, 12.5)
1576 : (22, 18, 0.2766, 171.705, 3.1429)
1577 : (18, 22, 0.0774, 510.3588, 2.1429)
1578 : (18, 22, 0.4573, 202.8927, 1.8)
1579 : (22, 18, 0.0, 381.2806, 2.3333)
1580 : (27, 13, 0.3711, 174.6381, 2.5556)
1581 : (13, 27, 0.0103, 363.5226, 1.4444)
1582 : (6, 34, 0.525, 154.6715, 3.0)
1583 : (34, 6, 0.0, 243.6763, 16.0)
1584 : (11, 30, 0.3397, 173.7276, 1.2222)
1585 : (29, 11, 0.0, 272.3298, 3.375)
1586 : (21, 19, 0.1698, 162.364, 2.3333)
1587 : (19, 21, 0.0, 216.7131, 2.0)
1588 : (17, 23, 0.3396, 156.4831, 1.8889)
1589 : (23, 17, 0.0017, 319.01, 2.5)
1590 : (11, 17, 0.4922, 326.7275, 2.2)
1591 : (17, 11, 0.0, 322.5421, 3.2)
1592 : (17, 23, 0.3177, 221.0554, 4.25)
1593 : (23, 17, 0.0, 271.2161, 4.0)
1594 : (12, 28, 0.4214, 263.0327, 1.5714)
1595 : (28, 12, 0.0, 319.6562, 3.5)
1596 : (17, 20, 0.4457, 183.3275, 1.7143)
1597 : (20, 17, 0.0038, 288.9131, 2.8571)
1598 : (15, 25, 0.3681, 256.7242, 1.875)
1599 : (25, 15, 0.0049, 505.8711, 3.1429)
1600 : (3, 38, 0.4643, 226.4733, 1.0)
1601 : (36, 13, 0.0095, 387.911, 3.6667)
1602 : (1, 42, 0.6406, 318.9329, 1.0)
1603 : (39, 19, 0.0044, 352.7946, 2.3125)
1604 : (1, 42, 0.42, 228.3589, 1.0)
1605 : (39, 24, 0.0, 267.3144, 2.25)
1606 : (0, 42, 0.25, 183.1974, 0.0)
1607 : (40, 14, 0.0036, 345.6021, 3.4545)
1608 : (1, 44, 0.4375, 224.9133, 1.0)
1609 : (39, 27, 0.0019, 243.4741, 1.8095)
1610 : (2, 42, 0.1875, 130.9646, 1.0)
1611 : (38, 22, 0.0088, 324.5552, 2.2353)
1612 : (3, 43, 0.27, 175.2361, 1.0)
1613 : (37, 21, 0.0, 272.072, 2.3333)
1614 : (2, 41, 0.425, 273.1287, 1.0)
1615 : (38, 20, 0.0054, 310.2559, 2.1765)
1616 : (2, 46, 0.369, 184.1824, 1.0)
1617 : (38, 19, 0.0089, 399.0302, 2.75)
1618 : (2, 40, 0.0556, 123.1123, 1.0)
1619 : (38, 15, 0.0011, 290.5269, 3.6)
1620 : (3, 40, 0.6477, 279.0157, 1.0)
1621 : (35, 20, 0.0137, 378.9868, 2.2857)
1622 : (0, 44, 1.1333, 355.582, 0.0)
1623 : (40, 25, 0.0044, 314.537, 2.2353)
1624 : (0, 43, 1.1176, 358.9226, 0.0)
1625 : (40, 0, 0.0028, 473.0558, 0.0)
1626 : (2, 43, 0.6071, 277.4866, 1.0)
1627 : (38, 2, 0.0, 401.8066, 16.5)
1628 : (1, 40, 0.625, 65.4261, 1.0)
1629 : (39, 1, 0.0114, 491.6504, 31.0)
1630 : (0, 41, 0.5455, 155.4202, 0.0)
1631 : (40, 0, 0.0093, 491.7965, 0.0)
1632 : (2, 45, 0.3266, 173.0744, 1.0)
1633 : (34, 2, 0.004, 487.4836, 14.0)
1634 : (0, 41, 1.0667, 174.5147, 0.0)
1635 : (40, 0, 0.0058, 463.9911, 0.0)
1636 : (0, 44, 1.2396, 211.9981, 0.0)
1637 : (40, 0, 0.009, 437.4948, 0.0)
1638 : (1, 40, 1.3362, 195.4069, 1.0)
1639 : (39, 1, 0.0063, 364.3328, 14.0)
1640 : (2, 43, 1.1307, 190.5652, 1.0)
1641 : (38, 2, 0.0, 390.1523, 12.5)
1642 : (1, 41, 1.7266, 262.1012, 1.0)
1643 : (39, 1, 0.0057, 407.2716, 10.0)
1644 : (0, 41, 1.8194, 163.3788, 0.0)
1645 : (40, 1, 0.0052, 385.255, 21.0)
1646 : (5, 45, 1.0362, 194.7998, 1.0)
1647 : (35, 5, 0.0, 277.598, 5.8)
1648 : (3, 36, 1.2946, 226.341, 1.0)
1649 : (29, 3, 0.0, 320.5627, 9.0)
1650 : (0, 38, 1.2355, 252.1998, 0.0)
1651 : (28, 0, 0.0, 303.2493, 0.0)
1652 : (7, 39, 1.2642, 206.9181, 1.0)
1653 : (25, 7, 0.0035, 318.4714, 3.5714)
1654 : (1, 33, 0.9375, 178.1553, 1.0)
1655 : (23, 1, 0.0077, 370.7808, 8.0)
1656 : (14, 26, 0.0, 300.1181, 1.5556)
1657 : (26, 14, 0.0171, 390.3944, 3.125)
1658 : (16, 24, 0.0, 310.2804, 2.2857)
1659 : (24, 16, 0.0167, 397.5939, 3.2857)
1660 : (8, 32, 0.0, 295.4408, 1.3333)
1661 : (32, 8, 0.0098, 405.7509, 6.0)
1662 : (4, 36, 0.0, 334.689, 1.0)
1663 : (36, 4, 0.0108, 382.4751, 4.25)
1664 : (12, 28, 0.0, 283.3235, 1.5)
1665 : (28, 12, 0.0152, 355.7816, 2.375)
1666 : (5, 35, 0.3125, 78.867, 1.25)
1667 : (35, 6, 0.0, 434.4887, 5.5)
1668 : (0, 40, 0.375, 88.8506, 0.0)
1669 : (40, 0, 0.0, 313.3295, 0.0)
1670 : (4, 41, 0.8929, 152.8955, 1.5)
1671 : (36, 4, 0.0, 498.5386, 12.0)
1672 : (0, 43, 1.3929, 212.9228, 0.0)
1673 : (40, 0, 0.0109, 501.2092, 0.0)
1674 : (1, 45, 1.0431, 263.8552, 1.0)
1675 : (39, 1, 0.0, 400.5214, 8.0)
1676 : (2, 45, 1.1917, 208.1064, 1.0)
1677 : (38, 2, 0.0085, 452.7867, 19.0)
1678 : (0, 41, 1.5714, 211.966, 0.0)
1679 : (40, 0, 0.0151, 470.6181, 0.0)
1680 : (4, 38, 1.0909, 199.2485, 1.0)
1681 : (36, 4, 0.0, 473.5788, 7.25)
1682 : (0, 46, 1.8942, 330.1412, 0.0)
1683 : (40, 0, 0.0181, 449.9593, 0.0)
1684 : (3, 38, 0.7647, 116.9022, 1.0)
1685 : (37, 3, 0.0, 379.2066, 11.0)
1686 : (2, 41, 1.4022, 145.1431, 1.0)
1687 : (38, 2, 0.0, 406.6654, 6.0)
1688 : (2, 39, 1.575, 245.8943, 1.0)
1689 : (38, 2, 0.0, 436.5068, 15.5)
1690 : (0, 41, 2.7639, 233.3336, 0.0)
1691 : (40, 0, 0.0, 380.6041, 0.0)
1692 : (0, 41, 2.1964, 366.6667, 0.0)
1693 : (40, 0, 0.0028, 499.0418, 0.0)
1694 : (4, 41, 1.4906, 160.8998, 1.3333)
1695 : (36, 4, 0.0, 417.144, 5.3333)
1696 : (3, 42, 1.3333, 203.6192, 1.0)
1697 : (35, 4, 0.0, 209.4369, 4.75)
1698 : (2, 39, 0.0333, 34.0411, 1.0)
1699 : (38, 2, 0.0053, 441.0824, 16.0)
1700 : (1, 31, 0.0357, 37.5958, 1.0)
1701 : (31, 1, 0.0119, 436.8376, 24.0)
1702 : (0, 40, 0.0, 47.8624, 0.0)
1703 : (39, 0, 0.0157, 472.3541, 0.0)
1704 : (3, 37, 0.4167, 67.5991, 1.0)
1705 : (37, 3, 0.0029, 441.378, 8.6667)
1706 : (2, 38, 0.25, 48.6057, 1.0)
1707 : (38, 2, 0.0088, 363.0033, 9.5)
1708 : (1, 40, 0.9412, 63.9978, 1.0)
1709 : (39, 1, 0.0088, 428.3162, 19.0)
1710 : (3, 32, 1.0227, 80.1696, 1.0)
1711 : (32, 3, 0.0053, 377.0154, 5.3333)
1712 : (0, 41, 1.45, 160.7923, 0.0)
1713 : (40, 0, 0.0, 448.1432, 0.0)
1714 : (3, 38, 1.6806, 128.6375, 1.0)
1715 : (37, 4, 0.0055, 400.8628, 8.25)
1716 : (0, 44, 1.1912, 304.4682, 0.0)
1717 : (40, 0, 0.003, 472.8531, 0.0)
1718 : (5, 43, 1.7079, 213.0121, 1.25)
1719 : (30, 5, 0.0, 289.0174, 8.6667)
1720 : (4, 39, 0.6522, 134.8527, 1.3333)
1721 : (36, 4, 0.013, 469.9922, 10.6667)
1722 : (9, 30, 0.0, 285.4113, 1.5)
1723 : (30, 9, 0.0063, 303.7436, 4.3333)
1724 : (17, 23, 0.0, 292.4655, 1.8889)
1725 : (23, 17, 0.0041, 324.5199, 2.2222)
1726 : (10, 30, 0.0, 336.1761, 1.5)
1727 : (30, 10, 0.008, 390.4209, 7.5)
1728 : (2, 36, 0.5909, 45.0472, 1.0)
1729 : (36, 2, 0.0, 349.1707, 15.5)
1730 : (2, 33, 1.1667, 105.6648, 2.0)
1731 : (33, 2, 0.0, 285.5706, 9.0)
1732 : (1, 45, 1.5119, 204.9311, 1.0)
1733 : (39, 1, 0.0, 396.3957, 1.0)
1734 : (6, 34, 0.4659, 129.0878, 1.5)
1735 : (34, 6, 0.0, 429.8253, 7.5)
1736 : (6, 34, 0.4125, 136.6117, 1.0)
1737 : (34, 6, 0.0067, 549.4688, 8.5)
1738 : (4, 38, 1.5, 161.2596, 1.0)
1739 : (36, 4, 0.0, 262.8349, 4.0)
1740 : (6, 46, 1.6266, 159.1201, 1.0)
1741 : (34, 7, 0.0052, 275.5772, 3.7143)
1742 : (8, 42, 1.6757, 153.3344, 1.3333)
1743 : (32, 8, 0.0163, 405.7144, 4.8)
1744 : (10, 33, 1.1875, 157.6557, 1.0)
1745 : (30, 12, 0.0033, 266.1601, 3.3333)
1746 : (3, 24, 1.1744, 154.2412, 1.0)
1747 : (21, 3, 0.0, 343.3288, 6.3333)
1748 : (13, 39, 1.0739, 129.9731, 1.0833)
1749 : (27, 13, 0.0026, 300.7816, 2.3636)
1750 : (6, 44, 1.6548, 179.7915, 1.2)
1751 : (32, 6, 0.0022, 262.556, 5.2)
1752 : (8, 39, 1.8032, 146.9879, 1.0)
1753 : (32, 8, 0.0, 287.6691, 3.75)
1754 : (18, 22, 0.0, 288.7358, 1.6667)
1755 : (22, 18, 0.0373, 319.0558, 2.2)
1756 : (15, 25, 0.0058, 387.2441, 1.3636)
1757 : (25, 15, 0.08, 384.8652, 2.0)
1758 : (15, 25, 0.0152, 410.8096, 1.5)
1759 : (25, 15, 0.0075, 269.3086, 2.7778)
1760 : (1, 29, 0.0, 74.0033, 1.0)
1761 : (29, 1, 0.01, 650.6309, 0.0)
1762 : (4, 33, 0.7632, 93.8462, 2.0)
1763 : (33, 4, 0.0, 294.1966, 9.0)
1764 : (7, 33, 1.4355, 146.3558, 1.0)
1765 : (33, 7, 0.0, 284.9366, 4.5714)
1766 : (9, 32, 1.2095, 101.8234, 1.2857)
1767 : (31, 9, 0.0, 347.079, 4.0)
1768 : (16, 33, 1.2183, 107.7818, 1.25)
1769 : (24, 16, 0.0, 227.278, 2.0)
1770 : (23, 17, 0.0, 388.0479, 2.4444)
1771 : (17, 25, 0.0, 355.9467, 1.7)
1772 : (13, 23, 0.0, 280.7358, 1.2857)
1773 : (23, 13, 0.002, 330.0121, 2.875)
1774 : (23, 19, 0.0, 265.0382, 1.9167)
1775 : (17, 25, 0.0383, 434.6109, 1.2)
1776 : (9, 31, 0.0, 331.3693, 1.0)
1777 : (31, 9, 0.0, 462.2131, 3.875)
1778 : (8, 32, 0.0662, 62.1529, 1.1429)
1779 : (32, 8, 0.0, 255.98, 4.1429)
1780 : (15, 25, 0.684, 103.134, 1.875)
1781 : (25, 15, 0.0, 377.294, 2.5)
1782 : (12, 27, 0.5, 62.2657, 1.0909)
1783 : (27, 14, 0.0074, 301.5207, 2.3636)
1784 : (14, 26, 0.6582, 96.5372, 1.1667)
1785 : (26, 14, 0.0, 311.4234, 2.0)
1786 : (7, 33, 0.6172, 84.2752, 1.0)
1787 : (33, 7, 0.0034, 311.8981, 4.0)
1788 : (15, 25, 0.0068, 353.5979, 1.625)
1789 : (25, 15, 0.0, 616.9973, 3.125)
1790 : (8, 32, 0.4881, 87.3617, 2.0)
1791 : (32, 8, 0.0, 393.9865, 4.75)
1792 : (10, 30, 0.175, 58.1856, 1.4286)
1793 : (30, 12, 0.0032, 292.6626, 3.25)
1794 : (19, 21, 0.4549, 82.249, 2.0)
1795 : (21, 19, 0.0, 199.8026, 2.1)
1796 : (18, 22, 0.4744, 103.8444, 1.6)
1797 : (22, 18, 0.0104, 403.7464, 2.0)
1798 : (14, 34, 1.3103, 135.4994, 1.2727)
1799 : (23, 14, 0.0, 288.1627, 2.2)
1800 : (1, 21, 0.1552, 166.5352, 1.0)
1801 : (18, 1, 0.0, 275.0787, 17.0)
1802 : (1, 22, 0.3824, 221.6027, 1.0)
1803 : (20, 1, 0.0, 252.6084, 16.0)
1804 : (0, 40, 0.6, 323.3834, 0.0)
1805 : (40, 10, 0.0, 382.3635, 3.9)
1806 : (1, 43, 0.2105, 190.4486, 1.0)
1807 : (39, 24, 0.0, 216.9574, 1.8095)
1808 : (4, 45, 0.4069, 219.262, 1.0)
1809 : (36, 4, 0.0035, 376.5031, 10.6667)
1810 : (1, 41, 0.2813, 233.6481, 1.0)
1811 : (39, 12, 0.001, 243.2209, 3.1818)
1812 : (0, 40, 0.4583, 298.4787, 0.0)
1813 : (40, 0, 0.0, 458.3956, 0.0)
1814 : (0, 41, 0.4773, 481.023, 0.0)
1815 : (40, 0, 0.0, 369.9612, 0.0)
1816 : (1, 41, 0.5, 190.7827, 1.0)
1817 : (39, 1, 0.0, 358.904, 0.0)
1818 : (0, 41, 0.5455, 271.2748, 0.0)
1819 : (40, 0, 0.0, 398.2848, 0.0)
1820 : (5, 35, 0.7813, 297.2397, 1.0)
1821 : (35, 5, 0.0065, 336.7404, 6.0)
1822 : (2, 52, 0.4894, 294.6576, 1.0)
1823 : (38, 2, 0.0062, 470.8707, 14.0)
1824 : (1, 40, 0.3804, 253.9068, 1.0)
1825 : (37, 1, 0.0027, 345.1672, 13.0)
1826 : (3, 41, 0.0893, 214.2628, 1.0)
1827 : (37, 3, 0.0091, 328.0389, 5.0)
1828 : (2, 44, 0.2188, 139.2964, 1.0)
1829 : (38, 2, 0.0035, 368.2469, 15.0)
1830 : (1, 43, 0.125, 181.647, 1.0)
1831 : (39, 1, 0.0054, 466.8076, 5.0)
1832 : (12, 51, 0.448, 269.5134, 1.0)
1833 : (28, 12, 0.0047, 492.1903, 2.6667)
1834 : (0, 40, 0.0, 65.8975, 0.0)
1835 : (40, 0, 0.0375, 423.4344, 0.0)
1836 : (4, 36, 0.1667, 252.6427, 1.0)
1837 : (36, 4, 0.0, 379.3942, 9.0)
1838 : (0, 41, 0.2, 244.242, 0.0)
1839 : (40, 0, 0.0154, 461.3769, 0.0)
1840 : (0, 40, 0.0, 0.0, 0.0)
1841 : (40, 0, 0.0116, 558.566, 0.0)
1842 : (3, 42, 0.2262, 339.8096, 1.0)
1843 : (37, 3, 0.0387, 436.2001, 8.3333)
1844 : (2, 38, 0.4605, 253.5425, 1.0)
1845 : (38, 2, 0.0089, 325.0586, 17.5)
1846 : (1, 41, 0.05, 164.911, 1.0)
1847 : (39, 1, 0.0211, 548.0129, 1.0)
1848 : (6, 34, 0.2647, 262.0745, 1.5)
1849 : (34, 6, 0.0, 427.7105, 7.5)
1850 : (0, 43, 0.4, 331.6548, 0.0)
1851 : (40, 0, 0.0265, 568.1707, 0.0)
1852 : (4, 41, 0.5, 258.0761, 1.5)
1853 : (36, 4, 0.0169, 421.1302, 12.0)
1854 : (6, 42, 0.4509, 290.3329, 1.2)
1855 : (34, 6, 0.0, 316.9903, 6.6)
1856 : (1, 24, 0.5, 287.686, 1.0)
1857 : (20, 1, 0.0, 310.9467, 1.0)
1858 : (3, 37, 0.1667, 314.0015, 1.0)
1859 : (37, 3, 0.0127, 386.926, 10.0)
1860 : (0, 40, 0.25, 267.607, 0.0)
1861 : (40, 0, 0.0029, 387.1259, 0.0)
1862 : (3, 37, 0.1429, 216.1074, 1.0)
1863 : (37, 3, 0.0, 288.1047, 12.3333)
1864 : (4, 36, 0.175, 245.7288, 1.0)
1865 : (36, 4, 0.0, 323.2271, 5.0)
1866 : (10, 30, 0.3558, 255.5129, 1.125)
1867 : (30, 10, 0.0035, 331.5608, 3.3333)
1868 : (2, 41, 0.2391, 260.7551, 1.0)
1869 : (38, 2, 0.0034, 300.0417, 18.5)
1870 : (5, 40, 0.1731, 218.0276, 1.0)
1871 : (35, 5, 0.006, 383.4066, 7.0)
1872 : (3, 37, 0.25, 256.8885, 1.0)
1873 : (37, 3, 0.0094, 461.0865, 8.0)
1874 : (3, 24, 0.1875, 165.0167, 1.0)
1875 : (24, 3, 0.0147, 345.063, 7.6667)
1876 : (1, 39, 0.1667, 195.9028, 1.0)
1877 : (39, 1, 0.019, 564.3595, 1.0)
1878 : (0, 40, 0.875, 658.2927, 0.0)
1879 : (40, 0, 0.0305, 590.8494, 0.0)
1880 : (4, 36, 0.2143, 227.3507, 1.0)
1881 : (36, 4, 0.0169, 455.3828, 7.25)
1882 : (1, 43, 0.1471, 222.1599, 1.0)
1883 : (39, 1, 0.0, 448.6214, 10.0)
1884 : (7, 33, 0.25, 287.6955, 1.75)
1885 : (33, 7, 0.0, 356.2805, 9.3333)
1886 : (4, 36, 0.4, 252.8481, 1.0)
1887 : (36, 4, 0.0, 267.7262, 9.0)
1888 : (8, 35, 0.1, 254.1641, 1.1667)
1889 : (32, 8, 0.0, 306.8338, 4.5714)
1890 : (11, 33, 0.1971, 358.3335, 1.5714)
1891 : (29, 11, 0.0082, 372.6769, 3.8571)
1892 : (1, 25, 0.0357, 96.1198, 1.0)
1893 : (25, 1, 0.0, 261.9455, 1.0)
1894 : (3, 48, 0.1458, 281.41, 1.0)
1895 : (37, 3, 0.0072, 368.1477, 11.3333)
1896 : (16, 24, 0.1937, 206.6412, 2.2857)
1897 : (24, 16, 0.0123, 286.1039, 3.1667)
1898 : (3, 37, 0.5682, 455.618, 1.0)
1899 : (37, 3, 0.0, 345.4907, 11.0)
1900 : (3, 37, 0.2115, 235.0526, 1.0)
1901 : (37, 3, 0.0032, 405.1141, 8.3333)
1902 : (4, 36, 0.1667, 326.1482, 1.3333)
1903 : (36, 5, 0.0, 433.765, 8.0)
1904 : (0, 40, 0.0, 0.0, 0.0)
1905 : (40, 0, 0.0151, 594.0264, 0.0)
1906 : (1, 39, 0.25, 218.6208, 1.0)
1907 : (39, 1, 0.0235, 492.2483, 14.0)
1908 : (5, 35, 0.3026, 289.5903, 1.0)
1909 : (35, 5, 0.0, 415.6772, 8.5)
1910 : (3, 37, 0.0, 145.5877, 1.0)
1911 : (37, 3, 0.0065, 480.0948, 12.0)
1912 : (11, 38, 0.2819, 321.3121, 1.1111)
1913 : (29, 11, 0.0192, 276.0914, 3.2222)
1914 : (6, 44, 0.3615, 407.6839, 1.0)
1915 : (34, 6, 0.0287, 356.0515, 5.0)
1916 : (3, 38, 0.2357, 252.0253, 1.0)
1917 : (37, 3, 0.0032, 408.9318, 7.6667)
1918 : (3, 38, 0.3314, 269.603, 1.0)
1919 : (37, 3, 0.0, 463.7803, 10.0)
1920 : (10, 34, 0.2611, 324.6984, 1.0)
1921 : (30, 11, 0.0078, 437.6624, 3.2222)
1922 : (9, 31, 0.2717, 270.6981, 1.8)
1923 : (31, 9, 0.0096, 458.9981, 5.0)
1924 : (7, 33, 0.2692, 366.4136, 1.0)
1925 : (33, 11, 0.0, 247.2533, 3.4444)
1926 : (12, 14, 0.3952, 300.2309, 2.4)
1927 : (14, 12, 0.0114, 315.5073, 1.75)
1928 : (12, 10, 0.2095, 209.4279, 1.5714)
1929 : (10, 12, 0.0, 125.2509, 1.4286)
1930 : (15, 22, 0.2813, 186.7191, 2.5)
1931 : (22, 15, 0.0, 169.9844, 3.3333)
1932 : (22, 21, 0.3031, 268.3536, 1.6923)
1933 : (18, 23, 0.0, 214.954, 1.1538)
1934 : (28, 16, 0.3015, 277.89, 2.5)
1935 : (12, 28, 0.0, 300.0188, 1.3333)
1936 : (23, 27, 0.3385, 275.4483, 1.5333)
1937 : (17, 23, 0.0, 327.0268, 1.3333)
1938 : (6, 37, 0.098, 262.5321, 1.0)
1939 : (34, 6, 0.0, 253.5638, 5.5)
1940 : (3, 37, 0.2333, 354.164, 1.0)
1941 : (37, 3, 0.0263, 484.1218, 6.6667)
1942 : (2, 38, 0.2778, 422.2192, 1.0)
1943 : (38, 2, 0.0395, 578.1918, 13.0)
1944 : (9, 31, 0.0, 64.5646, 1.125)
1945 : (31, 10, 0.0036, 339.9796, 3.2222)
1946 : (3, 40, 0.3881, 434.8058, 1.0)
1947 : (37, 4, 0.0, 362.9381, 8.3333)
1948 : (3, 41, 0.2127, 279.6952, 1.0)
1949 : (37, 3, 0.0, 370.3493, 11.0)
1950 : (14, 20, 0.0641, 186.3801, 1.8571)
1951 : (20, 14, 0.0, 275.8951, 2.5)
1952 : (6, 21, 0.0341, 190.4769, 1.2)
1953 : (21, 6, 0.0, 211.3701, 3.4)
1954 : (23, 18, 0.1151, 188.5178, 1.625)
1955 : (17, 23, 0.0, 235.8445, 1.8889)
1956 : (9, 23, 0.1774, 209.0014, 1.5)
1957 : (22, 9, 0.0048, 342.3989, 3.6667)
1958 : (9, 27, 0.2266, 348.9284, 1.8)
1959 : (27, 9, 0.0034, 441.5822, 3.4)
1960 : (10, 29, 0.2721, 364.6815, 1.25)
1961 : (29, 10, 0.007, 476.4486, 3.5)
1962 : (16, 13, 0.0735, 140.7459, 2.0)
1963 : (13, 18, 0.0188, 378.6667, 1.8571)
1964 : (4, 7, 0.0192, 91.7976, 1.3333)
1965 : (7, 4, 0.0, 211.264, 1.3333)
1966 : (14, 26, 0.0625, 115.9508, 1.75)
1967 : (26, 14, 0.0079, 376.5597, 3.4286)
1968 : (20, 20, 0.28, 433.5851, 1.3333)
1969 : (20, 20, 0.0, 235.6253, 1.2667)
1970 : (19, 25, 0.3991, 307.1707, 1.5455)
1971 : (21, 19, 0.0, 298.8711, 1.9091)
1972 : (31, 9, 0.2385, 289.77, 3.625)
1973 : (9, 31, 0.0, 263.384, 1.125)
1974 : (11, 29, 0.3387, 334.0306, 1.375)
1975 : (29, 11, 0.0, 414.1555, 3.125)
1976 : (23, 17, 0.1681, 297.0842, 2.0)
1977 : (17, 23, 0.0, 224.2507, 1.7)
1978 : (15, 23, 0.1324, 272.5724, 2.3333)
1979 : (23, 15, 0.0, 298.1609, 3.2857)
1980 : (21, 19, 0.2083, 322.8789, 2.0)
1981 : (19, 21, 0.0, 260.0649, 1.7273)
1982 : (19, 13, 0.161, 227.5053, 1.9)
1983 : (13, 19, 0.0263, 322.444, 1.2)
1984 : (16, 19, 0.1713, 227.439, 1.4545)
1985 : (19, 16, 0.01, 432.0041, 1.8)
1986 : (13, 27, 0.2422, 270.4348, 1.0833)
1987 : (27, 13, 0.0, 361.8878, 2.3636)
1988 : (10, 17, 0.2266, 271.8122, 1.8)
1989 : (17, 10, 0.0051, 338.0387, 3.4)
1990 : (11, 23, 0.1136, 183.3823, 1.1)
1991 : (23, 11, 0.0, 303.9517, 2.2)
1992 : (16, 12, 0.1471, 186.675, 3.2)
1993 : (12, 16, 0.0, 376.3485, 2.75)
1994 : (14, 12, 0.1915, 242.7112, 1.7143)
1995 : (12, 14, 0.0, 419.2043, 1.7143)
1996 : (13, 23, 0.1307, 195.412, 1.7143)
1997 : (22, 13, 0.0, 221.3376, 3.6667)
1998 : (8, 24, 0.25, 285.3396, 1.1429)
1999 : (23, 8, 0.0, 309.9297, 3.1429)
*********************************************************
   	     	      entropy      	            obj_1            	       obj_2       
   	     	-------------------	-----------------------------	-------------------
gen	evals	min  	avg    	max	min	avg     	max  	min	avg    	max
0  	1000 	0.829	2.30123	3  	0  	0.962444	11.75	0  	6.24638	39 