number of estimated clusters : 4
index:
[4, 5, 6, 7, 12, 14, 15, 16, 17, 18, 24, 26, 27, 28, 29, 30, 31, 32, 34, 35, 36, 41, 42, 43, 46, 48, 50, 52, 53, 54, 55, 58, 59, 60, 61, 62, 64, 66, 68, 76, 78, 79, 81, 90, 94, 95, 96, 97, 98, 99]
fitness:
[(2.985548907975617,), (2.985548907975617,), (2.985548907975617,), (2.985548907975617,), (2.941901188909337,), (2.985548907975617,), (2.985548907975617,), (2.941901188909337,), (2.941901188909337,), (2.941901188909337,), (3.0,), (2.868136110750982,), (2.868136110750982,), (2.985548907975617,), (2.985548907975617,), (3.0,), (3.0,), (3.0,), (3.0,), (3.0,), (2.985548907975617,), (3.0,), (2.941901188909337,), (2.941901188909337,), (2.868136110750982,), (2.985548907975617,), (2.985548907975617,), (2.985548907975617,), (2.985548907975617,), (2.985548907975617,), (2.985548907975617,), (2.941901188909337,), (2.941901188909337,), (2.941901188909337,), (2.941901188909337,), (2.985548907975617,), (2.985548907975617,), (3.0,), (2.7625817984613854,), (2.985548907975617,), (3.0,), (3.0,), (3.0,), (2.622556248918266,), (3.0,), (3.0,), (3.0,), (3.0,), (3.0,), (3.0,)]
mean fitness:
[2.962968772245741]
center: 
[  9.29440022e+00   1.61903882e+00   5.73488831e+02   8.70328522e+00
   2.76737690e+01   3.78275928e+03   6.63114090e+01   5.81857910e+01
   2.91055775e+00]
members:
[[  9.76000023e+00   1.75999999e+00   5.19000000e+02   9.00000000e+00
    2.74099998e+01   4.24293262e+03   5.99483109e+01   5.70000000e+01
   -1.15699997e+01]
 [  9.80000019e+00   1.28000951e+00   7.26577454e+02   8.00000000e+00
    2.75699997e+01   3.35868384e+03   7.20000000e+01   6.10000000e+01
    1.70599995e+01]
 [  9.76000023e+00   1.75999999e+00   5.19000000e+02   9.00000000e+00
    2.74099998e+01   4.24293262e+03   5.99483109e+01   5.70000000e+01
   -1.15699997e+01]
 [  9.80000019e+00   1.28000951e+00   7.26577454e+02   8.00000000e+00
    2.75699997e+01   3.35868384e+03   7.20000000e+01   6.10000000e+01
    1.70599995e+01]
 [  9.76000023e+00   1.75999999e+00   5.44625793e+02   9.00000000e+00
    2.85746346e+01   3.99600000e+03   5.99483109e+01   5.70000000e+01
   -1.15699997e+01]
 [  1.00000000e+01   1.75999999e+00   5.19000000e+02   9.00000000e+00
    2.85746346e+01   3.99600000e+03   6.20000000e+01   5.03435326e+01
   -1.33889675e+01]
 [  9.80000019e+00   1.20657086e+00   7.26577454e+02   8.00000000e+00
    2.75699997e+01   3.35868384e+03   7.20000000e+01   5.76251221e+01
    1.70599995e+01]
 [  6.51999998e+00   1.84000003e+00   1.71000000e+02   1.00000000e+01
    2.85746346e+01   3.99600000e+03   8.20000000e+01   5.69924011e+01
   -1.15699997e+01]
 [  9.80000019e+00   1.52106571e+00   7.26577454e+02   8.00000000e+00
    2.75699997e+01   3.35868384e+03   7.20000000e+01   6.10000000e+01
    1.70599995e+01]
 [  1.00000000e+01   1.75999999e+00   5.19000000e+02   9.00000000e+00
    2.74099998e+01   3.99600000e+03   5.99483109e+01   5.70000000e+01
    1.52399998e+01]
 [  9.76000023e+00   1.75999999e+00   5.19000000e+02   9.00000000e+00
    2.74099998e+01   3.99600000e+03   5.99483109e+01   5.70000000e+01
   -1.15699997e+01]
 [  1.00000000e+01   1.75999999e+00   5.19000000e+02   9.00000000e+00
    2.74099998e+01   3.99600000e+03   5.99483109e+01   5.70000000e+01
   -1.15699997e+01]
 [  9.80000019e+00   1.52106571e+00   7.26577454e+02   8.00000000e+00
    2.75699997e+01   3.35868384e+03   7.00174026e+01   6.10000000e+01
    1.70599995e+01]
 [  1.00000000e+01   1.75999999e+00   5.19000000e+02   9.00000000e+00
    2.74099998e+01   3.99600000e+03   5.99483109e+01   5.70000000e+01
   -1.15699997e+01]
 [  9.80000019e+00   1.52106571e+00   7.26577454e+02   8.00000000e+00
    2.75699997e+01   3.35868384e+03   7.20000000e+01   6.10000000e+01
    1.70599995e+01]
 [  9.76000023e+00   1.75999999e+00   5.19000000e+02   9.00000000e+00
    2.74099998e+01   3.99600000e+03   6.20000000e+01   5.70000000e+01
   -1.15699997e+01]
 [  9.80000019e+00   1.33000004e+00   7.26577454e+02   8.00000000e+00
    2.75699997e+01   3.35868384e+03   7.20000000e+01   6.10000000e+01
    1.70599995e+01]
 [  6.51999998e+00   1.84000003e+00   5.19000000e+02   9.00000000e+00
    2.74099998e+01   3.99600000e+03   6.20000000e+01   5.70000000e+01
    1.52399998e+01]
 [  9.76000023e+00   1.75999999e+00   5.19000000e+02   9.00000000e+00
    2.74099998e+01   3.99600000e+03   6.20000000e+01   5.70000000e+01
   -1.15699997e+01]
 [  9.80000019e+00   1.33000004e+00   7.26577454e+02   8.00000000e+00
    2.75699997e+01   3.35868384e+03   7.20000000e+01   6.10000000e+01
    1.70599995e+01]
 [  9.76000023e+00   1.75999999e+00   5.19000000e+02   9.00000000e+00
    2.74099998e+01   3.99600000e+03   5.99483109e+01   5.70000000e+01
   -1.15699997e+01]
 [  9.80000019e+00   1.33000004e+00   8.00000000e+02   8.00000000e+00
    2.75699997e+01   3.93606909e+03   7.20000000e+01   6.10000000e+01
    1.70599995e+01]
 [  9.76000023e+00   1.75999999e+00   5.19000000e+02   9.00000000e+00
    2.85746346e+01   3.79433105e+03   5.99483109e+01   5.70000000e+01
   -1.15699997e+01]
 [  9.80000019e+00   1.28000951e+00   7.26577454e+02   8.00000000e+00
    2.75699997e+01   3.35868384e+03   7.20000000e+01   6.10000000e+01
    1.70599995e+01]
 [  6.51999998e+00   1.84000003e+00   1.71000000e+02   1.00000000e+01
    2.85746346e+01   3.99600000e+03   8.20000000e+01   5.69924011e+01
    1.52399998e+01]
 [  6.51999998e+00   1.84000003e+00   5.19000000e+02   9.00000000e+00
    2.74099998e+01   3.99600000e+03   6.20000000e+01   5.70000000e+01
    1.52399998e+01]
 [  6.51999998e+00   1.84000003e+00   5.19000000e+02   9.00000000e+00
    2.74099998e+01   3.99600000e+03   6.20000000e+01   5.70000000e+01
    1.52399998e+01]
 [  1.00000000e+01   1.75999999e+00   5.19000000e+02   9.00000000e+00
    2.74099998e+01   3.99600000e+03   5.99483109e+01   5.70000000e+01
   -1.15699997e+01]
 [  9.80000019e+00   1.52106571e+00   7.26577454e+02   8.16425037e+00
    2.75699997e+01   3.35868384e+03   7.20000000e+01   6.10000000e+01
    1.70599995e+01]
 [  9.76000023e+00   1.75999999e+00   5.19000000e+02   9.00000000e+00
    2.85746346e+01   3.99600000e+03   5.99483109e+01   5.70000000e+01
   -1.15699997e+01]
 [  9.80000019e+00   1.28000951e+00   7.26577454e+02   8.00000000e+00
    2.75699997e+01   3.35868384e+03   7.20000000e+01   6.10000000e+01
    1.70599995e+01]
 [  9.76000023e+00   1.75999999e+00   5.19000000e+02   9.00000000e+00
    2.85746346e+01   3.99600000e+03   6.23806992e+01   5.70000000e+01
   -1.55441227e+01]
 [  9.80000019e+00   1.28000951e+00   7.26577454e+02   8.00000000e+00
    2.75699997e+01   3.35868384e+03   7.20000000e+01   6.10000000e+01
    1.70599995e+01]
 [  9.76000023e+00   1.75999999e+00   5.19000000e+02   9.00000000e+00
    2.74099998e+01   3.99600000e+03   6.20000000e+01   5.70000000e+01
   -1.15699997e+01]
 [  1.00000000e+01   1.28000951e+00   7.26577454e+02   8.00000000e+00
    2.75699997e+01   3.35868384e+03   7.20000000e+01   6.10000000e+01
    1.70599995e+01]
 [  9.76000023e+00   1.75999999e+00   5.19000000e+02   9.00000000e+00
    2.74099998e+01   3.99600000e+03   5.99483109e+01   5.70000000e+01
   -1.15699997e+01]
 [  6.51999998e+00   1.84000003e+00   5.19000000e+02   9.00000000e+00
    2.74099998e+01   3.99600000e+03   6.20000000e+01   5.70000000e+01
    1.52399998e+01]
 [  1.00000000e+01   1.75999999e+00   5.19000000e+02   9.00000000e+00
    2.74099998e+01   3.99600000e+03   5.99483109e+01   5.70000000e+01
   -1.15699997e+01]
 [  6.51999998e+00   1.84000003e+00   1.71000000e+02   1.00000000e+01
    2.85746346e+01   3.99600000e+03   8.20000000e+01   5.69924011e+01
    1.52399998e+01]
 [  9.76000023e+00   1.75999999e+00   5.19000000e+02   9.00000000e+00
    2.85746346e+01   3.99600000e+03   6.20000000e+01   5.03435326e+01
   -1.33889675e+01]
 [  9.76000023e+00   1.75999999e+00   5.19000000e+02   9.00000000e+00
    2.85746346e+01   3.99600000e+03   5.99483109e+01   5.70000000e+01
   -1.15699997e+01]
 [  9.80000019e+00   1.28000951e+00   7.26577454e+02   8.00000000e+00
    2.60720406e+01   3.35868384e+03   7.20000000e+01   6.10000000e+01
    1.70599995e+01]
 [  9.80000019e+00   1.33000004e+00   8.00000000e+02   8.00000000e+00
    2.75699997e+01   3.93606909e+03   7.20000000e+01   6.10000000e+01
    1.70599995e+01]
 [  6.51999998e+00   1.84000003e+00   1.71000000e+02   1.00000000e+01
    2.74099998e+01   3.99600000e+03   5.99483109e+01   5.70000000e+01
   -1.15699997e+01]
 [  1.00000000e+01   1.75999999e+00   5.19000000e+02   9.00000000e+00
    2.74099998e+01   3.99600000e+03   5.99483109e+01   5.70000000e+01
   -1.15699997e+01]
 [  9.80000019e+00   1.52106571e+00   7.26577454e+02   8.00000000e+00
    2.75699997e+01   3.35868384e+03   7.20000000e+01   6.10000000e+01
    1.70599995e+01]
 [  9.76000023e+00   1.75999999e+00   5.19000000e+02   9.00000000e+00
    2.74099998e+01   3.99600000e+03   6.20000000e+01   5.70000000e+01
   -1.15699997e+01]
 [  9.80000019e+00   1.33000004e+00   7.26577454e+02   8.00000000e+00
    2.75699997e+01   3.35868384e+03   7.20000000e+01   6.10000000e+01
    1.70599995e+01]
 [  9.76000023e+00   1.75999999e+00   5.19000000e+02   9.00000000e+00
    2.74099998e+01   3.99600000e+03   6.20000000e+01   5.70000000e+01
   -1.15699997e+01]
 [  9.80000019e+00   1.33000004e+00   7.26577454e+02   8.00000000e+00
    2.75699997e+01   3.35868384e+03   7.20000000e+01   6.10000000e+01
    1.70599995e+01]]
index:
[0, 2, 8, 10, 20, 22, 38, 40, 44, 56, 70, 72, 74, 80, 82, 84, 86, 88, 92]
fitness:
[(2.985548907975617,), (3.0,), (3.0,), (3.0,), (2.868136110750982,), (2.985548907975617,), (2.868136110750982,), (3.0,), (2.985548907975617,), (3.0,), (3.0,), (3.0,), (3.0,), (3.0,), (3.0,), (2.941901188909337,), (2.7625817984613854,), (3.0,), (3.0,)]
mean fitness:
[2.9682843122526075]
center: 
[  8.81263161e+00   1.79443479e+00   4.15644104e+02   9.38211441e+00
   4.13489456e+01   6.05573242e+03   7.03877945e+01   5.69964104e+01
   1.12947369e+00]
members:
[[  6.51999998e+00   1.84000003e+00   1.71000000e+02   1.00000000e+01
    4.94799995e+01   6.05573096e+03   8.20000000e+01   5.69924011e+01
    1.52399998e+01]
 [  1.00000000e+01   1.75999999e+00   5.19000000e+02   9.00000000e+00
    2.74099998e+01   6.05573096e+03   5.99483109e+01   5.70000000e+01
   -1.15699997e+01]
 [  9.76000023e+00   1.75999999e+00   5.19000000e+02   9.00000000e+00
    2.74099998e+01   6.05573096e+03   5.99483109e+01   5.70000000e+01
   -1.15699997e+01]
 [  6.51999998e+00   1.84000003e+00   1.71000000e+02   1.00000000e+01
    4.94799995e+01   6.05573096e+03   8.20000000e+01   5.69924011e+01
    1.52399998e+01]
 [  9.76000023e+00   1.75999999e+00   5.19000000e+02   9.00000000e+00
    2.74099998e+01   6.05573096e+03   5.99483109e+01   5.70000000e+01
   -1.15699997e+01]
 [  1.00000000e+01   1.75999999e+00   5.60412598e+02   9.00000000e+00
    4.94799995e+01   6.05573096e+03   5.99483109e+01   5.70000000e+01
   -1.15699997e+01]
 [  1.00000000e+01   1.75999999e+00   5.19000000e+02   9.00000000e+00
    2.74099998e+01   6.05573096e+03   5.99483109e+01   5.70000000e+01
   -1.15699997e+01]
 [  9.76000023e+00   1.75999999e+00   5.19000000e+02   9.63008976e+00
    4.94799995e+01   6.05573096e+03   8.20000000e+01   5.69924011e+01
    1.52399998e+01]
 [  9.76000023e+00   1.75999999e+00   5.60412598e+02   9.00000000e+00
    4.94799995e+01   6.05573096e+03   5.98331718e+01   5.70000000e+01
   -1.15699997e+01]
 [  1.00000000e+01   1.75999999e+00   5.19000000e+02   9.00000000e+00
    2.74099998e+01   6.05573096e+03   5.99483109e+01   5.70000000e+01
   -1.15699997e+01]
 [  6.51999998e+00   2.01426029e+00   1.71000000e+02   1.00000000e+01
    4.94799995e+01   6.05573096e+03   8.20000000e+01   5.69924011e+01
    1.52399998e+01]
 [  1.00000000e+01   1.75999999e+00   5.19000000e+02   9.00000000e+00
    2.74099998e+01   6.05573096e+03   5.99483109e+01   5.70000000e+01
   -1.15699997e+01]
 [  1.00000000e+01   1.75999999e+00   5.19000000e+02   9.00000000e+00
    2.74099998e+01   6.05573096e+03   5.99483109e+01   5.70000000e+01
   -1.15699997e+01]
 [  9.76000023e+00   1.75999999e+00   5.19000000e+02   9.63008976e+00
    4.94799995e+01   6.05573096e+03   8.20000000e+01   5.69924011e+01
    1.52399998e+01]
 [  9.76000023e+00   1.75999999e+00   5.60412598e+02   9.00000000e+00
    4.94799995e+01   6.05573096e+03   5.99483109e+01   5.70000000e+01
   -1.15699997e+01]
 [  6.51999998e+00   1.84000003e+00   1.71000000e+02   1.00000000e+01
    4.94799995e+01   6.05573096e+03   8.20000000e+01   5.69924011e+01
    1.52399998e+01]
 [  6.51999998e+00   1.84000003e+00   1.71000000e+02   1.00000000e+01
    4.94799995e+01   6.05573096e+03   8.20000000e+01   5.69924011e+01
    1.52399998e+01]
 [  9.76000023e+00   1.75999999e+00   5.19000000e+02   9.00000000e+00
    4.94799995e+01   6.05573096e+03   8.20000000e+01   5.69924011e+01
    1.52399998e+01]
 [  6.51999998e+00   1.84000003e+00   1.71000000e+02   1.00000000e+01
    4.94799995e+01   6.05573096e+03   8.20000000e+01   5.69924011e+01
    1.52399998e+01]]
index:
[1, 11, 33, 49, 51, 67, 71, 85, 91, 93]
fitness:
[(2.985548907975617,), (3.0,), (3.0,), (2.985548907975617,), (2.985548907975617,), (3.0,), (3.0,), (2.941901188909337,), (2.622556248918266,), (3.0,)]
mean fitness:
[2.9521104161754455]
center: 
[  6.95183945e+00   1.44988513e+00   6.10000000e+01   8.00000000e+00
   1.22774258e+01   2.11694727e+03   4.60000000e+01   1.69933720e+01
   1.78579979e+01]
members:
[[  6.63000011e+00   1.48000002e+00   6.10000000e+01   8.00000000e+00
    2.75699997e+01   2.05093774e+03   4.60000000e+01   0.00000000e+00
    1.82000008e+01]
 [  6.63000011e+00   1.48000002e+00   6.10000000e+01   8.00000000e+00
    1.08948908e+01   2.05093774e+03   4.60000000e+01   0.00000000e+00
    1.82000008e+01]
 [  6.63000011e+00   1.48000002e+00   6.10000000e+01   8.00000000e+00
    1.08948908e+01   2.05093774e+03   4.60000000e+01   0.00000000e+00
    1.82000008e+01]
 [  6.63000011e+00   1.48000002e+00   6.10000000e+01   8.00000000e+00
    1.08948908e+01   2.05093774e+03   4.60000000e+01   0.00000000e+00
    1.82000008e+01]
 [  6.63000011e+00   1.48000002e+00   6.10000000e+01   8.00000000e+00
    1.08948908e+01   2.05093774e+03   4.60000000e+01   0.00000000e+00
    1.82000008e+01]
 [  9.80000019e+00   1.52106571e+00   7.26577454e+02   8.00000000e+00
    1.08948908e+01   2.05093774e+03   4.60000000e+01   0.00000000e+00
    1.82000008e+01]
 [  6.47839355e+00   1.37884235e+00   6.10000000e+01   8.00000000e+00
    8.04513836e+00   2.05093774e+03   4.60000000e+01   6.10000000e+01
    1.70599995e+01]
 [  6.63000011e+00   1.48000002e+00   6.10000000e+01   8.00000000e+00
    1.08948908e+01   2.05093774e+03   4.60000000e+01   0.00000000e+00
    1.82000008e+01]
 [  1.00000000e+01   1.28000951e+00   6.10000000e+01   8.00000000e+00
    1.08948908e+01   2.05093774e+03   4.60000000e+01   6.10000000e+01
    1.70599995e+01]
 [  6.63000011e+00   1.48000002e+00   6.10000000e+01   8.00000000e+00
    1.08948908e+01   2.05093774e+03   4.60000000e+01   0.00000000e+00
    1.82000008e+01]]
index:
[3, 9, 13, 19, 21, 23, 25, 37, 39, 45, 47, 57, 63, 65, 69, 73, 75, 77, 83, 87, 89]
fitness:
[(3.0,), (3.0,), (2.941901188909337,), (2.941901188909337,), (2.868136110750982,), (2.985548907975617,), (3.0,), (2.985548907975617,), (2.868136110750982,), (2.985548907975617,), (2.868136110750982,), (3.0,), (2.985548907975617,), (2.985548907975617,), (2.7625817984613854,), (3.0,), (3.0,), (2.985548907975617,), (3.0,), (2.7625817984613854,), (3.0,)]
mean fitness:
[2.948888940707052]
center: 
[  6.56935787e+00   1.43953693e+00   6.10000000e+01   8.00000000e+00
   2.17591095e+01   2.99933301e+03   6.72339783e+01   5.83867416e+01
   1.70599995e+01]
members:
[[  9.80000019e+00   1.22823250e+00   8.00000000e+02   8.00000000e+00
    1.08948908e+01   2.99500000e+03   7.20000000e+01   6.10000000e+01
    1.70599995e+01]
 [  9.80000019e+00   1.22823250e+00   8.00000000e+02   8.00000000e+00
    2.75699997e+01   2.99500000e+03   7.20000000e+01   6.10000000e+01
    1.70599995e+01]
 [  9.80000019e+00   1.28000951e+00   8.00000000e+02   8.00000000e+00
    2.83905506e+01   2.99500000e+03   7.20000000e+01   0.00000000e+00
    1.82000008e+01]
 [  6.47839355e+00   1.37884235e+00   6.10000000e+01   8.00000000e+00
    2.34435539e+01   2.97564917e+03   7.27232971e+01   6.10000000e+01
    1.70599995e+01]
 [  9.80000019e+00   1.22823250e+00   8.00000000e+02   8.00000000e+00
    2.75699997e+01   2.99500000e+03   7.20000000e+01   6.10000000e+01
    1.70599995e+01]
 [  9.02343082e+00   1.28000951e+00   8.00000000e+02   8.00000000e+00
    2.75699997e+01   2.99500000e+03   7.20000000e+01   6.10000000e+01
    1.70599995e+01]
 [  1.00000000e+01   1.28000951e+00   7.26577454e+02   7.91445398e+00
    2.75699997e+01   2.99500000e+03   7.20000000e+01   6.10000000e+01
    1.70599995e+01]
 [  9.80000019e+00   1.33000004e+00   8.00000000e+02   8.00000000e+00
    2.75699997e+01   2.99500000e+03   7.20000000e+01   6.10000000e+01
    1.70599995e+01]
 [  9.80000019e+00   1.22823250e+00   8.00000000e+02   8.00000000e+00
    2.75699997e+01   2.99500000e+03   7.20000000e+01   6.10000000e+01
    1.70599995e+01]
 [  9.02343082e+00   1.45017529e+00   8.00000000e+02   8.00000000e+00
    2.75699997e+01   2.99500000e+03   7.20000000e+01   6.10000000e+01
    1.70599995e+01]
 [  6.47839355e+00   1.37884235e+00   6.10000000e+01   8.00000000e+00
    2.34435539e+01   2.97564917e+03   7.27232971e+01   6.10000000e+01
    1.70599995e+01]
 [  9.80000019e+00   1.22823250e+00   8.00000000e+02   8.00000000e+00
    2.75699997e+01   2.99500000e+03   7.20000000e+01   6.10000000e+01
    1.70599995e+01]
 [  9.80000019e+00   1.33000004e+00   7.26577454e+02   7.91445398e+00
    2.75699997e+01   2.99500000e+03   7.20000000e+01   6.10000000e+01
    1.70599995e+01]
 [  6.63000011e+00   1.48000002e+00   6.10000000e+01   8.00000000e+00
    2.75699997e+01   3.35868384e+03   7.20000000e+01   6.10000000e+01
    1.70599995e+01]
 [  6.63000011e+00   1.48000002e+00   6.10000000e+01   8.00000000e+00
    2.34435539e+01   2.97564917e+03   7.27232971e+01   6.10000000e+01
    1.70599995e+01]
 [  9.80000019e+00   1.22823250e+00   8.00000000e+02   8.00000000e+00
    2.75699997e+01   2.99500000e+03   7.20000000e+01   6.10000000e+01
    1.70599995e+01]
 [  9.80000019e+00   1.22823250e+00   8.00000000e+02   8.00000000e+00
    2.75699997e+01   2.99500000e+03   7.20000000e+01   6.10000000e+01
    1.70599995e+01]
 [  9.80000019e+00   1.20657086e+00   8.00000000e+02   8.00000000e+00
    2.83905506e+01   2.99500000e+03   7.20000000e+01   0.00000000e+00
    1.82000008e+01]
 [  9.02343082e+00   1.28000951e+00   8.00000000e+02   8.00000000e+00
    2.75699997e+01   2.99500000e+03   7.20000000e+01   6.10000000e+01
    1.70599995e+01]
 [  6.63000011e+00   1.48000002e+00   6.10000000e+01   8.00000000e+00
    1.08948908e+01   2.71103394e+03   4.60000000e+01   4.79337120e+01
    1.70599995e+01]
 [  6.63000011e+00   1.48000002e+00   7.26577454e+02   7.91445398e+00
    2.75699997e+01   2.99500000e+03   7.20000000e+01   6.10000000e+01
    1.70599995e+01]]
