Gen : 0
0 : (23, 17, 0.0529, 360.8464, 2.875)
1 : (17, 23, 0.0, 400.5257, 2.0)
2 : (17, 23, 0.0328, 266.5534, 1.4)
3 : (23, 17, 0.0, 472.0578, 2.0909)
4 : (18, 22, 0.1577, 238.4263, 2.0)
5 : (22, 18, 0.0, 365.0645, 2.25)
6 : (23, 18, 0.0314, 351.9844, 1.7692)
7 : (17, 24, 0.0, 384.2743, 1.3333)
8 : (18, 22, 0.031, 319.7845, 1.6364)
9 : (22, 18, 0.0058, 481.805, 1.8182)
10 : (17, 23, 0.0422, 351.0343, 1.4167)
11 : (23, 17, 0.0, 216.3264, 1.5455)
12 : (25, 15, 0.0347, 217.0905, 2.2)
13 : (15, 25, 0.0, 432.2437, 1.5)
14 : (30, 12, 0.1612, 370.258, 2.5)
15 : (10, 30, 0.0, 529.0865, 1.0)
16 : (26, 14, 0.1271, 390.3604, 2.4)
17 : (14, 26, 0.0, 534.0844, 1.4)
18 : (18, 11, 0.0436, 324.2964, 2.4286)
19 : (9, 18, 0.0, 479.0449, 1.5)
20 : (26, 14, 0.023, 341.9077, 2.3636)
21 : (14, 26, 0.0, 320.8555, 1.1818)
22 : (22, 10, 0.2287, 572.7463, 3.5)
23 : (10, 22, 0.0, 383.924, 1.6667)
24 : (18, 22, 0.018, 433.2236, 2.4286)
25 : (22, 18, 0.0, 303.8997, 2.75)
26 : (20, 20, 0.0287, 312.6765, 2.0)
27 : (20, 20, 0.0, 424.2143, 2.2222)
28 : (31, 11, 0.0699, 273.7085, 3.2222)
29 : (9, 31, 0.0, 282.4434, 1.0)
30 : (24, 16, 0.1001, 552.4911, 2.3333)
31 : (16, 24, 0.0, 420.4998, 1.7778)
32 : (12, 16, 0.1075, 210.3755, 1.25)
33 : (16, 12, 0.0079, 491.9016, 1.7778)
34 : (23, 17, 0.0713, 539.1057, 2.75)
35 : (17, 23, 0.0, 434.7248, 2.125)
36 : (23, 17, 0.0408, 423.461, 2.3)
37 : (17, 23, 0.0, 396.8088, 1.6)
38 : (22, 18, 0.1545, 470.4744, 1.75)
39 : (18, 22, 0.0, 530.1252, 1.5)
40 : (24, 16, 0.0152, 258.0904, 2.875)
41 : (16, 24, 0.0, 434.4877, 2.0)
42 : (24, 16, 0.0, 307.5825, 2.2)
43 : (16, 24, 0.0, 480.0001, 1.6)
44 : (21, 20, 0.1605, 423.1122, 2.3333)
45 : (19, 21, 0.0, 326.2881, 2.0)
46 : (27, 13, 0.1516, 389.8402, 3.25)
47 : (13, 27, 0.0, 263.9509, 1.4444)
48 : (17, 23, 0.1031, 279.768, 1.4167)
49 : (23, 17, 0.0, 447.12, 1.9091)
50 : (16, 5, 0.0781, 280.1256, 3.5)
51 : (5, 16, 0.0, 533.0182, 1.25)
52 : (19, 21, 0.1287, 398.6318, 1.1875)
53 : (21, 19, 0.0, 448.0434, 1.2667)
54 : (27, 13, 0.1498, 308.9072, 2.4545)
55 : (13, 28, 0.0, 456.4087, 1.0909)
56 : (26, 14, 0.0595, 364.8178, 2.3)
57 : (14, 26, 0.0, 373.0133, 1.2727)
58 : (16, 24, 0.074, 376.5714, 1.6667)
59 : (24, 16, 0.0, 379.171, 2.6667)
60 : (17, 24, 0.45, 324.8073, 1.5455)
61 : (23, 17, 0.0, 413.701, 1.9091)
62 : (24, 16, 0.0223, 306.5198, 3.0)
63 : (16, 24, 0.0081, 618.8846, 1.8571)
64 : (17, 23, 0.0757, 359.3871, 1.4167)
65 : (23, 17, 0.0, 256.3113, 1.7273)
66 : (3, 2, 0.2509, 706.4647, 2.0)
67 : (2, 3, 0.0, 125.3412, 1.0)
68 : (21, 19, 0.068, 271.7227, 2.3333)
69 : (19, 21, 0.0, 311.8762, 1.6667)
70 : (23, 17, 0.1291, 334.3677, 2.0909)
71 : (17, 23, 0.0079, 525.1697, 1.4)
72 : (21, 19, 0.1166, 388.3136, 1.75)
73 : (19, 21, 0.0, 415.0984, 1.5455)
74 : (28, 12, 0.0316, 468.255, 2.5)
75 : (12, 28, 0.0, 276.1584, 1.2)
76 : (23, 17, 0.0512, 504.6842, 2.0)
77 : (17, 23, 0.0, 284.8467, 1.5455)
78 : (17, 23, 0.0488, 441.8778, 1.6667)
79 : (23, 17, 0.0, 464.3946, 2.3)
80 : (26, 14, 0.0107, 299.1491, 3.7143)
81 : (14, 26, 0.0, 479.1929, 1.8571)
82 : (17, 4, 0.1332, 448.6107, 8.5)
83 : (4, 17, 0.0, 368.009, 1.0)
84 : (20, 20, 0.1492, 324.1691, 1.3)
85 : (20, 21, 0.0115, 478.1609, 2.0)
86 : (33, 7, 0.0815, 396.8431, 6.6)
87 : (7, 33, 0.0, 259.7218, 1.5)
88 : (30, 10, 0.0545, 364.0121, 5.5)
89 : (10, 31, 0.0, 257.0905, 2.0)
90 : (25, 15, 0.2361, 440.9807, 2.5)
91 : (15, 25, 0.0, 256.0199, 1.3)
92 : (24, 16, 0.124, 429.2198, 2.1818)
93 : (16, 24, 0.0, 277.2755, 1.5)
94 : (15, 25, 0.2276, 429.001, 1.5)
95 : (25, 15, 0.0, 252.853, 3.125)
96 : (31, 9, 0.067, 404.941, 2.8889)
97 : (9, 31, 0.0, 547.5709, 1.0)
98 : (8, 5, 0.0326, 322.1577, 2.0)
99 : (5, 8, 0.0279, 650.0981, 1.3333)
100 : (21, 19, 0.0366, 287.7856, 2.625)
101 : (19, 21, 0.0, 468.3813, 2.4286)
102 : (23, 17, 0.0321, 724.3051, 2.875)
103 : (17, 23, 0.0, 307.6933, 1.875)
104 : (28, 12, 0.0577, 467.6488, 2.7778)
105 : (12, 28, 0.0, 328.5879, 1.3333)
106 : (6, 34, 0.0113, 330.1776, 1.2)
107 : (34, 6, 0.0, 375.8044, 6.2)
108 : (1, 0, 0.0, 299.7668, 0.0)
109 : (0, 1, 0.0, 579.5636, 0.0)
110 : (19, 21, 0.2052, 329.0213, 1.4615)
111 : (21, 19, 0.0, 443.1178, 1.5385)
112 : (5, 14, 0.0827, 195.6119, 1.3333)
113 : (14, 5, 0.0, 674.734, 3.5)
114 : (25, 15, 0.0286, 350.0394, 2.2727)
115 : (15, 25, 0.0168, 724.4885, 1.4)
116 : (22, 18, 0.0477, 366.0326, 2.75)
117 : (18, 22, 0.0, 480.2258, 2.125)
118 : (26, 14, 0.0587, 529.1548, 2.8889)
119 : (14, 26, 0.0, 285.135, 1.2222)
120 : (21, 20, 0.0587, 349.6401, 1.3636)
121 : (19, 21, 0.0067, 507.6644, 1.9)
122 : (22, 18, 0.0, 282.6606, 1.8333)
123 : (18, 22, 0.0219, 587.5333, 1.5455)
124 : (23, 18, 0.1767, 495.1765, 2.875)
125 : (17, 23, 0.0, 214.3395, 1.875)
126 : (19, 21, 0.1368, 103.2771, 2.25)
127 : (21, 19, 0.0, 290.8287, 2.3333)
128 : (24, 16, 0.1745, 437.0182, 1.7692)
129 : (16, 24, 0.0, 358.2215, 1.2308)
130 : (28, 12, 0.0397, 341.0176, 3.0)
131 : (12, 28, 0.0, 559.3568, 1.2)
132 : (21, 19, 0.0762, 389.6022, 1.8182)
133 : (19, 21, 0.0, 426.8405, 1.5833)
134 : (25, 15, 0.1835, 266.2884, 2.2727)
135 : (15, 26, 0.0, 494.3809, 1.4)
136 : (14, 11, 0.0068, 669.8171, 1.4)
137 : (11, 14, 0.0, 353.3755, 1.8333)
138 : (26, 14, 0.08, 417.2731, 2.7778)
139 : (14, 26, 0.0, 359.5222, 1.4)
140 : (18, 22, 0.1015, 562.7454, 1.5)
141 : (22, 18, 0.0054, 548.1191, 1.6364)
142 : (27, 13, 0.0771, 389.4981, 1.9)
143 : (13, 27, 0.0, 420.2694, 1.1818)
144 : (16, 25, 0.0783, 128.668, 1.7778)
145 : (24, 16, 0.0, 290.826, 2.7143)
146 : (21, 19, 0.1983, 488.8374, 1.5)
147 : (19, 21, 0.0, 365.6345, 1.4615)
148 : (20, 14, 0.203, 287.6787, 1.875)
149 : (14, 20, 0.0, 337.1473, 1.75)
150 : (21, 19, 0.1218, 328.6504, 2.25)
151 : (19, 21, 0.0, 368.6288, 2.1111)
152 : (13, 27, 0.1881, 418.7184, 1.375)
153 : (27, 13, 0.0, 463.9419, 3.0)
154 : (19, 21, 0.065, 324.6534, 2.1111)
155 : (21, 19, 0.0, 400.663, 2.375)
156 : (7, 21, 0.0339, 356.4091, 1.3333)
157 : (21, 7, 0.0, 282.5514, 5.25)
158 : (23, 17, 0.2119, 436.2725, 2.0)
159 : (17, 24, 0.0, 255.9006, 1.5455)
160 : (30, 10, 0.1404, 409.9084, 3.8333)
161 : (10, 30, 0.0, 280.2022, 1.6667)
162 : (15, 25, 0.0282, 307.5154, 1.6667)
163 : (25, 15, 0.0, 421.1555, 2.2222)
164 : (30, 10, 0.0586, 453.6503, 3.0)
165 : (10, 30, 0.0117, 488.075, 1.1111)
166 : (14, 26, 0.1231, 641.8541, 1.4444)
167 : (26, 14, 0.0, 400.4714, 2.6)
168 : (17, 23, 0.0436, 342.1231, 1.8889)
169 : (23, 17, 0.0, 482.9606, 2.0)
170 : (26, 14, 0.0508, 559.4724, 2.4444)
171 : (14, 26, 0.0, 162.8024, 1.4)
172 : (21, 19, 0.1974, 248.7255, 1.7)
173 : (19, 21, 0.0, 562.598, 1.7273)
174 : (24, 16, 0.1575, 475.9502, 2.1818)
175 : (16, 24, 0.0, 217.3379, 1.5)
176 : (16, 24, 0.137, 561.9594, 1.625)
177 : (24, 16, 0.0, 478.6089, 2.6667)
178 : (16, 24, 0.1506, 352.0164, 1.5)
179 : (24, 16, 0.0, 319.0984, 2.1818)
180 : (17, 23, 0.6902, 187.478, 1.7)
181 : (23, 17, 0.0, 321.7583, 2.2)
182 : (27, 14, 0.1423, 383.8683, 2.7)
183 : (13, 27, 0.0, 381.5938, 1.3333)
184 : (27, 13, 0.1912, 490.8815, 3.25)
185 : (13, 27, 0.0, 289.7508, 1.625)
186 : (21, 19, 0.0901, 314.2696, 1.7)
187 : (19, 21, 0.0, 353.5085, 1.7273)
188 : (15, 25, 0.0693, 189.4192, 1.5)
189 : (25, 15, 0.0, 324.744, 2.3)
190 : (27, 13, 0.2118, 432.5726, 2.875)
191 : (13, 27, 0.0, 329.0027, 1.4444)
192 : (15, 25, 0.2033, 541.08, 1.875)
193 : (25, 15, 0.0, 465.0682, 2.5)
194 : (7, 8, 0.1194, 612.7024, 1.75)
195 : (6, 7, 0.0, 293.3712, 1.3333)
196 : (15, 25, 0.0756, 515.5095, 2.1667)
197 : (25, 15, 0.0054, 338.6963, 3.5714)
198 : (22, 18, 0.043, 442.1767, 2.2)
199 : (18, 22, 0.0, 369.2434, 1.7778)
200 : (12, 28, 0.0027, 440.0957, 1.2)
201 : (28, 12, 0.0244, 557.8127, 1.8)
202 : (19, 21, 0.0, 387.541, 1.6364)
203 : (21, 19, 0.0, 332.9956, 1.75)
204 : (20, 20, 0.0, 469.9085, 1.6364)
205 : (20, 20, 0.0, 337.4478, 1.6667)
206 : (23, 17, 0.0, 437.5555, 3.8333)
207 : (17, 23, 0.0, 508.7036, 2.3333)
208 : (15, 25, 0.0, 343.3254, 1.5556)
209 : (25, 15, 0.0244, 451.1205, 2.7778)
210 : (20, 20, 0.0014, 408.0223, 1.9)
211 : (20, 20, 0.0169, 444.3686, 1.8182)
212 : (19, 21, 0.0, 468.7036, 1.7273)
213 : (21, 19, 0.02, 527.8854, 2.0)
214 : (16, 26, 0.0, 286.7619, 1.6667)
215 : (24, 16, 0.0244, 463.0643, 2.4)
216 : (22, 18, 0.0, 496.4149, 2.0)
217 : (18, 22, 0.0, 317.9593, 1.8)
218 : (7, 33, 0.0, 376.606, 1.2)
219 : (33, 7, 0.0, 403.8335, 6.6)
220 : (25, 15, 0.0, 491.3427, 2.0833)
221 : (15, 25, 0.0, 342.1612, 1.2727)
222 : (19, 22, 0.0, 407.9437, 1.5)
223 : (21, 19, 0.0, 333.9338, 1.6154)
224 : (27, 13, 0.0, 414.3512, 2.5)
225 : (13, 27, 0.0, 318.7793, 1.3)
226 : (22, 18, 0.0, 426.4676, 1.8333)
227 : (18, 22, 0.0, 413.837, 1.4167)
228 : (12, 28, 0.0, 398.5139, 1.375)
229 : (28, 12, 0.0, 408.2311, 3.5)
230 : (27, 13, 0.0, 488.437, 1.9091)
231 : (13, 27, 0.0, 480.8122, 1.0833)
232 : (23, 18, 0.0, 363.3059, 2.3)
233 : (17, 23, 0.0, 350.9661, 1.7778)
234 : (21, 19, 0.0, 325.9892, 1.9091)
235 : (19, 21, 0.0267, 487.9626, 1.6364)
236 : (26, 14, 0.0, 382.8638, 2.0)
237 : (14, 26, 0.0, 288.1032, 1.0833)
238 : (12, 28, 0.0045, 379.2397, 1.1)
239 : (28, 12, 0.0, 332.4344, 2.5455)
240 : (12, 29, 0.0, 419.6912, 1.5)
241 : (28, 12, 0.0, 457.5771, 3.1429)
242 : (14, 26, 0.0, 380.6508, 1.3333)
243 : (26, 14, 0.0, 459.5569, 2.6)
244 : (23, 17, 0.0025, 350.6767, 2.2)
245 : (17, 23, 0.0211, 468.4121, 1.5455)
246 : (20, 20, 0.0, 422.6596, 1.7273)
247 : (20, 21, 0.0, 367.3641, 1.8182)
248 : (19, 22, 0.0, 333.1904, 1.6364)
249 : (21, 19, 0.0, 252.3281, 1.9091)
250 : (15, 26, 0.0, 409.3535, 1.6667)
251 : (25, 15, 0.0101, 464.454, 2.75)
252 : (24, 16, 0.0, 374.2726, 3.0)
253 : (16, 24, 0.0, 472.6154, 2.0)
254 : (19, 23, 0.0, 339.5518, 1.7273)
255 : (21, 19, 0.0, 397.1959, 2.1111)
256 : (20, 20, 0.0, 288.0837, 1.7273)
257 : (20, 20, 0.0126, 510.8865, 1.8182)
258 : (12, 18, 0.0, 384.3289, 1.3333)
259 : (18, 12, 0.0, 403.4414, 2.0)
260 : (22, 18, 0.0022, 456.4832, 2.0)
261 : (18, 22, 0.0066, 438.4216, 1.5)
262 : (21, 16, 0.0, 360.3665, 2.2222)
263 : (16, 21, 0.0, 367.4716, 1.7778)
264 : (17, 23, 0.0, 437.5603, 1.8889)
265 : (23, 17, 0.0548, 627.6589, 2.125)
266 : (12, 29, 0.0018, 309.571, 1.2)
267 : (28, 12, 0.0, 402.0905, 3.0)
268 : (9, 31, 0.0, 424.8059, 1.3333)
269 : (31, 9, 0.0172, 543.9865, 4.4286)
270 : (21, 19, 0.0107, 340.1282, 2.1)
271 : (19, 21, 0.0, 410.2918, 2.0)
272 : (21, 19, 0.0, 415.5999, 2.625)
273 : (19, 21, 0.0, 422.1259, 2.2857)
274 : (17, 23, 0.0, 418.7481, 1.7)
275 : (23, 17, 0.098, 673.2813, 2.1)
276 : (15, 25, 0.0, 410.411, 1.3636)
277 : (25, 15, 0.0119, 431.2033, 2.4)
278 : (11, 30, 0.0, 468.4982, 1.2222)
279 : (29, 11, 0.0084, 401.8913, 2.7778)
280 : (18, 22, 0.0, 470.9741, 1.3333)
281 : (22, 18, 0.0, 356.7313, 2.4444)
282 : (22, 18, 0.0, 425.6382, 1.5833)
283 : (18, 22, 0.0, 288.9874, 1.5)
284 : (18, 22, 0.0017, 405.2085, 1.8)
285 : (22, 18, 0.0, 472.5106, 1.9)
286 : (22, 18, 0.0, 379.51, 2.0)
287 : (18, 22, 0.0, 414.7193, 1.5455)
288 : (12, 28, 0.0, 400.1009, 1.5714)
289 : (28, 12, 0.0445, 606.9904, 3.5)
290 : (15, 25, 0.0017, 333.0139, 1.875)
291 : (25, 15, 0.0, 445.349, 2.75)
292 : (19, 21, 0.0, 368.0715, 1.5455)
293 : (21, 19, 0.0, 353.553, 1.9091)
294 : (9, 31, 0.0, 336.2347, 1.125)
295 : (31, 9, 0.0, 442.9484, 3.625)
296 : (17, 23, 0.0, 317.5933, 1.7778)
297 : (23, 17, 0.0, 327.9756, 2.5556)
298 : (23, 18, 0.0014, 408.89, 2.0)
299 : (17, 23, 0.0, 473.3839, 1.4167)
300 : (11, 29, 0.0, 373.7708, 1.25)
301 : (29, 11, 0.0043, 434.0337, 3.2222)
302 : (19, 21, 0.0, 414.2456, 1.9)
303 : (21, 19, 0.0, 426.9917, 1.7778)
304 : (24, 16, 0.0, 389.7585, 2.6667)
305 : (16, 24, 0.0, 337.3001, 1.6667)
306 : (11, 29, 0.0, 321.7278, 1.1)
307 : (29, 11, 0.0238, 484.2185, 2.6)
308 : (8, 32, 0.0, 340.502, 1.1429)
309 : (32, 8, 0.0, 353.1614, 4.2857)
310 : (12, 28, 0.0017, 468.0861, 1.2222)
311 : (28, 12, 0.0, 344.5682, 3.1111)
312 : (23, 17, 0.0, 540.0543, 2.3)
313 : (17, 23, 0.0, 448.5801, 1.6)
314 : (14, 23, 0.0, 487.0059, 1.7143)
315 : (23, 14, 0.0051, 414.5362, 2.875)
316 : (21, 19, 0.0, 374.4314, 1.75)
317 : (19, 21, 0.0, 273.3102, 1.5455)
318 : (15, 25, 0.0, 357.2486, 1.6667)
319 : (25, 15, 0.0109, 458.9356, 2.75)
320 : (20, 20, 0.0, 401.8672, 2.5)
321 : (20, 20, 0.014, 342.4374, 2.4286)
322 : (19, 21, 0.0, 290.202, 1.8)
323 : (21, 19, 0.0, 369.1367, 2.1)
324 : (28, 13, 0.0, 362.3491, 2.4)
325 : (12, 28, 0.0, 345.3241, 1.2)
326 : (24, 16, 0.0, 431.5043, 2.1818)
327 : (16, 24, 0.0, 400.2653, 1.4)
328 : (18, 22, 0.0, 337.2277, 1.8)
329 : (22, 20, 0.0348, 428.1332, 1.9091)
330 : (17, 23, 0.0, 264.6072, 1.8889)
331 : (23, 17, 0.006, 441.8321, 2.3333)
332 : (16, 17, 0.0, 360.2192, 2.6667)
333 : (17, 16, 0.049, 521.1921, 1.5)
334 : (8, 32, 0.0, 377.5953, 1.1429)
335 : (32, 8, 0.004, 501.7097, 4.1429)
336 : (21, 19, 0.0, 391.0485, 2.3333)
337 : (19, 22, 0.0, 305.9274, 2.125)
338 : (18, 22, 0.0, 308.3068, 1.7)
339 : (22, 18, 0.0129, 371.825, 2.0)
340 : (20, 21, 0.0, 353.3917, 1.8182)
341 : (20, 20, 0.0419, 647.4806, 1.9)
342 : (28, 12, 0.0, 464.8636, 3.1111)
343 : (12, 28, 0.0, 386.141, 1.25)
344 : (10, 30, 0.0, 329.9672, 1.25)
345 : (30, 10, 0.0043, 366.0502, 3.625)
346 : (12, 29, 0.0, 364.704, 1.3333)
347 : (28, 12, 0.0, 342.4303, 2.8889)
348 : (20, 20, 0.0, 361.7659, 1.9)
349 : (20, 20, 0.0143, 516.2286, 2.0)
350 : (8, 32, 0.0025, 377.7089, 1.3333)
351 : (32, 8, 0.0039, 481.5591, 4.6667)
352 : (12, 28, 0.0, 320.0648, 1.3333)
353 : (28, 12, 0.0, 371.8171, 3.0)
354 : (21, 19, 0.0, 428.0938, 1.8182)
355 : (19, 21, 0.05, 664.0423, 1.7273)
356 : (32, 8, 0.0, 358.4687, 4.0)
357 : (8, 32, 0.0, 307.8849, 1.0)
358 : (23, 17, 0.0072, 389.4895, 2.4444)
359 : (17, 23, 0.0081, 615.4088, 1.7)
360 : (18, 22, 0.0, 357.8686, 1.8)
361 : (22, 18, 0.0, 424.4582, 1.9)
362 : (24, 16, 0.0, 340.5934, 3.0)
363 : (16, 24, 0.0, 467.8825, 1.875)
364 : (19, 21, 0.0026, 430.0115, 1.9)
365 : (21, 19, 0.0, 480.1955, 2.0)
366 : (10, 30, 0.0, 410.7889, 1.4286)
367 : (30, 10, 0.009, 563.1186, 4.1429)
368 : (18, 22, 0.0, 326.495, 1.8)
369 : (22, 18, 0.0, 454.7034, 2.1)
370 : (13, 27, 0.0, 375.3685, 1.3)
371 : (27, 13, 0.0, 397.9267, 2.6667)
372 : (2, 38, 0.0026, 339.5211, 1.0)
373 : (38, 2, 0.0, 522.4144, 15.0)
374 : (18, 22, 0.0, 474.7216, 2.5714)
375 : (22, 18, 0.0133, 460.2512, 2.5714)
376 : (18, 18, 0.0, 481.6089, 1.5455)
377 : (17, 18, 0.0244, 481.5315, 1.4167)
378 : (18, 22, 0.0, 471.2803, 2.0)
379 : (22, 18, 0.0, 415.3355, 2.3333)
380 : (16, 24, 0.0, 363.5439, 1.3636)
381 : (24, 16, 0.0, 361.4713, 2.1818)
382 : (11, 29, 0.0046, 408.9622, 1.1111)
383 : (29, 11, 0.0, 353.8641, 2.9)
384 : (10, 30, 0.0, 386.9551, 1.3333)
385 : (30, 10, 0.0044, 416.6036, 4.2857)
386 : (19, 21, 0.0, 347.3852, 2.375)
387 : (21, 19, 0.0, 415.7237, 2.8571)
388 : (18, 22, 0.0, 479.7905, 1.2308)
389 : (22, 19, 0.0, 409.365, 1.6923)
390 : (23, 17, 0.0, 389.1464, 2.2)
391 : (17, 23, 0.0, 406.7007, 1.5455)
392 : (20, 20, 0.0, 506.8257, 2.0)
393 : (20, 20, 0.0, 510.6505, 1.7)
394 : (22, 20, 0.0, 432.2415, 1.5714)
395 : (18, 22, 0.0, 222.981, 1.2308)
396 : (19, 21, 0.0061, 336.8763, 1.9)
397 : (21, 19, 0.0, 413.5818, 2.2222)
398 : (19, 21, 0.0, 416.7885, 2.375)
399 : (21, 19, 0.0, 319.4088, 2.25)
400 : (23, 17, 0.0, 246.8957, 2.0)
401 : (17, 23, 0.0, 346.8909, 2.125)
402 : (11, 29, 0.0, 224.2654, 1.2857)
403 : (29, 11, 0.0, 584.5967, 3.625)
404 : (17, 23, 0.0, 298.7047, 1.7)
405 : (23, 17, 0.0122, 425.3779, 2.1)
406 : (23, 17, 0.0, 265.5902, 1.75)
407 : (17, 23, 0.0, 521.6444, 1.4167)
408 : (16, 24, 0.0, 256.8382, 1.3333)
409 : (24, 16, 0.0, 558.4436, 1.75)
410 : (4, 36, 0.0, 267.2288, 1.0)
411 : (36, 4, 0.0, 534.506, 7.75)
412 : (17, 23, 0.0, 280.0513, 1.4545)
413 : (23, 19, 0.0061, 479.2832, 1.7692)
414 : (15, 25, 0.0, 218.0056, 1.5556)
415 : (25, 15, 0.0, 494.8536, 2.5)
416 : (20, 20, 0.0, 320.019, 2.375)
417 : (20, 20, 0.0061, 606.9788, 2.5)
418 : (22, 18, 0.0, 357.2858, 2.0)
419 : (18, 22, 0.0, 436.6927, 2.5714)
420 : (17, 23, 0.0, 273.0948, 2.125)
421 : (23, 17, 0.0, 454.4269, 2.7143)
422 : (14, 26, 0.0, 224.6859, 1.2727)
423 : (26, 14, 0.0, 457.2128, 2.0)
424 : (16, 24, 0.0, 209.0455, 2.5)
425 : (24, 16, 0.0056, 539.6116, 3.4286)
426 : (20, 20, 0.0, 250.4221, 1.9)
427 : (20, 20, 0.0051, 431.4001, 1.8182)
428 : (13, 27, 0.0, 205.7418, 1.2)
429 : (27, 13, 0.0, 383.0107, 2.4545)
430 : (19, 21, 0.0, 308.7729, 1.6364)
431 : (21, 19, 0.0, 287.2198, 1.75)
432 : (13, 27, 0.0, 273.3509, 1.1111)
433 : (27, 13, 0.0, 546.7305, 2.7)
434 : (19, 21, 0.0, 184.185, 1.9)
435 : (21, 19, 0.0, 498.3291, 1.9)
436 : (15, 25, 0.0, 323.7889, 1.3636)
437 : (25, 15, 0.0, 502.7433, 2.3)
438 : (23, 17, 0.0, 303.7374, 2.875)
439 : (17, 23, 0.0, 428.5825, 1.5)
440 : (14, 26, 0.0, 255.2243, 1.3)
441 : (26, 14, 0.005, 630.9236, 2.3636)
442 : (6, 34, 0.0, 307.5155, 1.2)
443 : (34, 6, 0.0084, 491.8794, 5.2)
444 : (20, 20, 0.0, 286.3842, 2.125)
445 : (20, 20, 0.0055, 490.5085, 2.2222)
446 : (9, 31, 0.0, 296.6154, 1.5)
447 : (31, 9, 0.0, 470.2687, 4.6667)
448 : (18, 22, 0.0, 398.8429, 1.3077)
449 : (22, 19, 0.0, 524.7958, 1.6923)
450 : (17, 23, 0.0, 242.3315, 1.8889)
451 : (23, 18, 0.0, 583.6266, 2.1111)
452 : (17, 23, 0.0, 306.4532, 1.5455)
453 : (23, 17, 0.0, 453.9854, 2.0)
454 : (8, 32, 0.0, 181.3876, 1.0)
455 : (32, 9, 0.0, 533.402, 3.875)
456 : (15, 25, 0.0068, 259.4203, 1.75)
457 : (25, 15, 0.0, 591.8848, 2.7778)
458 : (13, 27, 0.0, 367.5786, 1.3)
459 : (27, 13, 0.0096, 602.078, 2.6)
460 : (21, 19, 0.0, 369.7202, 1.8)
461 : (19, 21, 0.0, 507.1928, 1.9)
462 : (15, 25, 0.0, 289.1187, 1.4)
463 : (25, 15, 0.0, 604.6117, 2.2727)
464 : (18, 22, 0.0, 296.2783, 1.5)
465 : (22, 19, 0.0, 406.1177, 1.75)
466 : (5, 35, 0.0, 241.1273, 1.0)
467 : (35, 5, 0.0083, 447.1212, 7.0)
468 : (18, 22, 0.0, 216.8477, 2.0)
469 : (22, 18, 0.006, 607.9455, 2.625)
470 : (18, 22, 0.0, 335.6602, 1.8889)
471 : (22, 18, 0.0, 434.0732, 2.2)
472 : (17, 23, 0.0, 308.0028, 1.3077)
473 : (23, 17, 0.0, 346.8807, 1.8333)
474 : (16, 24, 0.0, 315.0266, 1.3333)
475 : (24, 16, 0.0, 570.8008, 2.0909)
476 : (13, 27, 0.0, 311.572, 1.4444)
477 : (27, 13, 0.0, 482.0276, 2.7778)
478 : (18, 22, 0.0, 191.3228, 2.25)
479 : (22, 18, 0.0, 452.717, 2.375)
480 : (3, 37, 0.0, 359.6685, 1.0)
481 : (37, 4, 0.0038, 554.6773, 7.25)
482 : (25, 15, 0.0, 283.7131, 2.0)
483 : (15, 26, 0.0, 282.8054, 1.1538)
484 : (13, 27, 0.0, 271.3869, 1.4444)
485 : (27, 13, 0.0148, 644.6985, 3.25)
486 : (24, 16, 0.0, 219.2375, 2.4)
487 : (16, 24, 0.0, 524.8258, 1.5556)
488 : (22, 18, 0.0, 305.5531, 2.4444)
489 : (18, 22, 0.0, 567.7374, 2.0)
490 : (11, 29, 0.0, 302.8742, 1.1)
491 : (29, 11, 0.0048, 485.2729, 2.5)
492 : (20, 20, 0.0, 318.6827, 1.8182)
493 : (20, 20, 0.0, 408.2762, 1.8)
494 : (17, 23, 0.0, 330.0345, 1.7)
495 : (23, 17, 0.0, 643.6394, 2.2)
496 : (20, 20, 0.0, 313.3763, 2.125)
497 : (20, 20, 0.0, 331.1173, 2.2222)
498 : (16, 24, 0.0, 241.461, 2.0)
499 : (24, 16, 0.0, 362.0482, 2.75)
500 : (8, 32, 0.0, 346.4693, 1.3333)
501 : (32, 8, 0.0133, 707.0179, 5.8)
502 : (18, 22, 0.0, 228.3763, 2.25)
503 : (22, 18, 0.0, 360.2644, 2.625)
504 : (14, 26, 0.0, 179.5508, 1.3)
505 : (26, 14, 0.0099, 644.9894, 2.3636)
506 : (4, 15, 0.0, 222.4543, 1.0)
507 : (15, 4, 0.0, 899.9535, 3.3333)
508 : (18, 23, 0.0, 218.543, 1.6364)
509 : (22, 18, 0.0, 403.0019, 1.8182)
510 : (15, 25, 0.0, 287.0985, 1.5)
511 : (25, 16, 0.0, 476.5288, 2.4)
512 : (14, 26, 0.0, 252.8727, 2.0)
513 : (26, 14, 0.0, 353.0054, 2.7143)
514 : (18, 22, 0.0, 295.2293, 1.4167)
515 : (22, 19, 0.0, 539.2349, 1.8333)
516 : (18, 22, 0.0, 192.422, 1.3077)
517 : (22, 18, 0.0, 416.5243, 1.5714)
518 : (22, 19, 0.0, 302.4169, 2.1)
519 : (18, 22, 0.0, 509.7007, 1.8)
520 : (15, 25, 0.0, 363.8355, 1.3636)
521 : (25, 15, 0.0, 435.2896, 2.1818)
522 : (15, 25, 0.0, 200.9978, 1.4)
523 : (25, 15, 0.0, 527.4778, 2.2727)
524 : (16, 24, 0.0, 283.6237, 1.2308)
525 : (24, 16, 0.0056, 550.5774, 1.7692)
526 : (15, 25, 0.0, 301.7241, 1.3636)
527 : (25, 15, 0.0, 570.7381, 2.4)
528 : (18, 22, 0.0, 343.4648, 2.125)
529 : (22, 19, 0.0111, 455.9892, 2.4444)
530 : (11, 29, 0.0, 248.8236, 1.375)
531 : (29, 11, 0.0, 594.9675, 3.375)
532 : (11, 29, 0.0, 285.7162, 1.2222)
533 : (29, 11, 0.0, 525.0701, 3.1111)
534 : (26, 14, 0.0, 320.7818, 2.6)
535 : (14, 26, 0.0, 420.0959, 1.2)
536 : (11, 29, 0.0, 245.8874, 1.25)
537 : (29, 11, 0.0, 484.9536, 3.2222)
538 : (10, 30, 0.0, 239.1531, 1.1111)
539 : (30, 10, 0.0051, 372.4418, 2.875)
540 : (20, 20, 0.0, 276.4573, 2.125)
541 : (20, 20, 0.021, 631.1409, 2.2222)
542 : (20, 20, 0.0, 200.004, 1.3571)
543 : (20, 20, 0.0, 471.8858, 1.4286)
544 : (11, 17, 0.0, 383.8659, 1.375)
545 : (17, 11, 0.0067, 648.7383, 2.2857)
546 : (19, 22, 0.0, 256.6633, 1.8889)
547 : (21, 19, 0.0, 406.1286, 2.3333)
548 : (13, 20, 0.0, 394.3473, 1.8571)
549 : (20, 13, 0.0052, 669.996, 2.8333)
550 : (21, 20, 0.0, 236.6272, 1.75)
551 : (19, 21, 0.0, 464.198, 1.4545)
552 : (17, 23, 0.0, 256.8069, 1.6667)
553 : (23, 17, 0.0, 418.9687, 2.3)
554 : (18, 20, 0.0, 306.8518, 2.0)
555 : (20, 18, 0.0, 862.4172, 2.375)
556 : (16, 24, 0.0, 329.9197, 1.6667)
557 : (24, 16, 0.0, 526.5226, 2.4)
558 : (17, 23, 0.0, 286.404, 1.4167)
559 : (23, 17, 0.0108, 561.1461, 1.6667)
560 : (25, 15, 0.0, 337.2281, 2.0833)
561 : (15, 25, 0.0, 471.1194, 1.1818)
562 : (14, 26, 0.0, 323.617, 1.1667)
563 : (26, 14, 0.0, 597.7596, 1.9167)
564 : (21, 19, 0.0, 301.091, 2.1)
565 : (19, 21, 0.0, 497.9247, 1.7)
566 : (13, 27, 0.0, 268.6187, 1.4444)
567 : (27, 13, 0.0, 500.4974, 3.25)
568 : (21, 19, 0.0, 293.3503, 1.8182)
569 : (19, 21, 0.0, 468.9644, 1.5833)
570 : (9, 31, 0.0, 158.131, 1.0)
571 : (31, 9, 0.0, 490.8073, 3.375)
572 : (14, 26, 0.0, 326.9951, 1.5556)
573 : (26, 14, 0.0, 542.3309, 3.0)
574 : (14, 26, 0.0, 164.5344, 1.2727)
575 : (26, 14, 0.0, 444.5536, 2.2)
576 : (12, 28, 0.0, 239.1805, 1.2)
577 : (28, 12, 0.0, 407.066, 3.0)
578 : (11, 29, 0.0, 255.7111, 1.5714)
579 : (29, 11, 0.0, 464.8162, 3.5714)
580 : (17, 23, 0.0, 402.7975, 1.4167)
581 : (23, 17, 0.0, 401.6321, 1.8333)
582 : (20, 21, 0.0, 198.6531, 1.5833)
583 : (20, 20, 0.0067, 458.4014, 1.6667)
584 : (11, 29, 0.0, 251.7444, 1.375)
585 : (29, 11, 0.0, 370.1646, 3.375)
586 : (17, 23, 0.0, 262.947, 1.3077)
587 : (23, 17, 0.0053, 481.8344, 1.6923)
588 : (11, 29, 0.0, 203.9054, 1.5714)
589 : (29, 11, 0.0, 442.6904, 3.8571)
590 : (23, 17, 0.0, 266.9171, 2.3)
591 : (17, 23, 0.0, 469.9889, 1.6)
592 : (15, 12, 0.0, 293.779, 1.875)
593 : (12, 15, 0.0, 592.3826, 1.4286)
594 : (14, 26, 0.0, 237.9067, 1.0769)
595 : (26, 14, 0.0, 480.9455, 1.9167)
596 : (17, 23, 0.0, 271.4031, 1.3)
597 : (23, 17, 0.0, 473.6687, 2.0909)
598 : (20, 20, 0.0, 272.9131, 2.1111)
599 : (20, 20, 0.0, 477.6687, 2.2222)
600 : (20, 23, 0.0, 353.1176, 1.3571)
601 : (20, 21, 0.0, 402.776, 1.8182)
602 : (18, 22, 0.0, 443.1963, 2.25)
603 : (22, 18, 0.0, 467.42, 2.125)
604 : (18, 22, 0.0, 573.4818, 1.6364)
605 : (22, 18, 0.0, 461.8317, 1.7273)
606 : (21, 20, 0.0, 252.0379, 1.6154)
607 : (19, 21, 0.0, 375.8342, 1.5)
608 : (16, 25, 0.0, 420.3376, 1.6667)
609 : (24, 16, 0.0, 257.4366, 2.6667)
610 : (22, 20, 0.0, 375.2524, 1.5385)
611 : (18, 22, 0.0, 412.9922, 1.5)
612 : (21, 20, 0.0, 471.6065, 2.1111)
613 : (19, 21, 0.0, 291.2076, 1.9)
614 : (14, 27, 0.0, 300.633, 1.375)
615 : (26, 14, 0.0103, 391.6839, 2.8889)
616 : (19, 22, 0.0, 342.6755, 2.25)
617 : (21, 19, 0.0055, 415.0662, 2.3333)
618 : (20, 20, 0.0, 269.4708, 1.8182)
619 : (20, 20, 0.0, 430.2981, 1.8)
620 : (23, 21, 0.015, 330.3235, 1.9167)
621 : (17, 23, 0.0, 349.8453, 1.7778)
622 : (23, 17, 0.0, 482.4524, 1.6429)
623 : (17, 23, 0.0, 284.5482, 1.2308)
624 : (16, 25, 0.0, 404.7988, 1.3333)
625 : (24, 16, 0.0056, 345.1875, 1.9091)
626 : (25, 19, 0.0073, 258.1233, 1.7857)
627 : (15, 25, 0.0, 302.8956, 1.3333)
628 : (9, 11, 0.0, 838.2316, 1.25)
629 : (11, 9, 0.0, 453.1026, 2.2)
630 : (22, 18, 0.0, 485.018, 1.6154)
631 : (18, 22, 0.0, 470.8182, 1.2857)
632 : (10, 9, 0.0, 477.2174, 2.5)
633 : (9, 10, 0.0, 309.6488, 2.6667)
634 : (21, 19, 0.0, 357.9066, 1.6154)
635 : (19, 21, 0.0, 344.3984, 1.5)
636 : (14, 7, 0.0, 586.0383, 2.75)
637 : (7, 14, 0.0, 195.828, 1.75)
638 : (13, 27, 0.0, 172.869, 1.2)
639 : (27, 13, 0.0, 463.3329, 2.7)
640 : (19, 22, 0.0, 574.4961, 1.5833)
641 : (21, 19, 0.0, 303.3808, 1.8182)
642 : (9, 31, 0.0, 497.5643, 1.125)
643 : (31, 9, 0.0044, 436.8521, 3.625)
644 : (20, 20, 0.0, 458.7933, 1.9)
645 : (20, 20, 0.0, 296.3039, 1.8182)
646 : (17, 23, 0.0, 327.9128, 1.5)
647 : (23, 17, 0.0, 259.8554, 2.0909)
648 : (18, 22, 0.0, 334.9481, 2.0)
649 : (22, 18, 0.0, 430.4893, 2.5)
650 : (27, 17, 0.019, 406.8841, 3.8571)
651 : (13, 28, 0.0, 250.8281, 1.7143)
652 : (24, 17, 0.0, 542.9215, 1.9091)
653 : (16, 24, 0.0, 252.3427, 1.6)
654 : (22, 18, 0.0, 682.9761, 2.1)
655 : (18, 22, 0.0, 353.5868, 1.6364)
656 : (20, 21, 0.0, 504.6214, 2.2222)
657 : (20, 20, 0.0, 459.4626, 2.375)
658 : (23, 17, 0.0, 509.1975, 2.1)
659 : (17, 23, 0.0, 430.5242, 1.5455)
660 : (13, 27, 0.0, 396.7743, 1.4444)
661 : (27, 13, 0.0, 302.3058, 3.25)
662 : (20, 22, 0.0, 312.5812, 1.5455)
663 : (20, 20, 0.0, 272.4994, 1.8182)
664 : (25, 15, 0.0, 511.2539, 2.1818)
665 : (15, 25, 0.0, 281.4284, 1.25)
666 : (16, 24, 0.0154, 662.0259, 1.7778)
667 : (24, 16, 0.0, 490.6823, 2.2222)
668 : (28, 12, 0.0175, 534.2197, 2.4545)
669 : (12, 28, 0.0, 414.3574, 1.0909)
670 : (11, 29, 0.0, 382.7549, 1.2222)
671 : (29, 11, 0.0, 300.0133, 2.8889)
672 : (15, 25, 0.0, 510.3868, 1.3636)
673 : (25, 15, 0.0, 315.4963, 2.4)
674 : (19, 21, 0.0, 496.0382, 1.9)
675 : (21, 19, 0.0, 377.9258, 2.2222)
676 : (22, 18, 0.0, 440.3401, 2.4444)
677 : (18, 22, 0.0, 237.1197, 2.125)
678 : (18, 22, 0.0, 446.8318, 1.5455)
679 : (22, 18, 0.0, 463.1856, 2.0)
680 : (21, 20, 0.0, 327.2412, 1.75)
681 : (19, 21, 0.0, 351.7224, 1.4167)
682 : (18, 22, 0.0, 340.4986, 1.5455)
683 : (22, 18, 0.0, 285.0577, 2.0)
684 : (21, 19, 0.0, 277.1608, 1.6667)
685 : (19, 21, 0.0, 268.533, 1.5833)
686 : (13, 29, 0.007, 508.5553, 1.1818)
687 : (27, 13, 0.0, 425.9992, 2.4)
688 : (17, 19, 0.0613, 747.0012, 1.7778)
689 : (19, 17, 0.0, 348.2766, 1.9)
690 : (13, 23, 0.0, 510.1437, 1.1818)
691 : (23, 13, 0.0, 473.3709, 2.0)
692 : (13, 27, 0.0, 503.2583, 1.1818)
693 : (27, 13, 0.0055, 476.1607, 2.2727)
694 : (16, 11, 0.0, 638.8777, 2.3333)
695 : (11, 16, 0.0, 380.8466, 1.8333)
696 : (11, 29, 0.0, 481.3617, 1.1)
697 : (29, 11, 0.0, 358.6352, 2.8)
698 : (24, 17, 0.0, 342.153, 2.1818)
699 : (16, 24, 0.0, 326.9949, 1.2727)
700 : (22, 18, 0.0, 534.9348, 2.0)
701 : (18, 22, 0.0, 491.0079, 1.3636)
702 : (24, 18, 0.0098, 562.3822, 2.3)
703 : (16, 24, 0.0, 323.1606, 2.0)
704 : (10, 7, 0.0, 602.1884, 2.25)
705 : (7, 10, 0.0, 444.9541, 1.75)
706 : (18, 20, 0.0, 637.397, 1.8889)
707 : (20, 18, 0.0, 396.1294, 2.2222)
708 : (26, 15, 0.0, 509.2006, 3.25)
709 : (14, 26, 0.0, 277.9605, 1.8571)
710 : (22, 18, 0.0, 543.2523, 2.3333)
711 : (18, 22, 0.0, 366.3377, 2.0)
712 : (13, 28, 0.0, 647.7531, 1.375)
713 : (27, 13, 0.0, 316.0501, 3.375)
714 : (13, 16, 0.0, 631.1353, 2.1667)
715 : (15, 13, 0.0, 528.8279, 2.4)
716 : (12, 31, 0.0133, 241.2746, 1.0909)
717 : (28, 13, 0.0, 420.074, 2.3636)
718 : (27, 15, 0.0, 469.0866, 2.4545)
719 : (13, 27, 0.0, 326.937, 1.5)
720 : (16, 12, 0.0, 287.3891, 2.5)
721 : (12, 16, 0.0, 410.2055, 1.7143)
722 : (17, 23, 0.0, 354.1725, 2.125)
723 : (23, 17, 0.0, 348.2589, 2.625)
724 : (16, 24, 0.0, 330.7834, 1.8571)
725 : (24, 16, 0.0, 323.2991, 3.0)
726 : (15, 26, 0.0, 429.5754, 1.5)
727 : (25, 15, 0.0, 453.6317, 2.2222)
728 : (29, 11, 0.0, 498.6965, 3.0)
729 : (11, 29, 0.0, 178.941, 1.2222)
730 : (24, 18, 0.0, 500.0442, 2.0)
731 : (16, 24, 0.0, 374.5168, 1.6)
732 : (25, 16, 0.0, 475.0222, 2.4)
733 : (15, 25, 0.0, 390.6539, 1.3636)
734 : (23, 17, 0.0, 438.3593, 2.0909)
735 : (17, 23, 0.0, 297.1501, 1.4545)
736 : (25, 15, 0.0054, 555.0872, 2.7778)
737 : (15, 25, 0.0, 366.3882, 1.5556)
738 : (19, 22, 0.0, 372.682, 2.1111)
739 : (21, 20, 0.0, 321.5905, 2.1111)
740 : (21, 19, 0.0, 447.154, 2.375)
741 : (19, 21, 0.0, 398.0997, 2.1111)
742 : (19, 23, 0.0105, 174.1746, 1.5)
743 : (21, 19, 0.0, 246.2776, 1.9091)
744 : (13, 27, 0.0, 382.1949, 1.3)
745 : (27, 13, 0.0, 416.7914, 2.5)
746 : (21, 8, 0.0, 277.5506, 2.8571)
747 : (8, 21, 0.0, 350.5898, 1.1429)
748 : (1, 4, 0.0, 387.6932, 1.0)
749 : (4, 1, 0.0, 278.7636, 0.0)
750 : (23, 17, 0.0122, 555.4147, 1.6364)
751 : (17, 23, 0.0, 391.9681, 1.5455)
752 : (16, 26, 0.0, 370.2273, 1.75)
753 : (24, 16, 0.0, 448.4997, 3.0)
754 : (15, 25, 0.0, 382.149, 1.6667)
755 : (25, 15, 0.0, 342.0712, 2.875)
756 : (21, 20, 0.0, 300.3485, 1.8)
757 : (19, 21, 0.0, 324.8244, 1.9)
758 : (29, 12, 0.0, 344.7635, 3.1111)
759 : (11, 29, 0.0, 465.1675, 1.2222)
760 : (27, 13, 0.0103, 433.0198, 3.5714)
761 : (13, 27, 0.0, 260.5951, 1.625)
762 : (25, 13, 0.0, 557.2661, 2.0)
763 : (13, 25, 0.0075, 293.8099, 1.4444)
764 : (27, 13, 0.0, 415.0454, 2.7)
765 : (13, 27, 0.0, 540.5137, 1.2)
766 : (3, 37, 0.0, 321.41, 1.5)
767 : (37, 3, 0.0, 421.4515, 9.5)
768 : (21, 20, 0.0101, 511.0372, 1.5)
769 : (19, 21, 0.0, 194.2853, 1.7273)
770 : (18, 25, 0.0, 489.1495, 1.8)
771 : (22, 18, 0.0, 283.5524, 2.5)
772 : (18, 22, 0.0, 472.5431, 2.25)
773 : (22, 18, 0.0101, 289.9032, 2.375)
774 : (21, 19, 0.0, 418.6642, 1.5455)
775 : (19, 21, 0.0059, 366.0573, 1.7273)
776 : (12, 28, 0.0338, 482.9307, 1.2)
777 : (28, 12, 0.0, 388.8092, 2.7778)
778 : (15, 23, 0.0, 542.1435, 1.875)
779 : (22, 15, 0.0, 451.4353, 2.375)
780 : (19, 20, 0.0, 638.9668, 1.5455)
781 : (20, 19, 0.0, 340.51, 1.8182)
782 : (21, 19, 0.0059, 471.4873, 1.9091)
783 : (19, 21, 0.006, 302.2295, 1.6364)
784 : (4, 3, 0.0, 510.5751, 1.0)
785 : (3, 4, 0.0, 329.3722, 1.5)
786 : (20, 19, 0.0, 476.6602, 1.7273)
787 : (19, 20, 0.0, 376.9844, 1.7273)
788 : (19, 21, 0.0, 673.3852, 1.4615)
789 : (21, 19, 0.0, 273.3916, 1.4615)
790 : (24, 17, 0.0, 405.0919, 2.0)
791 : (16, 24, 0.0, 363.6338, 1.3333)
792 : (20, 20, 0.0, 415.4983, 1.3333)
793 : (20, 20, 0.0, 275.3655, 2.0)
794 : (18, 22, 0.0, 450.7709, 1.4167)
795 : (22, 18, 0.0077, 474.3345, 1.8333)
796 : (22, 18, 0.0, 362.0555, 2.125)
797 : (18, 22, 0.0, 305.9617, 2.0)
798 : (7, 13, 0.0, 510.3369, 2.3333)
799 : (13, 7, 0.0, 172.0837, 3.6667)
800 : (18, 22, 0.0543, 483.2512, 1.7)
801 : (22, 18, 0.0, 111.4666, 2.0)
802 : (25, 17, 0.0, 339.5676, 2.2727)
803 : (15, 25, 0.0, 75.7165, 1.4444)
804 : (20, 21, 0.0038, 378.5479, 1.5833)
805 : (20, 20, 0.0, 83.0751, 1.6667)
806 : (18, 22, 0.0213, 576.2152, 1.6364)
807 : (22, 18, 0.0, 61.7565, 1.6364)
808 : (21, 19, 0.0539, 618.338, 2.1)
809 : (19, 21, 0.0, 67.1684, 2.0)
810 : (28, 12, 0.0121, 537.3085, 2.8)
811 : (12, 28, 0.0, 62.8949, 1.1)
812 : (17, 24, 0.0104, 398.5009, 1.7)
813 : (23, 17, 0.0, 70.5801, 2.4444)
814 : (14, 27, 0.0051, 350.3908, 1.75)
815 : (26, 15, 0.0, 79.6357, 3.0)
816 : (16, 26, 0.009, 390.0804, 1.4545)
817 : (24, 17, 0.0, 79.0757, 1.9167)
818 : (12, 21, 0.0, 327.4923, 1.5)
819 : (19, 12, 0.0, 86.3041, 2.2857)
820 : (11, 30, 0.0057, 472.1371, 1.375)
821 : (29, 11, 0.0, 72.9862, 3.375)
822 : (16, 25, 0.0049, 389.789, 2.1429)
823 : (24, 16, 0.0, 72.4434, 3.4286)
824 : (21, 20, 0.0, 424.2383, 2.0)
825 : (19, 21, 0.0, 87.3531, 1.9)
826 : (17, 23, 0.0195, 439.421, 1.8889)
827 : (23, 17, 0.0, 89.6739, 2.625)
828 : (22, 20, 0.0, 385.1204, 2.2)
829 : (18, 23, 0.0, 87.2812, 1.6667)
830 : (21, 20, 0.0, 450.0885, 2.3333)
831 : (19, 21, 0.0, 74.692, 2.0)
832 : (21, 19, 0.027, 445.4959, 1.8571)
833 : (19, 21, 0.0, 84.4043, 2.375)
834 : (16, 24, 0.0166, 586.5918, 1.6)
835 : (24, 16, 0.0, 72.9042, 2.5556)
836 : (25, 16, 0.0414, 576.0335, 2.2727)
837 : (15, 25, 0.0, 75.937, 1.0909)
838 : (19, 21, 0.0089, 511.9438, 1.7273)
839 : (21, 19, 0.0, 69.5091, 1.7)
840 : (22, 18, 0.0293, 570.0259, 1.6923)
841 : (18, 22, 0.0, 53.8859, 1.4167)
842 : (18, 22, 0.0133, 474.8193, 1.8)
843 : (22, 18, 0.0, 142.874, 1.9)
844 : (15, 27, 0.004, 318.0915, 2.1429)
845 : (25, 15, 0.0, 48.6869, 2.7143)
846 : (29, 12, 0.0091, 502.3762, 2.7778)
847 : (11, 29, 0.0, 76.6004, 1.1)
848 : (20, 20, 0.0053, 459.2737, 2.5)
849 : (20, 20, 0.0, 69.3772, 3.3333)
850 : (20, 21, 0.0, 457.0714, 2.2222)
851 : (20, 20, 0.0, 110.1267, 2.1111)
852 : (29, 12, 0.0201, 439.9701, 3.8571)
853 : (11, 29, 0.0, 63.5542, 1.8333)
854 : (24, 16, 0.0, 455.5674, 2.1818)
855 : (16, 24, 0.0, 77.7017, 1.5)
856 : (21, 20, 0.0, 389.4702, 2.1)
857 : (19, 21, 0.0, 68.1755, 2.0)
858 : (24, 16, 0.0125, 460.8348, 2.0909)
859 : (16, 24, 0.0, 70.7687, 1.4545)
860 : (8, 33, 0.0162, 461.3433, 1.4)
861 : (32, 8, 0.0, 108.1458, 5.3333)
862 : (19, 23, 0.004, 402.976, 1.5)
863 : (21, 19, 0.0, 79.5598, 1.6154)
864 : (17, 25, 0.0, 397.3333, 1.7)
865 : (23, 17, 0.0, 66.0924, 2.3333)
866 : (17, 24, 0.0046, 504.9339, 1.8889)
867 : (23, 17, 0.0, 66.2556, 2.625)
868 : (11, 29, 0.0268, 461.6588, 1.1111)
869 : (29, 11, 0.0094, 102.4741, 2.9)
870 : (19, 23, 0.0039, 383.4395, 1.6364)
871 : (21, 19, 0.0, 88.1192, 1.9091)
872 : (3, 1, 0.0625, 656.9922, 3.0)
873 : (1, 3, 0.0, 104.4179, 0.0)
874 : (26, 14, 0.0224, 496.0964, 1.9091)
875 : (14, 26, 0.0, 77.3784, 1.1667)
876 : (16, 28, 0.0231, 393.5498, 2.0)
877 : (24, 16, 0.0, 58.8379, 3.0)
878 : (14, 27, 0.0062, 540.1098, 1.5556)
879 : (26, 14, 0.0, 72.2502, 3.125)
880 : (25, 16, 0.0085, 472.646, 2.4)
881 : (15, 26, 0.0, 80.4542, 1.5)
882 : (14, 12, 0.0186, 396.8917, 1.8571)
883 : (12, 14, 0.0095, 88.2675, 1.7143)
884 : (13, 27, 0.0495, 565.7686, 1.4444)
885 : (27, 13, 0.0, 57.8047, 2.7778)
886 : (18, 22, 0.0159, 538.2451, 1.8889)
887 : (22, 18, 0.0, 65.4088, 2.2)
888 : (27, 15, 0.0059, 402.1241, 2.0)
889 : (13, 27, 0.0096, 84.7871, 1.4444)
890 : (23, 17, 0.0044, 452.5773, 2.0)
891 : (17, 23, 0.0, 54.0168, 1.7)
892 : (23, 17, 0.0093, 469.064, 2.0909)
893 : (17, 23, 0.0, 59.3239, 1.4545)
894 : (16, 24, 0.0146, 555.2538, 1.5)
895 : (24, 16, 0.0, 88.1356, 2.1818)
896 : (21, 21, 0.0041, 392.2955, 1.6154)
897 : (19, 21, 0.0, 64.4641, 1.6364)
898 : (25, 15, 0.0306, 490.5301, 2.3)
899 : (15, 25, 0.0, 101.6646, 1.5)
900 : (27, 16, 0.0034, 355.9713, 1.8)
901 : (13, 27, 0.0, 25.7195, 1.0)
902 : (23, 17, 0.0101, 520.6627, 1.75)
903 : (17, 23, 0.0, 87.3662, 1.4167)
904 : (23, 18, 0.0079, 388.1044, 2.2)
905 : (17, 24, 0.0, 84.3591, 1.7)
906 : (17, 25, 0.0358, 485.6036, 1.8889)
907 : (23, 18, 0.0, 86.8712, 1.5556)
908 : (17, 23, 0.0063, 381.1039, 1.4545)
909 : (23, 17, 0.0, 71.8851, 2.0909)
910 : (17, 9, 0.0, 397.8439, 2.2857)
911 : (9, 17, 0.0, 91.0114, 1.2857)
912 : (19, 21, 0.0, 360.4153, 1.7273)
913 : (21, 19, 0.0, 77.472, 2.0)
914 : (18, 23, 0.0089, 527.573, 1.4167)
915 : (22, 18, 0.0, 56.1041, 1.8333)
916 : (29, 12, 0.02, 651.8042, 3.2222)
917 : (11, 29, 0.0, 86.0891, 1.125)
918 : (26, 14, 0.0, 398.6046, 3.4286)
919 : (14, 26, 0.0, 70.7073, 2.0)
920 : (17, 22, 0.0033, 254.2185, 1.8889)
921 : (19, 17, 0.0, 69.3264, 2.0)
922 : (19, 23, 0.0086, 372.1212, 1.6364)
923 : (21, 19, 0.0, 60.152, 1.9091)
924 : (20, 20, 0.0205, 532.2559, 1.4615)
925 : (20, 20, 0.0, 87.8653, 1.5385)
926 : (24, 19, 0.0069, 370.8587, 2.0)
927 : (16, 24, 0.0, 75.2523, 1.875)
928 : (13, 21, 0.0134, 433.114, 1.8571)
929 : (20, 13, 0.0, 81.2792, 2.5714)
930 : (14, 19, 0.0119, 419.8047, 1.3)
931 : (19, 14, 0.0, 69.08, 1.9)
932 : (17, 23, 0.0116, 482.9042, 1.5556)
933 : (23, 18, 0.0, 62.817, 2.5556)
934 : (16, 25, 0.0055, 500.0529, 1.5556)
935 : (24, 16, 0.0, 67.3245, 2.4)
936 : (23, 17, 0.0417, 626.9928, 2.5556)
937 : (17, 23, 0.0, 80.7137, 2.0)
938 : (23, 18, 0.0154, 488.0927, 1.8333)
939 : (17, 23, 0.0, 65.1402, 1.3077)
940 : (11, 31, 0.0072, 361.8397, 1.25)
941 : (29, 11, 0.0, 73.6585, 3.625)
942 : (21, 20, 0.0172, 396.6693, 1.75)
943 : (19, 21, 0.0, 113.9473, 1.5)
944 : (24, 16, 0.0089, 412.3466, 2.5556)
945 : (16, 24, 0.0, 95.6238, 1.7778)
946 : (20, 20, 0.0, 422.3246, 2.2222)
947 : (20, 20, 0.0, 75.0006, 1.8889)
948 : (20, 21, 0.0046, 504.2564, 1.4615)
949 : (20, 20, 0.0, 66.0592, 1.4286)
950 : (26, 16, 0.01, 423.7757, 2.2727)
951 : (14, 26, 0.0, 39.8025, 1.4)
952 : (20, 21, 0.0192, 443.7832, 1.6667)
953 : (20, 20, 0.0, 53.0305, 1.7273)
954 : (26, 14, 0.0165, 576.5898, 2.0909)
955 : (14, 26, 0.0, 80.6458, 1.2727)
956 : (26, 14, 0.0089, 508.7773, 2.5556)
957 : (14, 26, 0.0, 77.4969, 1.5556)
958 : (12, 31, 0.0, 365.3643, 1.3333)
959 : (28, 12, 0.0, 103.7564, 3.0)
960 : (23, 17, 0.0041, 571.7473, 2.0)
961 : (17, 37, 0.0031, 115.1418, 1.3077)
962 : (20, 20, 0.0, 448.3011, 2.2222)
963 : (18, 20, 0.0, 85.0571, 2.125)
964 : (20, 21, 0.0131, 467.5038, 1.7273)
965 : (20, 20, 0.0, 67.298, 1.8182)
966 : (18, 23, 0.0147, 445.893, 1.5455)
967 : (22, 19, 0.0, 59.5397, 1.8333)
968 : (13, 31, 0.0, 370.7185, 1.1818)
969 : (27, 13, 0.0, 75.1177, 2.3636)
970 : (18, 25, 0.0, 427.64, 1.5)
971 : (22, 18, 0.0, 63.0881, 2.2222)
972 : (17, 23, 0.0634, 562.1393, 1.5556)
973 : (23, 17, 0.0058, 63.0484, 2.5556)
974 : (18, 23, 0.0, 278.8024, 2.0)
975 : (22, 18, 0.0, 59.2279, 1.875)
976 : (15, 25, 0.0247, 534.8744, 1.3)
977 : (25, 15, 0.0, 123.5187, 2.2727)
978 : (12, 28, 0.0073, 561.7747, 1.3333)
979 : (28, 12, 0.0, 51.4325, 2.5556)
980 : (21, 20, 0.0, 453.7266, 1.5)
981 : (19, 21, 0.0, 54.3988, 1.3333)
982 : (15, 24, 0.014, 378.7238, 1.3636)
983 : (22, 15, 0.0, 89.5591, 1.8)
984 : (26, 14, 0.008, 538.7686, 2.7778)
985 : (14, 26, 0.0, 57.6733, 1.5556)
986 : (17, 26, 0.0, 330.5407, 1.7)
987 : (23, 17, 0.0, 51.0485, 1.9)
988 : (17, 23, 0.0318, 622.4489, 1.8889)
989 : (23, 17, 0.0, 64.3301, 2.1111)
990 : (31, 10, 0.007, 374.9572, 3.4444)
991 : (9, 31, 0.0, 42.5171, 1.1429)
992 : (22, 18, 0.0, 540.0135, 1.6667)
993 : (18, 22, 0.0, 61.1939, 1.3846)
994 : (19, 22, 0.0167, 410.8255, 1.5833)
995 : (21, 19, 0.0, 83.0849, 2.0)
996 : (24, 17, 0.0036, 484.2674, 2.1)
997 : (16, 25, 0.0, 68.1767, 1.4545)
998 : (23, 18, 0.0579, 707.4676, 2.3)
999 : (17, 23, 0.0, 89.0299, 1.6)
1000 : (9, 7, 0.0, 253.9417, 1.3333)
1001 : (7, 9, 0.0, 228.6257, 1.1667)
1002 : (11, 6, 0.0, 197.5408, 2.75)
1003 : (6, 11, 0.0, 56.1272, 1.6667)
1004 : (19, 9, 0.0, 193.1854, 2.5714)
1005 : (9, 19, 0.0, 177.1348, 1.2857)
1006 : (15, 8, 0.0, 200.0601, 3.0)
1007 : (8, 15, 0.0, 187.7018, 1.5)
1008 : (30, 10, 0.0201, 237.4684, 4.6667)
1009 : (10, 31, 0.009, 241.0721, 1.4286)
1010 : (19, 12, 0.0, 188.0535, 2.4286)
1011 : (11, 19, 0.0, 354.5288, 1.5714)
1012 : (5, 3, 0.0, 244.2918, 2.5)
1013 : (3, 5, 0.0, 148.4953, 1.0)
1014 : (27, 13, 0.0303, 322.0259, 2.5)
1015 : (13, 27, 0.0, 243.4325, 1.3)
1016 : (25, 15, 0.0111, 303.4579, 2.5)
1017 : (15, 25, 0.0, 147.9616, 1.4444)
1018 : (23, 17, 0.0, 161.6637, 2.875)
1019 : (17, 23, 0.0, 215.1368, 1.625)
1020 : (27, 11, 0.0131, 306.7891, 3.375)
1021 : (11, 30, 0.008, 183.9317, 1.0)
1022 : (9, 4, 0.0, 232.3736, 2.3333)
1023 : (4, 9, 0.0, 115.4577, 1.3333)
1024 : (22, 18, 0.0114, 340.4922, 2.1111)
1025 : (18, 24, 0.0, 152.3102, 1.8)
1026 : (28, 12, 0.0, 222.5076, 2.7778)
1027 : (12, 28, 0.0, 183.1065, 1.3333)
1028 : (3, 1, 0.033, 175.3713, 1.0)
1029 : (1, 3, 0.0, 148.8623, 1.0)
1030 : (1, 1, 0.0, 86.2263, 1.0)
1031 : (1, 1, 0.0, 863.6348, 0.0)
1032 : (4, 1, 0.0, 249.0473, 2.0)
1033 : (1, 4, 0.0, 101.5413, 1.0)
1034 : (20, 14, 0.0, 185.5411, 2.0)
1035 : (14, 22, 0.0, 144.2155, 1.4444)
1036 : (2, 2, 0.0, 142.5448, 2.0)
1037 : (2, 2, 0.0, 119.5629, 0.0)
1038 : (26, 14, 0.0144, 229.7027, 3.25)
1039 : (14, 26, 0.0, 136.8906, 1.375)
1040 : (7, 8, 0.0156, 327.861, 1.75)
1041 : (8, 7, 0.0, 236.8449, 2.3333)
1042 : (26, 14, 0.0102, 193.8123, 1.8)
1043 : (14, 26, 0.0, 113.7936, 1.4)
1044 : (22, 18, 0.0049, 261.0487, 1.9)
1045 : (17, 22, 0.0, 179.7951, 1.7)
1046 : (25, 15, 0.0096, 280.1916, 2.4)
1047 : (15, 25, 0.0, 217.3673, 1.5)
1048 : (22, 7, 0.0, 187.9156, 4.4)
1049 : (7, 22, 0.0, 134.8626, 1.25)
1050 : (9, 5, 0.0, 173.3853, 3.0)
1051 : (5, 9, 0.0, 307.0355, 1.0)
1052 : (9, 5, 0.0247, 215.586, 4.0)
1053 : (5, 9, 0.0396, 316.4103, 2.5)
1054 : (29, 11, 0.0133, 280.1191, 4.1429)
1055 : (11, 29, 0.0, 156.4064, 1.3333)
1056 : (24, 16, 0.0, 226.7295, 2.6667)
1057 : (16, 24, 0.0, 162.5057, 1.875)
1058 : (11, 9, 0.0, 211.243, 2.5)
1059 : (5, 11, 0.0, 190.7942, 1.25)
1060 : (20, 18, 0.0108, 216.5823, 1.5833)
1061 : (18, 20, 0.0, 239.7824, 1.3846)
1062 : (27, 13, 0.0, 267.9081, 2.6)
1063 : (13, 27, 0.0, 140.6438, 1.1818)
1064 : (29, 11, 0.0, 294.0746, 3.1111)
1065 : (11, 29, 0.0, 152.2081, 1.1)
1066 : (28, 12, 0.0086, 266.2179, 4.1667)
1067 : (12, 28, 0.0, 145.4875, 2.0)
1068 : (9, 1, 0.0, 313.3472, 2.0)
1069 : (1, 9, 0.0, 372.146, 1.0)
1070 : (13, 6, 0.0, 151.4091, 2.2)
1071 : (6, 13, 0.0, 200.7344, 1.2)
1072 : (7, 3, 0.0, 183.3335, 3.5)
1073 : (3, 7, 0.0, 282.8608, 1.0)
1074 : (8, 5, 0.0, 264.3057, 2.0)
1075 : (5, 8, 0.0, 161.2337, 1.6667)
1076 : (30, 10, 0.0, 199.0145, 4.2857)
1077 : (10, 30, 0.0, 157.9844, 1.1429)
1078 : (9, 9, 0.0, 284.3599, 1.5)
1079 : (9, 9, 0.0, 262.4409, 1.8)
1080 : (14, 26, 0.0156, 330.8343, 1.7143)
1081 : (26, 14, 0.0, 243.5554, 3.25)
1082 : (0, 1, 0.0, 198.7777, 0.0)
1083 : (1, 0, 0.0, 40.2473, 0.0)
1084 : (21, 12, 0.0053, 267.4973, 2.3333)
1085 : (12, 22, 0.0, 263.08, 1.375)
1086 : (22, 18, 0.0, 200.5344, 1.8182)
1087 : (18, 22, 0.0, 117.5876, 1.5)
1088 : (18, 20, 0.0135, 262.0715, 1.6)
1089 : (20, 18, 0.0, 257.6493, 1.8182)
1090 : (17, 4, 0.0, 263.2916, 3.5)
1091 : (4, 17, 0.0175, 267.71, 1.0)
1092 : (3, 3, 0.0, 256.4427, 1.0)
1093 : (3, 3, 0.0, 211.9897, 1.5)
1094 : (13, 15, 0.0, 392.1032, 1.625)
1095 : (15, 13, 0.0, 238.2206, 1.7143)
1096 : (19, 21, 0.0, 246.6795, 1.7273)
1097 : (21, 31, 0.0, 137.2918, 1.5833)
1098 : (16, 10, 0.0069, 318.9581, 2.1429)
1099 : (10, 16, 0.0, 226.9986, 1.25)
1100 : (20, 20, 0.0, 189.9754, 1.8)
1101 : (20, 20, 0.0, 223.5986, 1.8182)
1102 : (9, 8, 0.0, 196.5482, 2.6667)
1103 : (8, 9, 0.0, 307.3179, 2.0)
1104 : (11, 5, 0.0, 152.0302, 1.25)
1105 : (5, 12, 0.0198, 404.6118, 1.25)
1106 : (3, 5, 0.0, 296.1426, 1.0)
1107 : (5, 3, 0.0, 224.1326, 1.6667)
1108 : (14, 17, 0.0, 180.6686, 2.2)
1109 : (17, 14, 0.0, 165.2287, 2.8333)
1110 : (11, 8, 0.009, 279.7843, 1.5714)
1111 : (8, 11, 0.0, 181.3931, 1.1667)
1112 : (7, 3, 0.0, 259.2123, 6.0)
1113 : (3, 7, 0.0, 87.3423, 3.0)
1114 : (24, 16, 0.0106, 385.8542, 1.9167)
1115 : (16, 24, 0.0, 214.7492, 1.3333)
1116 : (28, 12, 0.0, 260.3257, 2.5455)
1117 : (12, 29, 0.0082, 236.3452, 1.1)
1118 : (27, 12, 0.0, 239.3433, 2.7)
1119 : (11, 27, 0.0, 230.1644, 1.1111)
1120 : (1, 2, 0.0, 244.2036, 1.0)
1121 : (2, 1, 0.0, 132.8992, 1.0)
1122 : (16, 16, 0.0, 211.3454, 2.0)
1123 : (16, 16, 0.0, 180.2522, 2.0)
1124 : (4, 1, 0.0, 195.3031, 4.0)
1125 : (1, 4, 0.0, 261.0421, 0.0)
1126 : (3, 1, 0.0, 376.1147, 2.0)
1127 : (1, 3, 0.0, 272.3586, 1.0)
1128 : (3, 4, 0.0, 127.52, 1.0)
1129 : (4, 3, 0.0, 282.8647, 2.0)
1130 : (22, 18, 0.0, 160.3533, 1.75)
1131 : (18, 23, 0.0, 154.2963, 1.5)
1132 : (16, 7, 0.0071, 323.5761, 2.6667)
1133 : (7, 16, 0.0, 157.4143, 1.2)
1134 : (6, 5, 0.0625, 469.35, 4.0)
1135 : (5, 6, 0.0, 209.4767, 2.5)
1136 : (26, 12, 0.0, 197.1548, 3.4286)
1137 : (12, 26, 0.0, 158.5588, 1.5)
1138 : (16, 17, 0.0, 168.1916, 1.875)
1139 : (17, 16, 0.0063, 171.7878, 2.125)
1140 : (8, 4, 0.0129, 279.611, 2.3333)
1141 : (4, 9, 0.0, 94.9894, 1.0)
1142 : (25, 15, 0.0, 265.9436, 2.2222)
1143 : (15, 25, 0.0, 238.6672, 1.5)
1144 : (19, 7, 0.0, 206.2529, 2.6667)
1145 : (7, 19, 0.0, 118.8339, 1.1667)
1146 : (20, 20, 0.0168, 171.039, 2.0)
1147 : (20, 20, 0.0, 190.0066, 1.9)
1148 : (17, 6, 0.0, 228.3555, 3.2)
1149 : (6, 17, 0.0, 286.2226, 1.0)
1150 : (4, 1, 0.0, 245.1348, 1.0)
1151 : (1, 4, 0.0, 163.4293, 1.0)
1152 : (19, 4, 0.0228, 199.3671, 4.5)
1153 : (4, 19, 0.0, 164.2914, 1.0)
1154 : (18, 14, 0.0, 232.2835, 2.125)
1155 : (14, 18, 0.0, 231.2718, 1.75)
1156 : (4, 5, 0.0, 301.8911, 1.0)
1157 : (5, 4, 0.0, 226.1307, 1.3333)
1158 : (12, 28, 0.008, 382.849, 1.2)
1159 : (28, 12, 0.0043, 229.8567, 2.7)
1160 : (23, 15, 0.0, 170.8307, 2.5556)
1161 : (15, 23, 0.0, 109.7632, 1.75)
1162 : (5, 6, 0.0228, 232.0497, 1.6667)
1163 : (6, 5, 0.0, 109.2678, 2.0)
1164 : (11, 0, 0.0, 399.8504, 0.0)
1165 : (0, 11, 0.0, 19.9157, 0.0)
1166 : (2, 0, 0.0664, 590.5035, 0.0)
1167 : (0, 2, 0.0, 0.0, 0.0)
1168 : (26, 14, 0.0112, 310.0362, 2.2727)
1169 : (14, 26, 0.0, 125.8246, 1.2727)
1170 : (27, 13, 0.0, 149.2954, 2.4545)
1171 : (13, 27, 0.0, 205.9291, 1.2)
1172 : (25, 15, 0.0, 328.415, 3.0)
1173 : (15, 25, 0.0, 173.3504, 1.875)
1174 : (17, 23, 0.0, 191.2748, 1.2308)
1175 : (23, 17, 0.0, 153.6393, 1.7692)
1176 : (9, 10, 0.0, 277.0096, 1.5)
1177 : (10, 9, 0.0, 174.0909, 1.5)
1178 : (29, 11, 0.0, 244.0711, 3.0)
1179 : (11, 29, 0.0228, 271.5923, 1.5714)
1180 : (23, 17, 0.0216, 373.4238, 1.75)
1181 : (17, 23, 0.0, 208.9516, 1.4167)
1182 : (20, 14, 0.0054, 228.4663, 2.1429)
1183 : (14, 20, 0.0, 134.4561, 1.75)
1184 : (7, 5, 0.0, 175.8659, 2.3333)
1185 : (5, 7, 0.0, 187.8256, 2.0)
1186 : (13, 3, 0.0, 246.5865, 5.0)
1187 : (3, 13, 0.0, 218.5384, 1.5)
1188 : (5, 8, 0.0, 204.2814, 1.6667)
1189 : (8, 5, 0.0, 194.7697, 1.6667)
1190 : (18, 15, 0.013, 263.294, 1.8)
1191 : (15, 18, 0.0, 163.2729, 1.4444)
1192 : (7, 2, 0.0, 408.5928, 3.5)
1193 : (2, 7, 0.0, 230.2779, 1.0)
1194 : (26, 9, 0.0047, 238.4326, 2.2857)
1195 : (9, 26, 0.0124, 182.0685, 1.2857)
1196 : (8, 8, 0.0, 254.7427, 1.6667)
1197 : (8, 8, 0.0, 206.2247, 2.6667)
1198 : (4, 1, 0.0, 294.8824, 0.0)
1199 : (1, 4, 0.0495, 250.7509, 1.0)
1200 : (26, 16, 0.0, 396.2574, 2.6)
1201 : (14, 26, 0.0269, 528.8914, 1.5)
1202 : (17, 24, 0.0, 516.3008, 1.8889)
1203 : (23, 17, 0.0054, 348.1406, 2.4444)
1204 : (17, 23, 0.0069, 395.1682, 1.5455)
1205 : (23, 17, 0.0, 439.7535, 1.7273)
1206 : (17, 12, 0.0442, 486.7086, 2.125)
1207 : (12, 17, 0.0, 526.3284, 1.5714)
1208 : (22, 18, 0.0124, 470.501, 1.9)
1209 : (18, 23, 0.0065, 451.4513, 1.6364)
1210 : (24, 16, 0.0, 522.3453, 2.3)
1211 : (16, 24, 0.0, 557.3704, 1.6)
1212 : (23, 17, 0.0059, 453.5772, 1.6923)
1213 : (17, 23, 0.0145, 541.9999, 1.3077)
1214 : (18, 22, 0.0062, 287.553, 1.6364)
1215 : (22, 18, 0.0065, 411.099, 2.1)
1216 : (25, 15, 0.0114, 427.0184, 2.1)
1217 : (15, 26, 0.0, 402.7928, 1.5)
1218 : (23, 18, 0.0176, 561.7434, 2.1)
1219 : (17, 23, 0.0152, 437.6454, 1.7)
1220 : (23, 17, 0.0114, 405.5082, 3.2857)
1221 : (17, 23, 0.0, 411.618, 1.7143)
1222 : (27, 14, 0.0, 481.6077, 2.3636)
1223 : (13, 27, 0.0, 282.0359, 1.3)
1224 : (28, 13, 0.0046, 404.5092, 2.5455)
1225 : (12, 28, 0.0, 462.7028, 1.0)
1226 : (16, 24, 0.0, 576.8249, 1.4545)
1227 : (24, 16, 0.0, 386.2891, 2.3)
1228 : (22, 18, 0.0168, 454.8076, 2.625)
1229 : (18, 22, 0.0, 479.0987, 2.25)
1230 : (18, 22, 0.0, 510.9256, 1.7)
1231 : (22, 18, 0.0066, 456.2673, 2.2)
1232 : (24, 16, 0.0058, 487.8955, 2.0909)
1233 : (16, 24, 0.0, 527.6519, 1.4545)
1234 : (18, 11, 0.0, 531.9702, 2.4286)
1235 : (11, 18, 0.0, 536.4374, 1.375)
1236 : (22, 18, 0.0, 441.2778, 1.8182)
1237 : (18, 22, 0.0141, 404.1537, 1.5)
1238 : (24, 16, 0.0, 435.7517, 2.5556)
1239 : (16, 24, 0.0082, 435.7436, 1.7778)
1240 : (21, 19, 0.0064, 537.6637, 1.9091)
1241 : (19, 21, 0.0, 341.7386, 1.5455)
1242 : (28, 12, 0.0327, 474.2414, 2.7778)
1243 : (12, 28, 0.0, 473.1438, 1.3333)
1244 : (16, 24, 0.0, 396.0821, 1.6667)
1245 : (24, 16, 0.0224, 423.2859, 2.4)
1246 : (28, 14, 0.0, 422.3626, 3.5)
1247 : (12, 28, 0.0099, 383.4193, 1.375)
1248 : (23, 17, 0.0, 401.0585, 1.9167)
1249 : (17, 23, 0.0, 442.1474, 1.4545)
1250 : (14, 10, 0.0247, 501.1692, 2.3333)
1251 : (10, 14, 0.0228, 623.4897, 1.5)
1252 : (26, 14, 0.0055, 429.6136, 2.6)
1253 : (14, 26, 0.0, 340.2692, 1.4444)
1254 : (24, 16, 0.0053, 391.2457, 2.3)
1255 : (16, 24, 0.0, 459.5355, 1.4545)
1256 : (20, 20, 0.0, 342.1933, 2.2222)
1257 : (20, 20, 0.0, 447.3849, 2.1111)
1258 : (22, 20, 0.0, 396.4225, 2.2)
1259 : (18, 22, 0.0345, 418.4027, 2.2857)
1260 : (21, 19, 0.0, 504.1546, 2.0)
1261 : (19, 21, 0.0, 371.9541, 1.9)
1262 : (29, 11, 0.0139, 556.7969, 2.5556)
1263 : (11, 29, 0.0, 419.614, 1.2222)
1264 : (24, 16, 0.0145, 415.6813, 2.4)
1265 : (16, 24, 0.0, 374.6223, 1.4444)
1266 : (21, 20, 0.0, 356.4519, 1.5833)
1267 : (19, 21, 0.0065, 534.8488, 1.7273)
1268 : (28, 12, 0.0048, 327.0984, 2.4545)
1269 : (12, 28, 0.0186, 446.0641, 1.0909)
1270 : (21, 21, 0.0, 258.3861, 2.1)
1271 : (19, 21, 0.0, 407.5005, 2.125)
1272 : (23, 18, 0.0, 261.3796, 2.3)
1273 : (17, 23, 0.0, 380.3145, 1.7778)
1274 : (23, 17, 0.0114, 325.4908, 1.9091)
1275 : (17, 23, 0.0283, 471.0798, 1.4167)
1276 : (29, 11, 0.0, 535.6838, 3.375)
1277 : (11, 29, 0.0, 316.0914, 1.375)
1278 : (21, 19, 0.0469, 549.0202, 1.4545)
1279 : (19, 21, 0.0, 401.1177, 1.5833)
1280 : (25, 15, 0.0212, 439.5952, 2.0)
1281 : (15, 25, 0.0, 418.6032, 1.5)
1282 : (27, 13, 0.0, 498.6404, 2.6)
1283 : (13, 27, 0.0, 446.4272, 1.3)
1284 : (13, 28, 0.0, 306.9385, 1.3333)
1285 : (27, 13, 0.0, 447.3381, 3.0)
1286 : (20, 20, 0.0059, 358.5971, 2.0)
1287 : (20, 21, 0.0066, 397.2255, 1.7273)
1288 : (23, 18, 0.0, 512.5471, 1.6154)
1289 : (17, 23, 0.0, 303.6575, 1.4167)
1290 : (22, 19, 0.0, 500.4096, 1.8182)
1291 : (18, 23, 0.0178, 490.5421, 1.6364)
1292 : (26, 14, 0.0154, 519.225, 2.4)
1293 : (14, 26, 0.0, 405.8444, 1.4)
1294 : (23, 17, 0.0057, 426.4161, 2.875)
1295 : (17, 23, 0.0, 421.6995, 2.2857)
1296 : (22, 18, 0.0171, 442.8252, 2.2222)
1297 : (18, 22, 0.0, 368.5898, 1.8)
1298 : (24, 16, 0.0244, 438.1473, 2.4)
1299 : (16, 24, 0.0, 344.4482, 1.5556)
1300 : (27, 13, 0.0212, 474.5237, 3.0)
1301 : (13, 27, 0.0, 236.9894, 1.375)
1302 : (22, 18, 0.0126, 480.4238, 2.2)
1303 : (18, 22, 0.0, 472.7349, 1.8889)
1304 : (22, 18, 0.0237, 563.5627, 2.0)
1305 : (18, 22, 0.0072, 587.8093, 2.25)
1306 : (23, 17, 0.0124, 532.9869, 1.9)
1307 : (17, 23, 0.0, 377.0523, 1.5455)
1308 : (21, 20, 0.0, 312.2122, 2.5)
1309 : (19, 21, 0.0061, 439.3983, 2.7143)
1310 : (22, 18, 0.0, 348.1414, 2.0)
1311 : (18, 22, 0.0, 333.2364, 1.3636)
1312 : (14, 10, 0.0, 595.4135, 2.4)
1313 : (10, 14, 0.011, 317.7846, 2.0)
1314 : (23, 17, 0.0, 359.2982, 2.2)
1315 : (17, 24, 0.0132, 308.7357, 1.5455)
1316 : (21, 17, 0.0119, 380.8242, 2.625)
1317 : (17, 21, 0.0, 445.2699, 1.625)
1318 : (22, 18, 0.0108, 487.2383, 2.625)
1319 : (18, 22, 0.0218, 491.3199, 2.25)
1320 : (13, 13, 0.0096, 457.9833, 1.7143)
1321 : (13, 13, 0.0, 397.618, 1.625)
1322 : (24, 16, 0.0, 458.2888, 1.9167)
1323 : (16, 24, 0.0234, 508.5216, 1.3333)
1324 : (25, 15, 0.0101, 358.6295, 2.5)
1325 : (15, 25, 0.0, 270.8067, 1.5556)
1326 : (11, 29, 0.0, 349.0822, 1.8333)
1327 : (29, 11, 0.0, 379.4716, 4.6667)
1328 : (27, 14, 0.0182, 441.1443, 3.0)
1329 : (13, 27, 0.0247, 520.8208, 1.5)
1330 : (22, 19, 0.0, 428.596, 1.5833)
1331 : (18, 22, 0.0, 396.9892, 1.5)
1332 : (24, 16, 0.0116, 430.84, 2.3333)
1333 : (16, 24, 0.0, 282.6523, 1.7778)
1334 : (28, 12, 0.0, 368.1996, 4.0)
1335 : (12, 28, 0.0114, 387.4013, 1.8333)
1336 : (24, 17, 0.0, 350.6624, 2.1111)
1337 : (16, 24, 0.045, 558.9879, 1.6)
1338 : (26, 14, 0.0057, 344.9626, 2.6667)
1339 : (14, 26, 0.0, 355.2057, 1.5556)
1340 : (22, 18, 0.0055, 375.0436, 1.9091)
1341 : (18, 22, 0.0129, 357.3006, 1.5)
1342 : (28, 12, 0.0, 491.1687, 3.1111)
1343 : (12, 29, 0.0, 409.9238, 1.375)
1344 : (20, 20, 0.0258, 660.8864, 1.5385)
1345 : (20, 20, 0.0, 351.4469, 1.5)
1346 : (24, 16, 0.0112, 398.6606, 2.3)
1347 : (16, 24, 0.0, 414.3349, 1.6)
1348 : (25, 15, 0.0108, 470.8441, 1.8333)
1349 : (15, 27, 0.0124, 393.7714, 1.1538)
1350 : (14, 26, 0.0, 389.2155, 1.5556)
1351 : (26, 15, 0.0056, 457.0484, 3.125)
1352 : (18, 22, 0.0, 426.3512, 1.7)
1353 : (22, 18, 0.0228, 608.6745, 2.2)
1354 : (23, 17, 0.0114, 478.6144, 2.875)
1355 : (17, 23, 0.0074, 390.4403, 2.0)
1356 : (20, 20, 0.0076, 433.7092, 1.2727)
1357 : (20, 20, 0.0, 371.5061, 1.8182)
1358 : (26, 14, 0.0414, 568.059, 2.3636)
1359 : (14, 26, 0.0, 415.789, 1.1)
1360 : (19, 21, 0.0511, 723.8046, 2.375)
1361 : (21, 20, 0.0, 395.8837, 2.375)
1362 : (17, 23, 0.0, 301.1418, 1.6667)
1363 : (23, 17, 0.0, 414.5756, 2.3)
1364 : (31, 11, 0.0038, 419.7369, 2.7)
1365 : (9, 31, 0.0124, 249.1636, 1.125)
1366 : (22, 20, 0.0, 309.9151, 1.9091)
1367 : (18, 22, 0.0194, 552.4395, 1.8)
1368 : (21, 19, 0.0, 331.0733, 1.9091)
1369 : (19, 21, 0.0065, 549.58, 1.7)
1370 : (26, 14, 0.0, 343.7231, 2.2)
1371 : (14, 26, 0.0, 481.2523, 1.4)
1372 : (24, 16, 0.0156, 554.0913, 2.0)
1373 : (16, 24, 0.0, 352.5925, 1.2727)
1374 : (14, 27, 0.0, 453.1563, 1.3333)
1375 : (26, 14, 0.0, 445.7302, 2.8889)
1376 : (22, 18, 0.0, 514.1242, 2.0)
1377 : (18, 22, 0.0, 341.1747, 1.5)
1378 : (25, 16, 0.0119, 391.3155, 1.8)
1379 : (15, 26, 0.0, 324.8304, 1.3636)
1380 : (26, 12, 0.0052, 452.0707, 3.25)
1381 : (12, 26, 0.0524, 824.0905, 1.5714)
1382 : (20, 20, 0.0132, 476.9984, 1.7)
1383 : (20, 20, 0.0, 329.7776, 1.8182)
1384 : (26, 14, 0.0256, 366.3869, 2.5)
1385 : (14, 26, 0.0, 361.9769, 1.4)
1386 : (23, 17, 0.0, 541.2441, 2.4444)
1387 : (17, 23, 0.0, 283.4946, 1.8889)
1388 : (22, 18, 0.0189, 467.596, 1.9091)
1389 : (18, 22, 0.0076, 393.8243, 1.6364)
1390 : (27, 13, 0.005, 336.6645, 3.375)
1391 : (13, 27, 0.027, 429.3558, 1.7143)
1392 : (20, 20, 0.0, 406.4609, 1.3571)
1393 : (20, 20, 0.0, 392.8448, 1.3333)
1394 : (18, 22, 0.0, 417.3574, 1.8889)
1395 : (22, 18, 0.0, 346.2455, 2.2)
1396 : (28, 12, 0.0053, 541.9573, 3.1111)
1397 : (12, 28, 0.0, 381.8488, 1.25)
1398 : (11, 29, 0.018, 381.3747, 1.1)
1399 : (29, 11, 0.0, 348.6366, 2.2)
1400 : (26, 14, 0.0033, 397.6911, 2.5556)
1401 : (14, 26, 0.0, 416.9385, 1.4)
1402 : (21, 19, 0.0, 338.2609, 1.8182)
1403 : (19, 21, 0.0, 247.8829, 1.7273)
1404 : (20, 20, 0.0069, 470.7228, 1.7273)
1405 : (20, 20, 0.0, 254.2563, 1.8182)
1406 : (9, 18, 0.0, 455.783, 1.6)
1407 : (18, 9, 0.0, 207.1182, 3.0)
1408 : (29, 11, 0.0, 347.1745, 3.1111)
1409 : (11, 29, 0.0, 144.1205, 1.1)
1410 : (17, 23, 0.0, 458.2351, 1.7)
1411 : (23, 17, 0.0, 333.3356, 2.1111)
1412 : (25, 17, 0.0206, 611.7871, 1.9167)
1413 : (15, 25, 0.0, 220.7848, 1.3636)
1414 : (18, 23, 0.0, 411.694, 2.0)
1415 : (22, 18, 0.0, 316.7264, 2.4444)
1416 : (27, 14, 0.0091, 449.6748, 2.75)
1417 : (13, 27, 0.0, 287.4606, 1.625)
1418 : (21, 19, 0.0, 333.836, 1.8182)
1419 : (19, 22, 0.0, 285.3765, 1.7273)
1420 : (21, 19, 0.0145, 601.9579, 2.0)
1421 : (19, 21, 0.0, 313.8018, 1.7273)
1422 : (20, 20, 0.0076, 474.9772, 1.8182)
1423 : (20, 20, 0.0146, 366.5894, 1.9)
1424 : (18, 22, 0.0, 464.5815, 1.5455)
1425 : (22, 18, 0.0, 300.2745, 2.0)
1426 : (19, 21, 0.0067, 609.5164, 1.7778)
1427 : (21, 19, 0.0, 358.9434, 2.1)
1428 : (15, 26, 0.0, 564.908, 1.6667)
1429 : (25, 15, 0.0, 327.8692, 2.4444)
1430 : (25, 15, 0.0, 541.6644, 3.125)
1431 : (15, 25, 0.0, 224.014, 2.0)
1432 : (19, 21, 0.0, 397.5995, 1.9)
1433 : (21, 21, 0.0, 246.9922, 1.8182)
1434 : (17, 23, 0.0, 374.5309, 1.6667)
1435 : (23, 18, 0.008, 343.4915, 2.3)
1436 : (26, 14, 0.0101, 642.0999, 2.5)
1437 : (14, 26, 0.0, 206.7376, 1.4)
1438 : (21, 20, 0.0058, 410.4915, 1.9)
1439 : (19, 21, 0.0, 261.7355, 1.7273)
1440 : (20, 17, 0.0, 417.3213, 1.8889)
1441 : (17, 20, 0.0, 260.8427, 1.8889)
1442 : (22, 18, 0.0, 387.32, 2.3333)
1443 : (18, 23, 0.0125, 271.6183, 2.0)
1444 : (10, 13, 0.0, 428.1669, 2.0)
1445 : (13, 10, 0.0, 376.5134, 2.6)
1446 : (21, 19, 0.0, 534.1055, 1.9091)
1447 : (19, 21, 0.0, 284.9757, 1.7)
1448 : (24, 16, 0.0, 359.719, 2.0)
1449 : (16, 24, 0.0, 198.6082, 1.4545)
1450 : (38, 2, 0.016, 701.5087, 4.5)
1451 : (2, 38, 0.0, 345.0205, 1.0)
1452 : (7, 24, 0.0, 442.2582, 1.4)
1453 : (24, 8, 0.0, 277.5858, 5.25)
1454 : (26, 14, 0.0189, 614.1444, 2.8889)
1455 : (14, 26, 0.0, 267.7511, 1.625)
1456 : (19, 22, 0.0, 403.8607, 1.9)
1457 : (21, 19, 0.0, 226.2895, 2.2222)
1458 : (19, 24, 0.0114, 455.697, 1.6364)
1459 : (21, 19, 0.0, 355.7904, 2.1)
1460 : (14, 27, 0.0, 395.5131, 1.1667)
1461 : (26, 14, 0.0, 556.5702, 2.0833)
1462 : (17, 13, 0.0135, 520.6711, 2.0)
1463 : (13, 17, 0.0, 309.6653, 1.4444)
1464 : (14, 21, 0.0, 461.1948, 1.625)
1465 : (21, 14, 0.0, 321.5696, 2.3333)
1466 : (21, 20, 0.011, 417.7774, 1.6154)
1467 : (19, 21, 0.0, 353.1425, 1.5)
1468 : (18, 22, 0.0076, 615.0079, 1.4167)
1469 : (22, 18, 0.0, 364.3657, 1.6923)
1470 : (17, 23, 0.0, 374.1059, 1.4)
1471 : (23, 18, 0.0, 350.3813, 2.0909)
1472 : (17, 23, 0.0078, 443.883, 1.4545)
1473 : (23, 17, 0.0, 289.955, 2.0909)
1474 : (11, 19, 0.0, 328.9717, 1.8333)
1475 : (19, 11, 0.0, 351.0168, 2.6667)
1476 : (21, 20, 0.0, 348.0168, 1.6154)
1477 : (19, 22, 0.0, 370.3556, 1.5)
1478 : (9, 31, 0.0124, 727.6721, 1.2857)
1479 : (31, 9, 0.0, 644.5421, 4.2857)
1480 : (18, 22, 0.0156, 420.4224, 1.5)
1481 : (22, 18, 0.0, 192.0978, 1.9091)
1482 : (3, 38, 0.0, 180.9266, 1.0)
1483 : (37, 3, 0.0038, 283.6838, 10.0)
1484 : (19, 22, 0.0, 536.7682, 1.5833)
1485 : (21, 19, 0.0, 350.2756, 1.6667)
1486 : (13, 27, 0.0, 358.2037, 1.3)
1487 : (27, 13, 0.0, 278.3385, 2.5556)
1488 : (16, 26, 0.0, 412.5863, 1.6)
1489 : (24, 16, 0.0, 234.6406, 2.4444)
1490 : (23, 17, 0.0095, 496.5721, 1.6429)
1491 : (17, 23, 0.0, 207.9879, 1.1429)
1492 : (23, 17, 0.0168, 597.9335, 3.1429)
1493 : (17, 23, 0.0, 223.9027, 2.4286)
1494 : (18, 22, 0.0, 510.2813, 1.6364)
1495 : (22, 18, 0.0, 276.4905, 1.8182)
1496 : (18, 22, 0.0, 373.9188, 1.4167)
1497 : (22, 18, 0.0, 315.847, 1.8333)
1498 : (23, 15, 0.0, 514.2912, 2.625)
1499 : (15, 23, 0.0, 374.8465, 1.875)
1500 : (22, 18, 0.0066, 332.3311, 1.8333)
1501 : (18, 22, 0.0, 254.8464, 1.5455)
1502 : (18, 22, 0.0, 547.4211, 1.6364)
1503 : (22, 18, 0.0, 309.2414, 1.9091)
1504 : (13, 28, 0.0, 529.0448, 1.3333)
1505 : (27, 13, 0.0, 304.0439, 2.7)
1506 : (25, 17, 0.0044, 348.327, 2.0)
1507 : (15, 25, 0.0, 242.6194, 1.6667)
1508 : (23, 19, 0.0036, 421.2215, 2.1)
1509 : (17, 24, 0.0044, 284.8899, 1.7)
1510 : (22, 19, 0.0106, 558.1202, 1.75)
1511 : (18, 22, 0.0, 304.6769, 1.6364)
1512 : (16, 24, 0.0, 440.8313, 1.4545)
1513 : (24, 17, 0.0, 247.2438, 2.0)
1514 : (6, 34, 0.0, 431.188, 1.0)
1515 : (34, 6, 0.0038, 484.5752, 5.0)
1516 : (20, 20, 0.0, 512.9803, 1.8182)
1517 : (20, 20, 0.0, 287.831, 1.9)
1518 : (19, 21, 0.0135, 472.8558, 1.6364)
1519 : (21, 19, 0.0061, 277.654, 1.9091)
1520 : (23, 17, 0.0, 391.7101, 2.1)
1521 : (17, 23, 0.0, 177.4263, 1.5455)
1522 : (15, 25, 0.0258, 476.2742, 1.875)
1523 : (25, 15, 0.0, 243.4971, 3.0)
1524 : (10, 25, 0.0, 518.6162, 1.125)
1525 : (25, 10, 0.0, 326.7192, 2.7778)
1526 : (12, 28, 0.0, 257.3759, 1.3333)
1527 : (28, 13, 0.0, 265.1511, 2.8889)
1528 : (22, 18, 0.0166, 465.8962, 1.8333)
1529 : (18, 22, 0.0, 324.3245, 1.5455)
1530 : (14, 26, 0.0112, 558.7365, 1.625)
1531 : (26, 14, 0.0108, 299.7131, 2.8889)
1532 : (8, 32, 0.0283, 417.9299, 1.0)
1533 : (32, 8, 0.0, 293.7507, 3.5)
1534 : (19, 21, 0.0, 438.5203, 1.4615)
1535 : (21, 19, 0.0, 392.6706, 1.6667)
1536 : (34, 6, 0.0101, 533.9799, 6.6)
1537 : (6, 34, 0.0, 417.3139, 1.2)
1538 : (19, 22, 0.0209, 685.6705, 1.8889)
1539 : (21, 19, 0.0, 356.5623, 2.1)
1540 : (7, 33, 0.009, 462.4779, 1.4)
1541 : (33, 7, 0.0, 452.3524, 6.4)
1542 : (26, 14, 0.0, 504.6535, 2.875)
1543 : (14, 26, 0.0, 145.4766, 1.5556)
1544 : (26, 14, 0.011, 459.0748, 4.1667)
1545 : (14, 26, 0.0072, 308.4646, 2.0)
1546 : (27, 13, 0.0, 537.4182, 2.7)
1547 : (13, 27, 0.0102, 301.1177, 1.3333)
1548 : (21, 19, 0.0, 399.2693, 2.3333)
1549 : (19, 21, 0.0, 318.688, 2.0)
1550 : (21, 19, 0.0124, 353.3195, 1.75)
1551 : (19, 21, 0.0, 211.1235, 1.6364)
1552 : (19, 21, 0.0, 471.597, 1.6)
1553 : (21, 19, 0.0, 251.6292, 2.1)
1554 : (25, 15, 0.0159, 656.0402, 3.125)
1555 : (15, 25, 0.0, 339.9503, 1.625)
1556 : (8, 32, 0.0, 370.7024, 1.3333)
1557 : (32, 8, 0.0, 391.8547, 3.8333)
1558 : (21, 20, 0.0151, 511.0004, 1.75)
1559 : (19, 21, 0.0, 270.0668, 1.5)
1560 : (9, 32, 0.0, 351.6796, 1.2857)
1561 : (31, 9, 0.0, 390.2594, 4.5)
1562 : (21, 21, 0.0072, 496.1725, 1.5)
1563 : (19, 21, 0.0, 299.0728, 1.5)
1564 : (17, 23, 0.0, 445.6637, 1.3077)
1565 : (23, 17, 0.0, 280.7897, 1.75)
1566 : (23, 19, 0.0072, 559.9531, 2.1)
1567 : (17, 23, 0.0, 301.9392, 1.8889)
1568 : (26, 14, 0.0099, 402.5465, 3.0)
1569 : (14, 26, 0.0, 215.5428, 1.5556)
1570 : (16, 24, 0.0, 373.2349, 1.3333)
1571 : (24, 16, 0.0, 272.5348, 2.0909)
1572 : (19, 21, 0.0, 361.626, 1.5833)
1573 : (21, 19, 0.0, 214.6225, 1.6667)
1574 : (20, 20, 0.0104, 524.5829, 2.375)
1575 : (20, 20, 0.0, 215.801, 2.5)
1576 : (17, 23, 0.0313, 646.7889, 1.5556)
1577 : (23, 17, 0.0, 322.4408, 2.3)
1578 : (12, 7, 0.0, 936.7729, 2.4)
1579 : (7, 12, 0.0, 240.5229, 1.2)
1580 : (15, 25, 0.0, 430.4665, 1.3636)
1581 : (25, 15, 0.0, 283.3533, 2.0909)
1582 : (16, 24, 0.0, 360.1543, 1.4545)
1583 : (24, 16, 0.0, 234.3865, 1.9091)
1584 : (17, 23, 0.0071, 600.5735, 1.5455)
1585 : (23, 17, 0.0, 373.106, 2.2)
1586 : (27, 13, 0.0, 425.4736, 3.8571)
1587 : (13, 27, 0.0, 320.2231, 2.0)
1588 : (20, 20, 0.0116, 500.7473, 1.9)
1589 : (20, 20, 0.0, 348.9913, 1.8182)
1590 : (22, 18, 0.0116, 484.2925, 1.8333)
1591 : (18, 22, 0.0, 272.7248, 1.4545)
1592 : (8, 9, 0.0, 576.9211, 1.0)
1593 : (9, 8, 0.0, 388.1824, 1.8)
1594 : (16, 25, 0.0, 329.9345, 1.7778)
1595 : (24, 16, 0.0, 323.3014, 2.5556)
1596 : (11, 29, 0.0, 393.4747, 1.375)
1597 : (29, 11, 0.0, 368.7047, 3.5)
1598 : (13, 27, 0.0, 318.6891, 1.2)
1599 : (27, 13, 0.0, 254.0453, 2.4545)
1600 : (3, 2, 0.0, 157.6932, 1.0)
1601 : (2, 3, 0.0, 108.0263, 1.0)
1602 : (22, 12, 0.0, 227.8765, 2.1111)
1603 : (12, 22, 0.0, 176.0551, 1.3333)
1604 : (22, 13, 0.0, 244.2698, 2.5)
1605 : (13, 22, 0.0, 134.4367, 1.4444)
1606 : (18, 6, 0.0, 223.9709, 3.4)
1607 : (6, 18, 0.0, 175.9918, 1.0)
1608 : (26, 15, 0.0, 168.5762, 2.5556)
1609 : (14, 26, 0.0, 148.6599, 1.4)
1610 : (31, 9, 0.0, 247.486, 3.5)
1611 : (9, 31, 0.0, 138.8402, 1.125)
1612 : (5, 7, 0.0, 237.0272, 3.0)
1613 : (7, 5, 0.0, 171.4442, 3.5)
1614 : (18, 9, 0.0, 300.0984, 2.1429)
1615 : (9, 19, 0.0, 265.2262, 1.2857)
1616 : (9, 14, 0.0, 252.5476, 1.6)
1617 : (13, 9, 0.0, 266.0562, 2.1667)
1618 : (32, 5, 0.0, 244.6774, 5.8)
1619 : (5, 32, 0.0, 210.2834, 1.0)
1620 : (22, 18, 0.0, 276.3207, 2.2)
1621 : (18, 22, 0.0, 227.264, 1.7)
1622 : (29, 11, 0.0, 264.8554, 3.7143)
1623 : (11, 29, 0.0, 137.5512, 1.375)
1624 : (22, 18, 0.0, 174.6723, 1.5833)
1625 : (18, 22, 0.0, 246.7427, 1.3846)
1626 : (19, 21, 0.0012, 234.2682, 1.3846)
1627 : (20, 19, 0.0, 186.3169, 1.5385)
1628 : (24, 16, 0.0, 271.2247, 2.1818)
1629 : (16, 24, 0.0, 173.4767, 1.2727)
1630 : (19, 15, 0.0, 262.4394, 2.7143)
1631 : (15, 19, 0.0, 129.602, 1.5714)
1632 : (19, 7, 0.0, 225.7122, 3.0)
1633 : (7, 19, 0.0, 178.6485, 1.1667)
1634 : (7, 4, 0.0, 194.1582, 3.0)
1635 : (4, 7, 0.0, 199.9786, 1.3333)
1636 : (8, 10, 0.0, 306.4441, 1.4)
1637 : (10, 8, 0.0, 222.1402, 1.6667)
1638 : (22, 18, 0.0, 324.2651, 2.0)
1639 : (18, 22, 0.0, 203.528, 1.6364)
1640 : (5, 6, 0.0, 179.3834, 2.0)
1641 : (6, 5, 0.0, 141.2132, 3.0)
1642 : (15, 12, 0.0, 260.3525, 1.625)
1643 : (12, 15, 0.0, 161.0316, 1.5)
1644 : (16, 8, 0.0, 219.5209, 2.8)
1645 : (8, 16, 0.0, 224.4702, 1.3333)
1646 : (4, 1, 0.0, 158.7635, 4.0)
1647 : (0, 4, 0.0, 0.0, 0.0)
1648 : (4, 4, 0.0, 185.1898, 1.5)
1649 : (4, 4, 0.0, 66.5026, 1.3333)
1650 : (5, 16, 0.0, 230.549, 1.25)
1651 : (16, 6, 0.0, 208.6661, 2.8)
1652 : (4, 4, 0.0, 339.4917, 1.0)
1653 : (4, 4, 0.0, 186.5908, 1.3333)
1654 : (16, 24, 0.0, 263.6463, 1.7778)
1655 : (24, 16, 0.0, 237.7948, 2.75)
1656 : (25, 15, 0.0, 259.4824, 2.0833)
1657 : (15, 25, 0.0, 178.8791, 1.1818)
1658 : (26, 11, 0.0037, 215.9071, 2.8889)
1659 : (11, 26, 0.0, 203.2971, 1.25)
1660 : (23, 10, 0.0, 254.2969, 2.5556)
1661 : (10, 23, 0.0, 122.3791, 1.125)
1662 : (12, 29, 0.0, 196.3018, 1.375)
1663 : (28, 12, 0.0, 278.9071, 3.1111)
1664 : (9, 2, 0.0, 217.3051, 3.0)
1665 : (2, 9, 0.0, 211.6069, 1.0)
1666 : (25, 15, 0.0, 253.5375, 2.1818)
1667 : (15, 25, 0.0, 220.7601, 1.3636)
1668 : (12, 12, 0.0, 252.366, 2.0)
1669 : (12, 12, 0.0, 167.7987, 2.0)
1670 : (14, 10, 0.0, 265.5633, 1.75)
1671 : (10, 14, 0.0, 211.9501, 1.2857)
1672 : (15, 11, 0.0, 265.3975, 1.8333)
1673 : (10, 15, 0.0, 160.3079, 1.6667)
1674 : (18, 22, 0.0, 289.7969, 1.5455)
1675 : (22, 18, 0.0, 161.3808, 2.0)
1676 : (11, 17, 0.0, 161.1629, 1.375)
1677 : (17, 11, 0.0, 139.1966, 2.2857)
1678 : (4, 1, 0.0, 305.9847, 1.0)
1679 : (1, 4, 0.0, 216.7668, 1.0)
1680 : (6, 2, 0.0, 368.0607, 5.0)
1681 : (2, 6, 0.0, 119.5621, 1.0)
1682 : (12, 6, 0.0, 277.8961, 2.5)
1683 : (6, 12, 0.0, 111.024, 1.5)
1684 : (29, 15, 0.0, 270.8419, 2.2727)
1685 : (11, 29, 0.0, 240.2316, 1.2222)
1686 : (23, 9, 0.0, 180.3844, 3.6)
1687 : (9, 23, 0.0, 180.4124, 1.8)
1688 : (26, 14, 0.0, 184.7681, 2.8889)
1689 : (14, 26, 0.0, 172.5632, 1.4444)
1690 : (18, 11, 0.0, 194.9482, 1.8333)
1691 : (11, 18, 0.0, 179.6404, 1.5714)
1692 : (9, 1, 0.0, 225.2082, 0.0)
1693 : (1, 9, 0.0, 295.8962, 1.0)
1694 : (37, 6, 0.0, 327.374, 6.8)
1695 : (3, 37, 0.0165, 384.3187, 1.5)
1696 : (9, 3, 0.0, 269.2834, 1.5)
1697 : (3, 9, 0.0, 164.5755, 1.0)
1698 : (21, 19, 0.0, 223.055, 1.6364)
1699 : (19, 21, 0.0, 178.2312, 1.5833)
1700 : (8, 4, 0.0, 205.4224, 1.75)
1701 : (4, 8, 0.0, 152.6252, 1.0)
1702 : (15, 8, 0.0, 229.2173, 1.8333)
1703 : (8, 15, 0.0, 329.9424, 1.1429)
1704 : (32, 10, 0.0, 279.8834, 3.3333)
1705 : (8, 32, 0.0102, 219.7226, 1.1429)
1706 : (10, 10, 0.0, 204.5129, 1.3333)
1707 : (9, 10, 0.0129, 250.9573, 1.2857)
1708 : (13, 10, 0.0, 155.8744, 1.6667)
1709 : (10, 13, 0.0099, 218.518, 1.4286)
1710 : (2, 1, 0.0, 196.9032, 0.0)
1711 : (1, 2, 0.0, 427.8446, 1.0)
1712 : (29, 14, 0.0, 217.6178, 2.2308)
1713 : (11, 29, 0.0, 324.5022, 1.0)
1714 : (10, 10, 0.0, 267.7006, 1.8)
1715 : (10, 10, 0.0, 296.4174, 1.6667)
1716 : (27, 13, 0.0, 228.1807, 2.7)
1717 : (13, 27, 0.0, 142.2408, 1.2)
1718 : (27, 6, 0.0, 217.9298, 4.2)
1719 : (6, 27, 0.0, 139.0754, 1.0)
1720 : (31, 11, 0.0, 205.9453, 3.625)
1721 : (9, 31, 0.0, 138.7835, 1.2857)
1722 : (32, 11, 0.0, 302.0582, 3.375)
1723 : (8, 32, 0.0, 199.5174, 1.1429)
1724 : (12, 12, 0.0, 266.8405, 1.5)
1725 : (11, 12, 0.0, 238.177, 1.2857)
1726 : (26, 10, 0.0, 254.806, 3.4286)
1727 : (10, 26, 0.0069, 194.8961, 1.4286)
1728 : (33, 9, 0.0, 235.6171, 4.125)
1729 : (7, 33, 0.0, 122.7605, 1.2)
1730 : (13, 7, 0.0, 235.5872, 3.25)
1731 : (7, 13, 0.0, 169.089, 2.0)
1732 : (8, 4, 0.0, 286.0233, 1.6667)
1733 : (4, 8, 0.0396, 342.5785, 1.0)
1734 : (24, 16, 0.0, 253.8997, 2.1)
1735 : (16, 24, 0.0, 156.6239, 1.4545)
1736 : (10, 5, 0.0, 293.1493, 1.25)
1737 : (5, 10, 0.0, 183.1221, 1.25)
1738 : (7, 4, 0.0, 185.3322, 2.3333)
1739 : (4, 7, 0.0247, 287.3543, 1.0)
1740 : (5, 8, 0.0, 361.7084, 1.25)
1741 : (8, 5, 0.0, 163.5874, 2.3333)
1742 : (18, 10, 0.0, 198.3617, 2.5)
1743 : (10, 18, 0.0, 216.4197, 1.4286)
1744 : (23, 17, 0.0, 202.5733, 2.5556)
1745 : (17, 23, 0.0, 128.7818, 2.0)
1746 : (22, 18, 0.0, 213.042, 1.9091)
1747 : (18, 22, 0.0, 240.9428, 1.5)
1748 : (17, 23, 0.0, 297.4551, 1.7)
1749 : (23, 18, 0.0, 212.6065, 2.2)
1750 : (29, 11, 0.0, 220.2655, 2.6667)
1751 : (11, 29, 0.0, 138.3106, 1.2222)
1752 : (17, 6, 0.0, 216.4996, 2.5)
1753 : (6, 17, 0.0, 162.0028, 1.0)
1754 : (24, 16, 0.0065, 302.963, 2.1818)
1755 : (16, 24, 0.0, 208.9761, 1.0909)
1756 : (17, 7, 0.0, 264.3565, 3.5)
1757 : (7, 17, 0.0, 130.0433, 1.75)
1758 : (25, 15, 0.0, 231.5793, 3.125)
1759 : (15, 25, 0.0, 235.2207, 1.75)
1760 : (4, 5, 0.0, 314.9733, 1.5)
1761 : (5, 4, 0.0, 333.6455, 1.6667)
1762 : (34, 9, 0.0, 216.4645, 4.2857)
1763 : (6, 34, 0.0, 240.0875, 1.2)
1764 : (8, 5, 0.0, 238.1006, 2.0)
1765 : (5, 8, 0.0, 158.3313, 2.5)
1766 : (2, 1, 0.0, 344.2885, 2.0)
1767 : (1, 2, 0.0, 237.541, 0.0)
1768 : (21, 19, 0.0, 269.373, 1.9091)
1769 : (19, 21, 0.0, 193.6499, 1.8)
1770 : (8, 3, 0.0, 302.3906, 2.5)
1771 : (3, 8, 0.0, 173.8311, 1.0)
1772 : (20, 15, 0.0, 262.7361, 2.7143)
1773 : (14, 20, 0.0, 187.4352, 2.0)
1774 : (28, 13, 0.0, 174.702, 3.1111)
1775 : (12, 28, 0.0, 106.791, 1.375)
1776 : (24, 16, 0.0054, 248.9151, 2.4)
1777 : (16, 24, 0.0, 166.1213, 1.5556)
1778 : (30, 10, 0.0, 208.8757, 3.6667)
1779 : (10, 30, 0.0, 165.839, 1.6667)
1780 : (5, 0, 0.0, 157.6527, 0.0)
1781 : (0, 5, 0.0, 72.5464, 0.0)
1782 : (11, 16, 0.0, 180.3829, 1.4286)
1783 : (16, 11, 0.0, 194.0236, 2.0)
1784 : (7, 2, 0.0, 165.7663, 6.0)
1785 : (2, 7, 0.0, 127.5763, 1.0)
1786 : (20, 20, 0.0, 171.4201, 1.7273)
1787 : (20, 20, 0.0, 170.9414, 1.8182)
1788 : (0, 2, 0.0, 0.0, 0.0)
1789 : (2, 0, 0.0, 167.7176, 0.0)
1790 : (21, 19, 0.0, 283.5662, 1.3571)
1791 : (19, 21, 0.0, 234.8688, 1.2667)
1792 : (8, 6, 0.0027, 328.5255, 2.6667)
1793 : (6, 8, 0.0, 142.0101, 2.0)
1794 : (5, 7, 0.0, 187.9554, 1.0)
1795 : (7, 5, 0.0, 390.4475, 1.4)
1796 : (8, 10, 0.0, 296.5148, 1.3333)
1797 : (9, 8, 0.0135, 151.106, 1.4)
1798 : (34, 9, 0.0, 311.1547, 4.8571)
1799 : (6, 34, 0.0, 179.9405, 1.0)
1800 : (20, 20, 0.0, 426.6967, 1.5)
1801 : (20, 20, 0.0, 314.9978, 1.6667)
1802 : (10, 30, 0.0192, 454.6926, 1.0)
1803 : (30, 10, 0.0, 329.2741, 3.0)
1804 : (21, 19, 0.0059, 479.3846, 1.6667)
1805 : (19, 21, 0.0065, 247.0949, 1.5833)
1806 : (19, 21, 0.0, 415.0184, 1.7)
1807 : (21, 19, 0.0, 270.5072, 1.9091)
1808 : (21, 20, 0.0044, 324.4948, 1.9091)
1809 : (19, 21, 0.0128, 415.4025, 1.5)
1810 : (16, 24, 0.0, 429.7181, 1.4545)
1811 : (24, 16, 0.0, 342.9967, 2.2)
1812 : (22, 18, 0.0, 389.2971, 2.0)
1813 : (18, 22, 0.0, 258.2549, 1.5455)
1814 : (17, 23, 0.0051, 397.8535, 1.4545)
1815 : (23, 17, 0.0, 276.5526, 2.0909)
1816 : (9, 31, 0.0198, 346.9487, 1.5)
1817 : (31, 9, 0.0, 325.8891, 4.6667)
1818 : (22, 18, 0.0044, 483.9792, 1.8182)
1819 : (18, 26, 0.0, 205.8642, 1.5)
1820 : (16, 24, 0.0113, 534.123, 1.4444)
1821 : (24, 16, 0.0053, 410.0666, 2.6667)
1822 : (19, 21, 0.0062, 392.0704, 1.9)
1823 : (21, 19, 0.0, 458.8911, 2.2222)
1824 : (20, 21, 0.007, 411.142, 1.7273)
1825 : (20, 20, 0.0, 320.3456, 1.8182)
1826 : (20, 20, 0.0, 454.2302, 2.0)
1827 : (20, 21, 0.0, 390.7876, 2.0)
1828 : (26, 14, 0.0, 590.6015, 2.2727)
1829 : (14, 26, 0.0, 326.901, 1.2727)
1830 : (30, 10, 0.0, 459.8213, 4.0)
1831 : (10, 30, 0.0, 305.3332, 1.25)
1832 : (13, 8, 0.0, 589.9536, 2.6)
1833 : (8, 13, 0.0, 180.8468, 1.5)
1834 : (13, 27, 0.0254, 439.9116, 1.5)
1835 : (27, 13, 0.0, 415.5796, 3.0)
1836 : (14, 17, 0.0056, 281.221, 2.0)
1837 : (16, 15, 0.0063, 467.3399, 1.5)
1838 : (13, 27, 0.0076, 400.9862, 1.1818)
1839 : (27, 13, 0.0, 473.3717, 2.1818)
1840 : (23, 17, 0.0, 449.2892, 2.5556)
1841 : (17, 23, 0.0, 324.5197, 1.7778)
1842 : (20, 20, 0.0051, 393.7058, 1.5)
1843 : (20, 20, 0.0, 277.2394, 1.6667)
1844 : (20, 20, 0.0132, 371.6675, 1.5385)
1845 : (20, 20, 0.0067, 355.3622, 1.5)
1846 : (12, 28, 0.0, 374.6232, 1.5)
1847 : (28, 12, 0.0101, 272.5945, 3.25)
1848 : (24, 16, 0.0, 366.6573, 1.7692)
1849 : (16, 25, 0.0, 415.0959, 1.2308)
1850 : (23, 17, 0.0046, 449.4573, 2.3)
1851 : (17, 23, 0.0, 292.9112, 1.7778)
1852 : (16, 24, 0.0, 330.4368, 1.6)
1853 : (24, 16, 0.0, 284.3035, 2.1111)
1854 : (24, 16, 0.0045, 429.0308, 2.0909)
1855 : (16, 24, 0.0, 349.2515, 1.3333)
1856 : (20, 20, 0.0, 490.1999, 1.5833)
1857 : (20, 20, 0.0, 398.688, 1.5385)
1858 : (13, 27, 0.0175, 360.177, 1.3)
1859 : (27, 13, 0.0, 310.2483, 2.8889)
1860 : (18, 22, 0.0049, 533.8559, 1.7)
1861 : (22, 18, 0.0, 362.0581, 2.0)
1862 : (27, 13, 0.0101, 435.7001, 2.1818)
1863 : (13, 27, 0.0, 384.9784, 1.1818)
1864 : (23, 17, 0.0047, 514.5625, 2.0909)
1865 : (17, 23, 0.0, 298.3771, 1.6)
1866 : (13, 11, 0.0, 378.5543, 2.1667)
1867 : (11, 13, 0.0, 223.7234, 1.5)
1868 : (23, 17, 0.0183, 558.4266, 2.3)
1869 : (17, 24, 0.0, 312.8942, 1.5)
1870 : (17, 23, 0.0141, 359.3132, 1.7)
1871 : (23, 17, 0.0, 272.1032, 2.4444)
1872 : (16, 19, 0.0, 374.864, 1.5)
1873 : (19, 16, 0.0062, 324.0411, 1.9)
1874 : (20, 20, 0.0107, 412.2679, 1.8182)
1875 : (20, 20, 0.0, 324.1226, 1.7273)
1876 : (26, 14, 0.0087, 520.4991, 3.5)
1877 : (14, 28, 0.0, 349.3417, 2.3333)
1878 : (13, 27, 0.0057, 255.7676, 1.3)
1879 : (27, 13, 0.0047, 386.4793, 2.6)
1880 : (19, 22, 0.0, 379.3137, 1.5833)
1881 : (21, 19, 0.0, 364.4347, 1.6364)
1882 : (20, 20, 0.0045, 569.6056, 2.1111)
1883 : (20, 20, 0.0, 388.4965, 2.2222)
1884 : (20, 20, 0.0114, 412.4595, 1.5385)
1885 : (20, 21, 0.0, 324.226, 1.4615)
1886 : (17, 23, 0.0, 351.2117, 1.4545)
1887 : (23, 17, 0.0, 361.4492, 1.9167)
1888 : (19, 21, 0.0, 475.4926, 1.5833)
1889 : (21, 19, 0.0, 302.0875, 1.6667)
1890 : (32, 8, 0.004, 573.5308, 5.4)
1891 : (8, 32, 0.0, 198.5512, 1.6)
1892 : (13, 27, 0.0, 403.5578, 1.0833)
1893 : (27, 13, 0.0, 336.331, 2.0)
1894 : (26, 15, 0.0076, 452.5435, 2.3333)
1895 : (14, 26, 0.0, 342.6754, 1.5556)
1896 : (12, 28, 0.0, 598.4897, 1.5)
1897 : (28, 12, 0.0, 400.2268, 3.125)
1898 : (17, 23, 0.0, 456.722, 1.7778)
1899 : (23, 17, 0.0124, 476.4268, 2.5556)
1900 : (20, 20, 0.0, 411.6859, 1.8)
1901 : (20, 20, 0.0, 311.3469, 1.8182)
1902 : (23, 17, 0.0129, 400.6518, 1.6667)
1903 : (17, 23, 0.0, 279.8656, 1.4167)
1904 : (20, 20, 0.0, 462.0222, 1.8182)
1905 : (20, 20, 0.0, 241.0634, 1.7273)
1906 : (17, 23, 0.0, 427.2577, 1.5455)
1907 : (23, 17, 0.0, 371.513, 2.0)
1908 : (20, 20, 0.0, 461.8882, 2.7143)
1909 : (20, 20, 0.0, 193.8847, 2.5)
1910 : (22, 18, 0.0116, 537.8253, 1.5833)
1911 : (18, 22, 0.0, 376.6222, 1.5)
1912 : (17, 23, 0.0055, 500.545, 1.875)
1913 : (23, 17, 0.0, 394.4313, 2.5556)
1914 : (26, 14, 0.0089, 472.936, 2.2727)
1915 : (14, 26, 0.0, 400.1613, 1.2727)
1916 : (14, 26, 0.0061, 415.8262, 1.2727)
1917 : (26, 14, 0.0, 346.0594, 2.5)
1918 : (10, 31, 0.0, 346.5327, 1.25)
1919 : (30, 14, 0.0, 281.1934, 2.6)
1920 : (20, 20, 0.0049, 315.9836, 2.0)
1921 : (20, 21, 0.0, 298.5558, 2.0)
1922 : (14, 26, 0.0, 409.57, 1.625)
1923 : (26, 14, 0.0, 348.9621, 2.8889)
1924 : (20, 20, 0.0097, 459.2605, 1.6667)
1925 : (20, 20, 0.0, 427.1263, 1.5)
1926 : (8, 13, 0.0, 316.8546, 1.3333)
1927 : (13, 8, 0.0, 508.0667, 1.5)
1928 : (21, 19, 0.0094, 496.063, 1.5)
1929 : (19, 21, 0.0, 368.5595, 1.3846)
1930 : (21, 19, 0.0055, 466.6338, 2.1)
1931 : (19, 21, 0.0, 265.472, 2.0)
1932 : (25, 15, 0.0079, 534.5624, 2.3333)
1933 : (15, 25, 0.0, 407.4516, 1.5)
1934 : (20, 20, 0.0, 440.5278, 1.6364)
1935 : (20, 20, 0.0, 349.4015, 1.6667)
1936 : (11, 29, 0.0, 426.4804, 1.2222)
1937 : (29, 11, 0.0, 360.8766, 3.125)
1938 : (25, 15, 0.005, 433.6023, 2.75)
1939 : (15, 25, 0.0, 324.5222, 1.875)
1940 : (11, 29, 0.0, 427.3472, 1.375)
1941 : (29, 11, 0.0, 189.6747, 2.875)
1942 : (13, 27, 0.0093, 409.8499, 1.625)
1943 : (27, 13, 0.0053, 400.2428, 3.25)
1944 : (18, 5, 0.0, 468.5573, 4.5)
1945 : (5, 19, 0.0, 282.1644, 1.0)
1946 : (29, 11, 0.0, 445.0085, 3.1111)
1947 : (11, 29, 0.0, 205.1986, 1.2222)
1948 : (23, 17, 0.0046, 450.5085, 2.0909)
1949 : (17, 23, 0.0, 404.4572, 1.5)
1950 : (26, 14, 0.0044, 515.8887, 2.5)
1951 : (14, 26, 0.0, 335.5308, 1.4)
1952 : (18, 22, 0.0061, 298.8751, 1.4167)
1953 : (22, 18, 0.0, 277.9207, 1.8333)
1954 : (8, 7, 0.0, 359.6997, 1.6)
1955 : (7, 8, 0.0, 251.3141, 1.2)
1956 : (17, 23, 0.0, 437.4363, 2.125)
1957 : (23, 17, 0.0, 242.0561, 2.5)
1958 : (25, 15, 0.0, 412.4299, 2.5)
1959 : (15, 25, 0.0, 443.7227, 1.5556)
1960 : (17, 23, 0.0, 318.2137, 1.3077)
1961 : (23, 17, 0.0101, 286.1118, 1.8333)
1962 : (18, 23, 0.0041, 354.9251, 1.6667)
1963 : (22, 18, 0.0, 344.9947, 2.4444)
1964 : (22, 18, 0.0096, 424.6865, 1.8333)
1965 : (18, 22, 0.0, 322.9156, 1.4167)
1966 : (11, 29, 0.0069, 424.5003, 1.5714)
1967 : (29, 11, 0.0, 411.2382, 3.0)
1968 : (3, 3, 0.0, 420.7953, 1.0)
1969 : (3, 3, 0.0, 448.7685, 1.0)
1970 : (23, 17, 0.0051, 375.0396, 2.3)
1971 : (17, 23, 0.0, 377.89, 1.6)
1972 : (8, 13, 0.0, 425.5266, 1.6)
1973 : (13, 8, 0.0, 467.747, 2.0)
1974 : (26, 14, 0.0, 368.1533, 2.75)
1975 : (14, 26, 0.0, 208.8776, 1.75)
1976 : (24, 16, 0.0047, 531.7987, 2.0)
1977 : (16, 24, 0.0, 337.4279, 1.4545)
1978 : (19, 21, 0.0, 417.8166, 1.7273)
1979 : (21, 19, 0.0, 215.9583, 1.8)
1980 : (16, 24, 0.0, 351.9341, 1.5)
1981 : (24, 16, 0.0, 324.2595, 2.1818)
1982 : (12, 9, 0.0, 369.4066, 2.0)
1983 : (9, 12, 0.0, 380.6577, 1.3333)
1984 : (15, 25, 0.0, 271.981, 1.4)
1985 : (25, 15, 0.0, 255.0552, 2.2727)
1986 : (17, 23, 0.0, 425.7494, 1.4167)
1987 : (23, 17, 0.0, 183.6425, 1.9091)
1988 : (28, 12, 0.0081, 476.063, 3.1111)
1989 : (12, 28, 0.0, 425.5856, 1.375)
1990 : (18, 22, 0.0, 382.4155, 1.6667)
1991 : (22, 18, 0.0, 379.8248, 2.2)
1992 : (17, 23, 0.0133, 571.4465, 1.8889)
1993 : (23, 17, 0.0, 440.8095, 2.375)
1994 : (25, 15, 0.0039, 395.9619, 2.2)
1995 : (15, 25, 0.0, 186.5316, 1.5)
1996 : (25, 15, 0.0, 376.2102, 4.1667)
1997 : (15, 25, 0.0, 245.196, 2.8)
1998 : (10, 20, 0.0, 451.4136, 1.25)
1999 : (20, 10, 0.0, 284.9082, 2.125)
*********************************************************
gen	evals	avg    	std     	min	max
0  	1000 	2.79842	0.285774	1  	3  