0 : (4, 16)
1 : (16, 5)
2 : (15, 5)
3 : (5, 15)
4 : (20, 0)
5 : (0, 20)
6 : (10, 10)
7 : (10, 10)
8 : (1, 19)
9 : (19, 1)
10 : (9, 11)
11 : (11, 9)
12 : (10, 10)
13 : (10, 10)
14 : (6, 14)
15 : (14, 6)
16 : (4, 16)
17 : (16, 4)
18 : (1, 19)
19 : (19, 1)
20 : (7, 13)
21 : (13, 7)
22 : (7, 13)
23 : (13, 7)
24 : (0, 18)
25 : (18, 0)
26 : (1, 19)
27 : (19, 1)
28 : (4, 4)
29 : (4, 4)
30 : (20, 0)
31 : (0, 20)
32 : (0, 20)
33 : (20, 0)
34 : (2, 1)
35 : (1, 2)
36 : (2, 18)
37 : (18, 2)
38 : (0, 20)
39 : (20, 0)
40 : (1, 19)
41 : (19, 1)
42 : (4, 16)
43 : (16, 4)
44 : (3, 17)
45 : (17, 3)
46 : (2, 18)
47 : (18, 2)
48 : (20, 0)
49 : (0, 20)
50 : (10, 10)
51 : (10, 10)
52 : (0, 20)
53 : (20, 0)
54 : (1, 12)
55 : (12, 1)
56 : (19, 1)
57 : (1, 20)
58 : (16, 4)
59 : (4, 16)
60 : (19, 1)
61 : (1, 19)
62 : (20, 0)
63 : (0, 20)
64 : (16, 4)
65 : (4, 16)
66 : (1, 9)
67 : (9, 1)
68 : (3, 17)
69 : (17, 3)
70 : (1, 19)
71 : (19, 1)
72 : (1, 15)
73 : (15, 1)
74 : (1, 19)
75 : (19, 1)
76 : (9, 11)
77 : (11, 9)
78 : (11, 9)
79 : (9, 11)
80 : (20, 0)
81 : (0, 20)
82 : (19, 1)
83 : (1, 19)
84 : (0, 20)
85 : (20, 0)
86 : (3, 17)
87 : (17, 3)
88 : (6, 14)
89 : (14, 6)
90 : (10, 10)
91 : (10, 10)
92 : (20, 0)
93 : (0, 20)
94 : (1, 19)
95 : (19, 1)
96 : (1, 19)
97 : (19, 1)
98 : (14, 6)
99 : (6, 14)
6 : (9, 11)
7 : (11, 9)
8 : (4, 16)
9 : (16, 4)
10 : (5, 15)
11 : (15, 5)
12 : (15, 5)
13 : (5, 15)
14 : (2, 18)
15 : (18, 2)
16 : (0, 20)
17 : (20, 0)
24 : (14, 6)
25 : (6, 14)
26 : (7, 13)
27 : (13, 7)
28 : (11, 9)
29 : (9, 11)
40 : (2, 18)
41 : (18, 2)
42 : (1, 19)
43 : (19, 1)
52 : (0, 20)
53 : (20, 0)
54 : (6, 14)
55 : (14, 6)
64 : (1, 19)
65 : (19, 1)
66 : (0, 20)
67 : (20, 0)
72 : (10, 10)
73 : (10, 10)
74 : (7, 13)
75 : (13, 7)
76 : (0, 20)
77 : (20, 0)
78 : (20, 0)
79 : (0, 20)
92 : (20, 0)
93 : (0, 20)
94 : (0, 20)
95 : (20, 0)
96 : (20, 0)
97 : (0, 20)
98 : (19, 1)
99 : (1, 19)
0 : (6, 14)
1 : (14, 6)
2 : (0, 20)
3 : (20, 0)
4 : (4, 16)
5 : (16, 4)
6 : (17, 3)
7 : (3, 17)
8 : (19, 1)
9 : (1, 19)
10 : (5, 15)
11 : (15, 5)
20 : (6, 14)
21 : (14, 6)
22 : (4, 16)
23 : (16, 4)
24 : (10, 10)
25 : (10, 10)
26 : (11, 9)
27 : (9, 11)
28 : (12, 8)
29 : (8, 12)
30 : (1, 19)
31 : (19, 1)
36 : (12, 8)
37 : (8, 12)
38 : (1, 19)
39 : (19, 1)
40 : (9, 11)
41 : (11, 9)
42 : (20, 0)
43 : (0, 20)
44 : (4, 16)
45 : (16, 4)
46 : (8, 12)
47 : (12, 8)
48 : (1, 19)
49 : (19, 1)
50 : (19, 1)
51 : (1, 19)
52 : (18, 2)
53 : (2, 18)
56 : (0, 20)
57 : (20, 0)
58 : (1, 19)
59 : (19, 1)
64 : (0, 20)
65 : (20, 0)
66 : (1, 12)
67 : (12, 1)
68 : (1, 19)
69 : (19, 1)
70 : (4, 17)
71 : (16, 4)
80 : (4, 16)
81 : (16, 4)
82 : (13, 1)
83 : (1, 13)
88 : (8, 12)
89 : (12, 8)
90 : (7, 13)
91 : (13, 7)
92 : (1, 1)
93 : (1, 1)
94 : (1, 17)
95 : (17, 1)
96 : (0, 20)
97 : (20, 0)
4 : (9, 11)
5 : (11, 9)
6 : (6, 7)
7 : (7, 6)
16 : (16, 4)
17 : (4, 16)
18 : (20, 0)
19 : (0, 20)
20 : (17, 3)
21 : (3, 17)
22 : (0, 20)
23 : (20, 0)
26 : (10, 10)
27 : (10, 10)
34 : (3, 17)
35 : (17, 3)
36 : (2, 18)
37 : (18, 2)
38 : (15, 5)
39 : (5, 15)
40 : (8, 12)
41 : (12, 8)
44 : (13, 0)
45 : (0, 13)
46 : (0, 20)
47 : (20, 0)
48 : (11, 9)
49 : (9, 11)
50 : (14, 6)
51 : (6, 14)
56 : (5, 15)
57 : (15, 5)
58 : (11, 9)
59 : (9, 11)
68 : (0, 20)
69 : (20, 0)
70 : (9, 11)
71 : (11, 9)
74 : (14, 6)
75 : (6, 14)
76 : (15, 5)
77 : (5, 15)
78 : (0, 13)
79 : (13, 0)
80 : (0, 20)
81 : (20, 0)
82 : (0, 20)
83 : (20, 0)
90 : (0, 20)
91 : (20, 0)
92 : (2, 18)
93 : (18, 2)
94 : (0, 17)
95 : (17, 0)
96 : (0, 20)
97 : (20, 0)
98 : (8, 12)
99 : (12, 8)
0 : (8, 12)
1 : (12, 8)
2 : (0, 20)
3 : (20, 0)
8 : (20, 0)
9 : (0, 20)
10 : (0, 20)
11 : (20, 0)
16 : (2, 18)
17 : (18, 2)
18 : (16, 4)
19 : (4, 16)
28 : (17, 3)
29 : (3, 17)
30 : (1, 19)
31 : (19, 1)
36 : (0, 19)
37 : (19, 0)
38 : (8, 12)
39 : (12, 8)
44 : (6, 14)
45 : (14, 6)
46 : (13, 0)
47 : (0, 13)
48 : (20, 0)
49 : (0, 20)
50 : (4, 16)
51 : (16, 4)
52 : (16, 4)
53 : (4, 16)
54 : (20, 0)
55 : (0, 20)
56 : (0, 20)
57 : (20, 0)
58 : (10, 10)
59 : (10, 10)
60 : (19, 1)
61 : (1, 19)
72 : (3, 17)
73 : (17, 3)
74 : (19, 1)
75 : (1, 19)
76 : (0, 20)
77 : (20, 0)
78 : (0, 18)
79 : (18, 0)
80 : (18, 2)
81 : (2, 18)
92 : (9, 11)
93 : (11, 9)
94 : (5, 4)
95 : (4, 5)
96 : (0, 20)
97 : (20, 0)
98 : (0, 20)
99 : (20, 0)
0 : (6, 14)
1 : (14, 6)
2 : (10, 10)
3 : (10, 10)
4 : (19, 1)
5 : (1, 19)
6 : (0, 20)
7 : (20, 0)
12 : (1, 19)
13 : (19, 1)
14 : (0, 20)
15 : (20, 0)
16 : (0, 20)
17 : (20, 0)
18 : (2, 16)
19 : (16, 2)
20 : (0, 20)
21 : (20, 0)
22 : (0, 20)
23 : (20, 0)
24 : (0, 20)
25 : (20, 0)
26 : (20, 0)
27 : (0, 20)
34 : (5, 15)
35 : (15, 5)
36 : (11, 9)
37 : (9, 11)
38 : (9, 11)
39 : (11, 9)
48 : (9, 11)
49 : (11, 9)
50 : (15, 5)
51 : (5, 15)
52 : (0, 20)
53 : (20, 0)
54 : (20, 0)
55 : (0, 20)
68 : (0, 20)
69 : (20, 0)
70 : (20, 0)
71 : (0, 20)
74 : (3, 17)
75 : (17, 3)
80 : (20, 0)
81 : (0, 20)
82 : (19, 1)
83 : (1, 19)
84 : (0, 20)
85 : (20, 0)
86 : (0, 20)
87 : (20, 0)
88 : (20, 0)
89 : (0, 20)
90 : (1, 19)
91 : (19, 1)
92 : (16, 4)
93 : (4, 16)
94 : (11, 9)
95 : (9, 11)
96 : (0, 20)
97 : (20, 0)
98 : (9, 11)
99 : (11, 9)
0 : (1, 19)
1 : (19, 1)
2 : (13, 7)
3 : (7, 13)
4 : (8, 12)
5 : (12, 8)
6 : (19, 1)
7 : (1, 19)
8 : (3, 17)
9 : (17, 3)
10 : (14, 6)
11 : (6, 14)
36 : (13, 7)
37 : (7, 13)
38 : (13, 7)
39 : (7, 13)
40 : (16, 4)
41 : (4, 16)
42 : (17, 3)
43 : (3, 17)
48 : (18, 2)
49 : (2, 18)
50 : (4, 16)
51 : (16, 4)
52 : (20, 0)
53 : (0, 20)
54 : (4, 16)
55 : (16, 4)
66 : (20, 0)
67 : (0, 20)
76 : (0, 20)
77 : (20, 0)
78 : (0, 20)
79 : (20, 1)
80 : (0, 20)
81 : (20, 0)
82 : (1, 19)
83 : (19, 1)
84 : (15, 5)
85 : (5, 15)
86 : (5, 15)
87 : (15, 5)
88 : (19, 1)
89 : (1, 19)
90 : (0, 20)
91 : (20, 0)
92 : (20, 0)
93 : (0, 20)
94 : (0, 16)
95 : (16, 0)
96 : (0, 20)
97 : (20, 0)
0 : (13, 7)
1 : (7, 13)
4 : (15, 5)
5 : (5, 15)
6 : (10, 10)
7 : (10, 10)
16 : (0, 20)
17 : (20, 0)
18 : (19, 1)
19 : (1, 19)
24 : (11, 9)
25 : (9, 11)
26 : (0, 20)
27 : (20, 0)
32 : (9, 11)
33 : (11, 9)
34 : (8, 12)
35 : (12, 8)
36 : (3, 17)
37 : (17, 3)
38 : (13, 4)
39 : (4, 13)
40 : (18, 2)
41 : (2, 18)
42 : (0, 20)
43 : (20, 0)
44 : (0, 20)
45 : (20, 0)
46 : (15, 5)
47 : (5, 15)
48 : (5, 15)
49 : (15, 5)
50 : (14, 6)
51 : (6, 14)
52 : (11, 9)
53 : (9, 11)
54 : (0, 0)
55 : (0, 0)
72 : (19, 0)
73 : (0, 19)
74 : (8, 12)
75 : (12, 8)
82 : (0, 20)
83 : (20, 0)
84 : (0, 20)
85 : (20, 0)
88 : (2, 18)
89 : (18, 2)
90 : (15, 5)
91 : (5, 15)
96 : (2, 18)
97 : (18, 2)
98 : (0, 20)
99 : (20, 0)
0 : (16, 4)
1 : (4, 16)
2 : (0, 20)
3 : (20, 0)
4 : (14, 6)
5 : (6, 14)
6 : (13, 7)
7 : (7, 13)
12 : (1, 16)
13 : (16, 1)
14 : (20, 0)
15 : (0, 20)
16 : (11, 0)
17 : (0, 11)
18 : (17, 3)
19 : (3, 17)
20 : (4, 16)
21 : (16, 4)
22 : (0, 20)
23 : (20, 0)
32 : (9, 11)
33 : (11, 9)
34 : (6, 14)
35 : (14, 6)
36 : (12, 8)
37 : (8, 12)
46 : (15, 5)
47 : (5, 15)
48 : (18, 2)
49 : (2, 18)
50 : (20, 0)
51 : (0, 20)
56 : (0, 20)
57 : (20, 0)
58 : (15, 5)
59 : (5, 15)
64 : (0, 20)
65 : (20, 0)
66 : (3, 17)
67 : (17, 3)
68 : (5, 15)
69 : (15, 5)
70 : (7, 3)
71 : (3, 7)
76 : (0, 20)
77 : (20, 0)
78 : (20, 0)
79 : (0, 20)
88 : (5, 15)
89 : (15, 5)
90 : (0, 20)
91 : (20, 0)
0 : (20, 0)
1 : (0, 20)
2 : (0, 20)
3 : (20, 0)
4 : (3, 17)
5 : (17, 3)
8 : (10, 10)
9 : (10, 10)
10 : (13, 6)
11 : (6, 13)
14 : (1, 19)
15 : (19, 1)
16 : (15, 5)
17 : (5, 15)
18 : (12, 8)
19 : (8, 12)
20 : (6, 14)
21 : (14, 6)
24 : (4, 16)
25 : (16, 4)
26 : (18, 2)
27 : (2, 18)
32 : (0, 20)
33 : (20, 0)
36 : (0, 20)
37 : (20, 0)
38 : (16, 4)
39 : (4, 16)
40 : (0, 20)
41 : (20, 0)
42 : (5, 15)
43 : (15, 5)
44 : (1, 6)
45 : (6, 1)
46 : (5, 15)
47 : (15, 5)
56 : (0, 16)
57 : (16, 0)
58 : (2, 18)
59 : (18, 2)
62 : (0, 20)
63 : (20, 0)
68 : (15, 5)
69 : (5, 15)
70 : (7, 13)
71 : (13, 7)
72 : (3, 17)
73 : (17, 3)
74 : (1, 19)
75 : (19, 1)
84 : (0, 20)
85 : (20, 0)
86 : (0, 20)
87 : (20, 0)
92 : (4, 16)
93 : (16, 4)
94 : (20, 0)
95 : (0, 20)
96 : (4, 0)
97 : (0, 4)
   	            entropy            	              diff             	       kills       
   	-------------------------------	-------------------------------	-------------------
gen	min	avg     	max    	min     	avg    	max    	min	avg  	max
0  	0  	0.998993	2      	0.818624	1.29651	2.11261	3  	18.96	20 
1  	0  	0.940368	2      	0.646466	1.30231	2.11261	10 	19.62	20 
2  	0  	1.02627 	2      	0.646466	1.26619	1.603  	2  	19.3 	20 
3  	0  	1.01212 	2      	0.747956	1.29341	1.84954	13 	19.32	20 
4  	0  	0.897307	2      	0.640783	1.27996	2.05448	9  	19.3 	20 
5  	0  	0.77422 	2      	0.640783	1.31068	1.96494	13 	19.76	20 
6  	0  	0.832314	1.98555	0.640783	1.29556	1.96299	13 	19.72	20 
7  	0  	0.916276	2      	0.734787	1.30034	1.96299	0  	19.52	20 
8  	0  	0.837314	1.98555	0.64853 	1.29589	2.04619	0  	19.14	20 
9  	0  	0.795964	2      	0.64853 	1.30351	2.04619	4  	19.12	20 