Results
[[17, 20], [23, 20], [28, 25], [17, 20]]
[[23, 19], [17, 21], [22, 25], [23, 19]]
[[22, 21], [18, 19], [24, 26], [22, 21]]
[[22, 18], [18, 22], [23, 29], [22, 18]]
[[19, 21], [21, 19], [28, 26], [19, 21]]

kills 1) first bot 2) second bot
[17, 20, 23, 19, 22, 21, 22, 18, 19, 21]
[23, 20, 17, 21, 18, 19, 18, 22, 21, 19]

dies 1) first bot 2) second bot
[28, 25, 22, 25, 24, 26, 23, 29, 28, 26]
[17, 20, 23, 19, 22, 21, 22, 18, 19, 21]

kill [1)mean , 2)var]
1) [20.2, 19.8]
2) [3.7333333333333334, 3.7333333333333334]

dies [1)mean , 2)var]
1) [25.6, 20.2]
2) [5.155555555555555, 3.7333333333333334]

fitness (entropy + total kill + suicides) [1)mean , 2)var]
1) 2.993852340338104
2) 3.583879728452171e-05
