Gen : 0
0 : (2, 18)
1 : (18, 2)
2 : (4, 16)
3 : (16, 4)
4 : (0, 14)
5 : (14, 0)
6 : (2, 2)
7 : (2, 2)
8 : (12, 1)
9 : (1, 12)
10 : (15, 5)
11 : (5, 15)
12 : (4, 16)
13 : (16, 4)
14 : (17, 0)
15 : (0, 17)
16 : (11, 9)
17 : (9, 12)
18 : (12, 0)
19 : (0, 12)
20 : (2, 18)
21 : (18, 2)
22 : (19, 0)
23 : (0, 19)
24 : (14, 6)
25 : (6, 14)
26 : (14, 6)
27 : (6, 14)
28 : (3, 0)
29 : (0, 3)
30 : (1, 5)
31 : (5, 1)
32 : (0, 2)
33 : (2, 0)
34 : (5, 4)
35 : (3, 5)
36 : (1, 19)
37 : (19, 1)
38 : (1, 17)
39 : (17, 1)
40 : (0, 13)
41 : (13, 0)
42 : (6, 14)
43 : (14, 6)
44 : (10, 8)
45 : (8, 10)
46 : (2, 0)
47 : (0, 2)
48 : (0, 15)
49 : (15, 0)
50 : (5, 4)
51 : (4, 5)
52 : (2, 1)
53 : (1, 2)
54 : (3, 13)
55 : (13, 3)
56 : (17, 2)
57 : (2, 17)
58 : (2, 18)
59 : (18, 2)
60 : (17, 2)
61 : (2, 17)
62 : (18, 2)
63 : (2, 18)
64 : (14, 4)
65 : (4, 14)
66 : (0, 2)
67 : (2, 0)
68 : (5, 0)
69 : (0, 5)
70 : (16, 0)
71 : (0, 16)
72 : (2, 18)
73 : (18, 2)
74 : (14, 0)
75 : (0, 14)
76 : (1, 2)
77 : (2, 1)
78 : (4, 14)
79 : (14, 4)
80 : (0, 14)
81 : (14, 0)
82 : (10, 5)
83 : (5, 10)
84 : (16, 4)
85 : (4, 16)
86 : (18, 2)
87 : (2, 18)
88 : (18, 2)
89 : (2, 18)
90 : (11, 9)
91 : (9, 11)
92 : (0, 20)
93 : (20, 0)
94 : (16, 4)
95 : (4, 16)
96 : (20, 0)
97 : (0, 20)
98 : (0, 20)
99 : (20, 0)
*********************************************************
Gen : 0
4 : (8, 11)
5 : (11, 8)
6 : (19, 1)
7 : (1, 19)
8 : (13, 4)
9 : (4, 13)
10 : (7, 11)
11 : (11, 7)
12 : (20, 0)
13 : (0, 20)
14 : (0, 14)
15 : (14, 0)
22 : (15, 1)
23 : (1, 16)
24 : (18, 2)
25 : (2, 18)
26 : (8, 12)
27 : (12, 8)
28 : (7, 0)
29 : (0, 7)
30 : (0, 20)
31 : (20, 0)
32 : (1, 20)
33 : (19, 1)
42 : (7, 9)
43 : (9, 7)
48 : (1, 9)
49 : (9, 1)
50 : (8, 8)
51 : (8, 8)
54 : (3, 17)
55 : (17, 3)
56 : (18, 2)
57 : (2, 18)
58 : (2, 16)
59 : (16, 2)
60 : (16, 0)
61 : (0, 16)
62 : (0, 20)
63 : (20, 0)
64 : (1, 19)
65 : (19, 1)
66 : (8, 12)
67 : (12, 8)
68 : (20, 0)
69 : (0, 20)
70 : (18, 2)
71 : (2, 18)
76 : (19, 1)
77 : (1, 20)
78 : (1, 19)
79 : (19, 1)
82 : (1, 19)
83 : (19, 1)
84 : (8, 5)
85 : (5, 8)
88 : (7, 13)
89 : (13, 7)
90 : (1, 2)
91 : (2, 1)
92 : (15, 5)
93 : (5, 15)
94 : (9, 11)
95 : (11, 9)
*********************************************************
Gen : 1
0 : (3, 14)
1 : (14, 3)
2 : (10, 3)
3 : (3, 10)
4 : (3, 17)
5 : (17, 3)
6 : (9, 11)
7 : (11, 9)
8 : (5, 15)
9 : (15, 5)
10 : (12, 3)
11 : (3, 12)
18 : (8, 10)
19 : (10, 8)
20 : (4, 14)
21 : (14, 4)
22 : (17, 3)
23 : (3, 17)
24 : (7, 11)
25 : (11, 7)
26 : (0, 20)
27 : (20, 0)
28 : (0, 1)
29 : (1, 0)
30 : (0, 20)
31 : (20, 0)
36 : (13, 7)
37 : (7, 13)
38 : (5, 15)
39 : (15, 5)
40 : (2, 4)
41 : (4, 2)
44 : (20, 0)
45 : (0, 20)
46 : (8, 12)
47 : (12, 8)
48 : (2, 10)
49 : (10, 2)
52 : (2, 18)
53 : (18, 2)
54 : (20, 0)
55 : (0, 20)
68 : (10, 10)
69 : (10, 10)
76 : (8, 9)
77 : (9, 8)
78 : (13, 7)
79 : (7, 13)
84 : (15, 0)
85 : (0, 15)
86 : (5, 12)
87 : (12, 5)
88 : (2, 1)
89 : (1, 2)
90 : (4, 15)
91 : (15, 4)
92 : (9, 10)
93 : (10, 9)
94 : (3, 14)
95 : (14, 3)
*********************************************************
Gen : 2
4 : (20, 0)
5 : (0, 20)
6 : (7, 13)
7 : (13, 7)
8 : (5, 11)
9 : (11, 5)
10 : (12, 8)
11 : (8, 12)
12 : (10, 11)
13 : (10, 10)
14 : (20, 0)
15 : (0, 20)
16 : (2, 6)
17 : (6, 2)
18 : (5, 5)
19 : (5, 5)
24 : (10, 10)
25 : (10, 10)
26 : (17, 3)
27 : (3, 17)
28 : (14, 6)
29 : (6, 14)
30 : (12, 8)
31 : (8, 12)
34 : (5, 14)
35 : (14, 5)
36 : (4, 16)
37 : (16, 4)
38 : (14, 4)
39 : (4, 14)
40 : (2, 15)
41 : (15, 2)
42 : (4, 10)
43 : (10, 4)
48 : (4, 16)
49 : (16, 4)
50 : (13, 3)
51 : (3, 13)
52 : (15, 5)
53 : (5, 15)
54 : (6, 14)
55 : (14, 6)
56 : (15, 5)
57 : (5, 15)
58 : (8, 6)
59 : (6, 8)
60 : (1, 3)
61 : (3, 1)
64 : (9, 9)
65 : (9, 9)
68 : (7, 13)
69 : (13, 7)
70 : (7, 4)
71 : (4, 7)
72 : (10, 10)
73 : (10, 10)
76 : (10, 10)
77 : (10, 10)
84 : (13, 7)
85 : (7, 13)
92 : (8, 12)
93 : (12, 8)
96 : (16, 4)
97 : (4, 16)
98 : (7, 13)
99 : (13, 7)
*********************************************************
Gen : 3
0 : (6, 0)
1 : (0, 6)
66 : (12, 8)
67 : (8, 13)
97 : (18, 2)
8 : (12, 6)
9 : (6, 13)
10 : (8, 12)
11 : (12, 8)
98 : (9, 7)
18 : (13, 7)
19 : (7, 13)
20 : (16, 4)
21 : (4, 16)
22 : (7, 13)
23 : (13, 7)
75 : (7, 12)
28 : (11, 11)
29 : (9, 11)
30 : (5, 15)
31 : (15, 5)
32 : (4, 2)
33 : (2, 4)
34 : (5, 3)
35 : (3, 5)
36 : (11, 9)
37 : (9, 11)
38 : (3, 17)
39 : (17, 3)
96 : (2, 18)
99 : (7, 9)
72 : (9, 4)
73 : (4, 9)
56 : (15, 5)
57 : (5, 15)
74 : (12, 7)
62 : (5, 7)
63 : (7, 5)
*********************************************************
Gen : 4
0 : (9, 11)
1 : (11, 9)
2 : (6, 12)
3 : (12, 6)
4 : (7, 0)
5 : (0, 7)
6 : (0, 20)
7 : (20, 0)
16 : (15, 5)
17 : (5, 15)
18 : (7, 13)
19 : (13, 7)
20 : (14, 6)
21 : (6, 14)
22 : (15, 5)
23 : (5, 15)
24 : (12, 8)
25 : (8, 12)
26 : (14, 6)
27 : (6, 14)
32 : (13, 7)
33 : (7, 13)
34 : (15, 6)
35 : (5, 15)
36 : (5, 14)
37 : (14, 5)
40 : (14, 6)
41 : (6, 14)
42 : (0, 1)
43 : (1, 0)
48 : (2, 2)
49 : (2, 2)
50 : (10, 10)
51 : (10, 10)
52 : (9, 11)
53 : (11, 9)
58 : (12, 8)
59 : (8, 12)
64 : (9, 8)
65 : (8, 9)
72 : (11, 9)
73 : (9, 11)
74 : (9, 8)
75 : (8, 9)
80 : (0, 0)
81 : (0, 0)
82 : (5, 5)
83 : (5, 5)
88 : (9, 10)
89 : (10, 9)
*********************************************************
Gen : 5
12 : (6, 10)
13 : (10, 6)
14 : (6, 10)
15 : (10, 6)
16 : (16, 4)
17 : (4, 16)
18 : (10, 9)
19 : (9, 10)
24 : (9, 11)
25 : (11, 9)
26 : (11, 9)
27 : (9, 11)
32 : (15, 5)
33 : (5, 15)
36 : (11, 3)
37 : (3, 11)
38 : (1, 5)
39 : (5, 1)
44 : (6, 14)
45 : (14, 6)
48 : (9, 11)
49 : (11, 9)
50 : (10, 11)
51 : (10, 10)
52 : (15, 5)
53 : (5, 15)
54 : (3, 17)
55 : (17, 3)
60 : (12, 8)
61 : (8, 12)
62 : (7, 6)
63 : (6, 7)
64 : (12, 8)
65 : (8, 12)
78 : (11, 8)
79 : (8, 11)
82 : (14, 7)
83 : (6, 14)
84 : (3, 1)
85 : (1, 3)
86 : (8, 12)
87 : (12, 8)
90 : (12, 5)
91 : (5, 12)
96 : (13, 7)
97 : (7, 13)
98 : (12, 8)
99 : (8, 12)
*********************************************************
Gen : 6
0 : (11, 9)
1 : (9, 11)
2 : (13, 7)
3 : (7, 13)
4 : (12, 8)
5 : (8, 12)
6 : (14, 0)
7 : (0, 14)
8 : (8, 12)
9 : (12, 8)
10 : (7, 11)
11 : (11, 7)
12 : (10, 10)
13 : (10, 10)
14 : (18, 2)
15 : (2, 18)
16 : (8, 12)
17 : (12, 8)
18 : (9, 11)
19 : (11, 9)
20 : (2, 18)
21 : (18, 2)
22 : (15, 5)
23 : (5, 15)
24 : (9, 11)
25 : (11, 9)
26 : (12, 8)
27 : (8, 12)
32 : (4, 7)
33 : (7, 4)
34 : (16, 4)
35 : (4, 16)
40 : (12, 8)
41 : (8, 12)
42 : (7, 13)
43 : (13, 7)
44 : (14, 6)
45 : (6, 14)
48 : (4, 16)
49 : (16, 4)
50 : (12, 4)
51 : (4, 12)
58 : (9, 1)
59 : (1, 9)
60 : (12, 8)
61 : (8, 12)
62 : (7, 13)
63 : (13, 7)
68 : (17, 3)
69 : (3, 17)
70 : (17, 3)
71 : (3, 17)
72 : (12, 8)
73 : (8, 12)
74 : (11, 9)
75 : (9, 11)
80 : (6, 14)
81 : (14, 6)
82 : (8, 1)
83 : (1, 8)
84 : (14, 6)
85 : (6, 14)
86 : (11, 9)
87 : (9, 11)
88 : (9, 11)
89 : (11, 9)
90 : (16, 4)
91 : (4, 16)
92 : (10, 10)
93 : (10, 10)
94 : (4, 5)
95 : (5, 4)
96 : (5, 2)
97 : (2, 5)
98 : (5, 3)
99 : (3, 5)
*********************************************************
Gen : 7
0 : (8, 9)
1 : (9, 8)
2 : (11, 9)
3 : (9, 11)
6 : (9, 7)
7 : (7, 9)
16 : (13, 7)
17 : (7, 13)
18 : (9, 11)
19 : (11, 9)
20 : (14, 6)
21 : (6, 14)
24 : (14, 6)
25 : (6, 14)
32 : (11, 7)
33 : (7, 11)
34 : (6, 7)
35 : (7, 6)
46 : (2, 18)
47 : (18, 2)
48 : (14, 6)
49 : (6, 14)
50 : (3, 17)
51 : (17, 3)
56 : (4, 5)
57 : (5, 4)
58 : (8, 6)
59 : (6, 8)
60 : (4, 16)
61 : (16, 4)
62 : (16, 4)
63 : (4, 16)
64 : (14, 4)
65 : (4, 14)
66 : (1, 19)
67 : (19, 1)
72 : (18, 2)
73 : (2, 18)
74 : (15, 5)
75 : (5, 15)
80 : (7, 13)
81 : (13, 7)
82 : (9, 11)
83 : (11, 9)
88 : (9, 11)
89 : (11, 9)
90 : (12, 8)
91 : (8, 12)
*********************************************************
Gen : 8
0 : (13, 7)
1 : (7, 13)
2 : (5, 5)
3 : (5, 5)
4 : (13, 7)
5 : (7, 13)
6 : (11, 9)
7 : (9, 11)
12 : (13, 7)
13 : (7, 13)
14 : (12, 8)
15 : (8, 12)
16 : (5, 15)
17 : (15, 5)
18 : (2, 10)
19 : (10, 2)
24 : (11, 9)
25 : (9, 11)
26 : (15, 5)
27 : (5, 15)
28 : (12, 8)
29 : (8, 12)
30 : (11, 9)
31 : (9, 11)
34 : (14, 6)
35 : (6, 14)
36 : (9, 11)
37 : (11, 9)
38 : (8, 12)
39 : (12, 8)
44 : (1, 4)
45 : (4, 1)
46 : (3, 16)
47 : (16, 3)
48 : (10, 10)
49 : (10, 10)
50 : (13, 7)
51 : (7, 13)
56 : (14, 6)
57 : (6, 14)
58 : (8, 5)
59 : (5, 8)
60 : (14, 6)
61 : (6, 14)
66 : (8, 12)
67 : (12, 8)
68 : (6, 14)
69 : (14, 6)
70 : (5, 15)
71 : (15, 5)
72 : (10, 10)
73 : (10, 10)
74 : (10, 10)
75 : (10, 10)
76 : (13, 7)
77 : (7, 13)
78 : (14, 6)
79 : (6, 14)
82 : (11, 9)
83 : (9, 11)
88 : (13, 7)
89 : (7, 13)
90 : (4, 1)
91 : (1, 4)
*********************************************************
Gen : 9
8 : (9, 11)
9 : (11, 9)
10 : (8, 12)
11 : (12, 8)
12 : (10, 9)
13 : (9, 10)
14 : (11, 9)
15 : (9, 11)
16 : (12, 8)
17 : (8, 12)
26 : (14, 6)
27 : (6, 14)
28 : (3, 17)
29 : (17, 3)
30 : (16, 4)
31 : (4, 16)
36 : (1, 6)
37 : (6, 1)
38 : (16, 5)
39 : (4, 16)
40 : (10, 10)
41 : (10, 10)
42 : (12, 8)
43 : (8, 12)
52 : (2, 4)
53 : (4, 2)
54 : (13, 7)
55 : (7, 13)
58 : (12, 6)
59 : (6, 12)
60 : (13, 7)
61 : (7, 13)
62 : (9, 4)
63 : (4, 9)
64 : (2, 0)
65 : (0, 2)
66 : (8, 8)
67 : (8, 8)
68 : (1, 1)
69 : (1, 1)
70 : (18, 2)
71 : (2, 18)
72 : (3, 2)
73 : (2, 3)
74 : (6, 5)
75 : (5, 6)
82 : (11, 9)
83 : (9, 11)
88 : (8, 12)
89 : (12, 8)
90 : (3, 2)
91 : (2, 3)
92 : (12, 7)
93 : (7, 12)
94 : (11, 9)
95 : (9, 11)
96 : (10, 10)
97 : (10, 10)
98 : (11, 9)
99 : (9, 11)
*********************************************************
Gen : 10
0 : (12, 7)
1 : (7, 12)
2 : (10, 10)
3 : (10, 10)
4 : (8, 12)
5 : (12, 8)
8 : (9, 2)
9 : (2, 9)
12 : (4, 6)
13 : (6, 4)
14 : (11, 8)
15 : (8, 11)
18 : (12, 8)
19 : (8, 12)
20 : (6, 6)
21 : (6, 6)
22 : (4, 6)
23 : (6, 4)
24 : (8, 12)
25 : (12, 8)
26 : (9, 11)
27 : (11, 9)
28 : (12, 8)
29 : (8, 12)
30 : (12, 8)
31 : (8, 12)
32 : (8, 12)
33 : (12, 8)
34 : (9, 11)
35 : (11, 9)
36 : (16, 5)
37 : (4, 16)
38 : (2, 10)
39 : (10, 2)
44 : (18, 2)
45 : (2, 18)
46 : (11, 8)
47 : (8, 11)
48 : (14, 6)
49 : (6, 14)
50 : (14, 6)
51 : (6, 14)
52 : (13, 7)
53 : (7, 13)
54 : (11, 6)
55 : (6, 11)
56 : (3, 0)
57 : (0, 3)
58 : (12, 8)
59 : (8, 12)
60 : (17, 3)
61 : (3, 17)
62 : (2, 3)
63 : (3, 2)
64 : (7, 4)
65 : (4, 7)
66 : (14, 6)
67 : (6, 14)
70 : (9, 11)
71 : (11, 9)
72 : (10, 10)
73 : (10, 10)
74 : (0, 2)
75 : (2, 0)
80 : (11, 9)
81 : (9, 11)
82 : (8, 12)
83 : (12, 8)
84 : (18, 2)
85 : (2, 18)
86 : (11, 5)
87 : (5, 11)
88 : (0, 2)
89 : (2, 0)
90 : (1, 0)
91 : (0, 1)
92 : (9, 2)
93 : (2, 9)
94 : (8, 7)
95 : (7, 8)
96 : (9, 11)
97 : (11, 9)
98 : (17, 3)
99 : (3, 17)
*********************************************************
Gen : 11
0 : (8, 12)
1 : (12, 8)
2 : (14, 6)
3 : (6, 14)
4 : (16, 4)
5 : (4, 16)
6 : (11, 9)
7 : (9, 11)
8 : (18, 2)
9 : (2, 18)
10 : (11, 9)
11 : (9, 11)
12 : (13, 7)
13 : (7, 13)
14 : (13, 7)
15 : (7, 13)
16 : (4, 2)
17 : (2, 4)
18 : (11, 4)
19 : (4, 11)
20 : (8, 4)
21 : (4, 8)
22 : (7, 11)
23 : (11, 7)
32 : (6, 14)
33 : (14, 6)
44 : (11, 9)
45 : (9, 11)
46 : (6, 3)
47 : (3, 6)
50 : (13, 7)
51 : (7, 13)
52 : (8, 15)
53 : (12, 8)
54 : (9, 11)
55 : (11, 9)
56 : (2, 8)
57 : (8, 2)
58 : (18, 2)
59 : (2, 18)
68 : (18, 2)
69 : (2, 18)
70 : (3, 17)
71 : (17, 3)
82 : (14, 6)
83 : (6, 14)
84 : (3, 17)
85 : (17, 3)
86 : (17, 3)
87 : (3, 17)
96 : (11, 9)
97 : (9, 11)
98 : (13, 7)
99 : (7, 13)
*********************************************************
Gen : 12
4 : (3, 1)
5 : (1, 3)
6 : (2, 0)
7 : (0, 2)
8 : (13, 5)
9 : (5, 13)
10 : (7, 8)
11 : (8, 7)
16 : (0, 2)
17 : (2, 0)
18 : (11, 9)
19 : (9, 11)
30 : (10, 10)
31 : (10, 10)
34 : (6, 14)
35 : (14, 6)
36 : (10, 10)
37 : (10, 10)
40 : (5, 5)
41 : (5, 5)
42 : (12, 5)
43 : (5, 12)
44 : (4, 4)
45 : (4, 4)
46 : (10, 10)
47 : (10, 10)
48 : (13, 7)
49 : (7, 13)
50 : (6, 4)
51 : (4, 6)
52 : (5, 2)
53 : (2, 5)
54 : (7, 13)
55 : (13, 7)
60 : (8, 12)
61 : (12, 8)
62 : (16, 3)
63 : (3, 16)
64 : (14, 6)
65 : (6, 14)
66 : (16, 4)
67 : (4, 16)
68 : (12, 8)
69 : (8, 12)
70 : (4, 3)
71 : (3, 4)
72 : (10, 12)
73 : (10, 10)
76 : (19, 1)
77 : (1, 19)
78 : (0, 15)
79 : (15, 0)
80 : (8, 12)
81 : (12, 8)
82 : (15, 5)
83 : (5, 15)
86 : (12, 8)
87 : (8, 12)
88 : (9, 11)
89 : (11, 9)
94 : (8, 12)
95 : (12, 8)
98 : (8, 3)
99 : (3, 8)
*********************************************************
Gen : 13
0 : (5, 13)
1 : (13, 5)
2 : (15, 5)
3 : (5, 15)
4 : (14, 6)
5 : (6, 14)
16 : (5, 15)
17 : (15, 5)
18 : (12, 8)
19 : (8, 12)
20 : (7, 13)
21 : (13, 7)
22 : (18, 2)
23 : (2, 18)
24 : (11, 9)
25 : (9, 11)
26 : (10, 10)
27 : (10, 10)
42 : (10, 7)
43 : (7, 10)
48 : (19, 1)
49 : (1, 19)
50 : (7, 13)
51 : (13, 7)
52 : (15, 5)
53 : (5, 15)
54 : (9, 10)
55 : (10, 9)
60 : (3, 17)
61 : (17, 3)
62 : (14, 7)
63 : (6, 14)
64 : (16, 4)
65 : (4, 16)
66 : (8, 8)
67 : (8, 8)
68 : (2, 1)
69 : (1, 2)
70 : (16, 4)
71 : (4, 16)
76 : (14, 5)
77 : (5, 14)
78 : (11, 8)
79 : (8, 11)
82 : (13, 7)
83 : (7, 13)
84 : (0, 4)
85 : (4, 0)
88 : (10, 10)
89 : (10, 10)
90 : (14, 2)
91 : (2, 14)
*********************************************************
Gen : 14
0 : (9, 11)
1 : (11, 9)
16 : (12, 8)
17 : (8, 12)
18 : (11, 3)
19 : (3, 11)
24 : (13, 7)
25 : (7, 13)
26 : (10, 7)
27 : (7, 10)
28 : (17, 3)
29 : (3, 17)
30 : (12, 8)
31 : (8, 12)
32 : (12, 8)
33 : (8, 12)
34 : (13, 7)
35 : (7, 13)
38 : (4, 2)
39 : (2, 4)
40 : (4, 16)
41 : (16, 4)
42 : (8, 4)
43 : (4, 8)
44 : (3, 3)
45 : (3, 3)
46 : (10, 10)
47 : (10, 10)
50 : (11, 9)
51 : (9, 11)
54 : (14, 6)
55 : (6, 14)
60 : (13, 7)
61 : (7, 13)
62 : (13, 7)
63 : (7, 13)
64 : (6, 6)
65 : (6, 6)
66 : (16, 4)
67 : (4, 16)
68 : (8, 9)
69 : (9, 8)
70 : (10, 0)
71 : (0, 10)
72 : (19, 1)
73 : (1, 19)
74 : (0, 20)
75 : (20, 0)
80 : (7, 13)
81 : (13, 7)
82 : (17, 3)
83 : (3, 17)
84 : (12, 8)
85 : (8, 12)
88 : (8, 12)
89 : (12, 8)
90 : (1, 1)
91 : (1, 1)
92 : (7, 6)
93 : (6, 7)
94 : (1, 1)
95 : (1, 1)
96 : (13, 7)
97 : (7, 13)
98 : (8, 13)
99 : (12, 8)
*********************************************************
Gen : 15
2 : (11, 8)
3 : (8, 11)
20 : (12, 7)
21 : (7, 12)
22 : (12, 8)
23 : (8, 12)
24 : (14, 6)
25 : (6, 14)
26 : (13, 7)
27 : (7, 13)
32 : (7, 13)
33 : (13, 7)
34 : (12, 8)
35 : (8, 12)
40 : (5, 10)
41 : (10, 5)
42 : (10, 5)
43 : (5, 10)
48 : (13, 7)
49 : (7, 13)
50 : (7, 13)
51 : (13, 7)
52 : (11, 9)
53 : (9, 11)
54 : (13, 7)
55 : (7, 13)
56 : (11, 9)
57 : (9, 11)
60 : (16, 4)
61 : (4, 16)
62 : (3, 12)
63 : (12, 3)
64 : (4, 16)
65 : (16, 4)
66 : (11, 9)
67 : (9, 11)
80 : (8, 12)
81 : (12, 8)
82 : (7, 1)
83 : (1, 7)
92 : (2, 2)
93 : (2, 2)
94 : (12, 5)
95 : (5, 12)
96 : (14, 1)
97 : (1, 14)
98 : (10, 10)
99 : (10, 10)
*********************************************************
Gen : 16
0 : (3, 17)
1 : (17, 3)
2 : (7, 4)
3 : (4, 7)
8 : (8, 6)
9 : (6, 8)
10 : (5, 4)
11 : (4, 5)
12 : (13, 7)
13 : (7, 13)
14 : (10, 10)
15 : (10, 10)
18 : (10, 7)
19 : (7, 10)
20 : (12, 9)
21 : (8, 12)
22 : (2, 18)
23 : (18, 2)
24 : (13, 7)
25 : (7, 13)
26 : (9, 11)
27 : (11, 9)
28 : (1, 16)
29 : (16, 1)
30 : (8, 13)
31 : (12, 8)
32 : (12, 8)
33 : (8, 12)
34 : (6, 2)
35 : (2, 6)
36 : (14, 6)
37 : (6, 14)
38 : (10, 10)
39 : (10, 10)
52 : (13, 7)
53 : (7, 13)
54 : (14, 6)
55 : (6, 14)
64 : (5, 15)
65 : (15, 5)
66 : (12, 8)
67 : (8, 12)
68 : (0, 0)
69 : (0, 0)
70 : (6, 7)
71 : (7, 6)
80 : (16, 4)
81 : (4, 16)
82 : (11, 5)
83 : (5, 11)
84 : (9, 11)
85 : (11, 9)
86 : (15, 5)
87 : (5, 15)
88 : (18, 0)
89 : (0, 18)
90 : (3, 17)
91 : (17, 3)
92 : (0, 8)
93 : (8, 0)
94 : (4, 19)
95 : (16, 4)
*********************************************************
Gen : 17
2 : (13, 7)
3 : (7, 13)
4 : (11, 9)
5 : (9, 11)
6 : (11, 9)
7 : (9, 11)
8 : (11, 9)
9 : (9, 11)
10 : (9, 11)
11 : (11, 9)
12 : (12, 8)
13 : (8, 12)
14 : (5, 12)
15 : (12, 5)
16 : (13, 7)
17 : (7, 13)
18 : (13, 7)
19 : (7, 13)
20 : (11, 9)
21 : (9, 11)
22 : (13, 7)
23 : (7, 13)
24 : (13, 4)
25 : (4, 13)
26 : (13, 7)
27 : (7, 13)
28 : (11, 9)
29 : (9, 11)
30 : (10, 4)
31 : (4, 10)
32 : (16, 4)
33 : (4, 16)
36 : (16, 4)
37 : (4, 16)
38 : (2, 0)
39 : (0, 2)
40 : (7, 1)
41 : (1, 7)
42 : (1, 0)
43 : (0, 1)
48 : (13, 7)
49 : (7, 13)
50 : (0, 2)
51 : (2, 0)
52 : (0, 10)
53 : (10, 0)
54 : (10, 10)
55 : (10, 10)
56 : (9, 11)
57 : (11, 9)
58 : (5, 4)
59 : (4, 5)
60 : (2, 2)
61 : (2, 2)
62 : (13, 7)
63 : (7, 13)
64 : (9, 11)
65 : (11, 9)
74 : (13, 7)
75 : (7, 13)
88 : (14, 6)
89 : (6, 14)
90 : (6, 14)
91 : (14, 6)
92 : (10, 7)
93 : (7, 10)
94 : (12, 8)
95 : (8, 12)
96 : (12, 8)
97 : (8, 12)
98 : (1, 2)
99 : (2, 1)
*********************************************************
Gen : 18
0 : (9, 8)
1 : (8, 9)
2 : (4, 4)
3 : (4, 4)
4 : (10, 10)
5 : (10, 10)
6 : (0, 1)
7 : (1, 0)
8 : (3, 1)
9 : (1, 3)
16 : (10, 1)
17 : (1, 10)
18 : (14, 6)
19 : (6, 14)
26 : (12, 8)
27 : (8, 12)
28 : (2, 2)
29 : (2, 2)
30 : (7, 5)
31 : (5, 7)
34 : (10, 7)
35 : (7, 10)
36 : (15, 5)
37 : (5, 15)
40 : (11, 9)
41 : (9, 11)
42 : (17, 3)
43 : (3, 17)
46 : (9, 11)
47 : (11, 9)
48 : (12, 8)
49 : (8, 12)
50 : (8, 12)
51 : (12, 8)
52 : (11, 9)
53 : (9, 11)
54 : (13, 7)
55 : (7, 13)
56 : (14, 6)
57 : (6, 14)
58 : (14, 6)
59 : (6, 14)
60 : (11, 8)
61 : (8, 11)
62 : (15, 5)
63 : (5, 15)
76 : (11, 9)
77 : (9, 11)
84 : (15, 5)
85 : (5, 15)
86 : (1, 0)
87 : (0, 1)
88 : (1, 6)
89 : (6, 1)
90 : (7, 9)
91 : (9, 7)
96 : (4, 2)
97 : (2, 4)
98 : (13, 5)
99 : (5, 13)
*********************************************************
gen	avg    	std     	min    	max    
0  	1.68101	0.862128	0.1    	2.98555
1  	2.06408	0.676828	0.35   	2.98555
2  	2.38169	0.6842  	0.05   	3      
3  	2.62218	0.447786	1      	3      
4  	2.74307	0.427347	0.3    	3      
5  	2.6684 	0.710865	0      	3      
6  	2.83368	0.297957	1.60004	3      
7  	2.67225	0.487178	0.7    	3      
8  	2.78311	0.315143	1.57279	3      
9  	2.80763	0.316223	1.69386	3      
10 	2.72816	0.50721 	0.1    	3      
11 	2.5037 	0.786839	0.05   	3      
12 	2.73512	0.341253	1.93799	3      
13 	2.5979 	0.675838	0.1    	3      
14 	2.72881	0.489613	0.2    	3      
15 	2.67318	0.513142	0.5    	3      
16 	2.78956	0.335744	1.45672	3      
17 	2.61718	0.645234	0      	3      
18 	2.59948	0.771792	0.05   	3      
19 	2.6018 	0.661479	0.05   	3      