Results
[[8, 9], [12, 11], [14, 13], [8, 9]]
[[5, 6], [13, 14], [17, 16], [5, 6]]
[[10, 7], [10, 13], [14, 13], [10, 7]]
[[7, 9], [13, 9], [13, 11], [7, 9]]
[[10, 6], [10, 14], [11, 18], [10, 6]]

kills 1) first bot 2) second bot
[8, 9, 5, 6, 10, 7, 7, 9, 10, 6]
[12, 11, 13, 14, 10, 13, 13, 9, 10, 14]

dies 1) first bot 2) second bot
[14, 13, 17, 16, 14, 13, 13, 11, 11, 18]
[8, 9, 5, 6, 10, 7, 7, 9, 10, 6]

kill [1)mean , 2)var]
1) [7.7, 11.9]
2) [3.1222222222222222, 3.211111111111111]

dies [1)mean , 2)var]
1) [14.0, 7.7]
2) [5.555555555555555, 3.1222222222222222]

fitness (entropy + total kill + suicides) [1)mean , 2)var]
1) 2.735514813630432
2) 0.029732476146769507
