Gen : 0
0 : (8, 32, 0.0, 123.772, 1.0)
1 : (32, 16, 0.0207, 470.469, 2.4615)
2 : (9, 31, 0.0, 156.0496, 1.125)
3 : (31, 11, 0.0239, 501.7708, 3.3472)
4 : (6, 34, 0.001, 362.3625, 1.0)
5 : (34, 9, 0.0236, 511.9051, 3.6667)
6 : (4, 36, 0.0, 192.6085, 1.3333)
7 : (36, 10, 0.0232, 485.819, 3.6667)
8 : (9, 31, 0.0, 188.7727, 1.125)
9 : (31, 14, 0.0174, 414.5423, 2.9125)
10 : (7, 33, 0.0, 174.4012, 1.4)
11 : (33, 14, 0.0261, 504.7504, 4.175)
12 : (6, 34, 0.0, 238.1123, 1.2)
13 : (34, 12, 0.0204, 423.4936, 3.8)
14 : (9, 31, 0.0, 234.695, 1.0)
15 : (31, 13, 0.0289, 563.8375, 2.5)
16 : (4, 36, 0.0, 230.4638, 2.0)
17 : (36, 10, 0.0256, 499.486, 4.5)
18 : (9, 31, 0.0, 146.0216, 1.0)
19 : (31, 14, 0.0191, 442.5539, 2.4615)
20 : (4, 36, 0.0, 231.9082, 1.0)
21 : (36, 11, 0.0275, 530.0729, 4.0)
22 : (7, 33, 0.0, 281.3168, 1.1667)
23 : (33, 13, 0.0173, 450.3903, 3.5741)
24 : (8, 32, 0.0, 224.1996, 1.0)
25 : (32, 14, 0.0174, 444.1989, 3.1)
26 : (6, 34, 0.0, 187.6242, 1.0)
27 : (34, 7, 0.015, 446.409, 5.0)
28 : (10, 30, 0.0, 183.8828, 1.0)
29 : (30, 21, 0.0205, 426.6337, 1.7647)
30 : (8, 32, 0.0, 318.7715, 1.1429)
31 : (32, 18, 0.0259, 507.3935, 2.2245)
32 : (9, 31, 0.0, 202.0307, 1.125)
33 : (31, 11, 0.0268, 583.8318, 3.4583)
34 : (8, 32, 0.0, 252.9786, 1.4)
35 : (32, 10, 0.0179, 440.1071, 4.7714)
36 : (7, 33, 0.0, 173.0407, 1.1667)
37 : (33, 13, 0.0175, 409.898, 3.0152)
38 : (8, 32, 0.0, 162.9083, 1.0)
39 : (32, 11, 0.0275, 561.1925, 3.2)
40 : (7, 33, 0.0, 209.4715, 1.1667)
41 : (33, 10, 0.0181, 449.9542, 4.0208)
42 : (14, 26, 0.0, 189.9885, 1.2727)
43 : (26, 17, 0.0227, 462.5869, 2.2975)
44 : (8, 32, 0.0, 187.8474, 1.0)
45 : (32, 12, 0.0244, 507.9864, 3.1)
46 : (14, 26, 0.0, 228.0265, 1.4)
47 : (26, 16, 0.0246, 507.6208, 2.44)
48 : (8, 32, 0.0, 235.6986, 1.1429)
49 : (32, 11, 0.0193, 472.2333, 3.2143)
50 : (9, 31, 0.0, 180.7587, 1.0)
51 : (31, 10, 0.0212, 495.9359, 2.7778)
52 : (5, 35, 0.0, 168.5544, 1.0)
53 : (35, 16, 0.0203, 451.801, 3.0)
54 : (13, 27, 0.0, 193.3096, 1.375)
55 : (27, 17, 0.0216, 463.9816, 2.8375)
56 : (16, 24, 0.0, 247.5534, 1.2308)
57 : (24, 26, 0.0234, 494.3386, 1.5487)
58 : (11, 29, 0.0, 199.2922, 1.375)
59 : (29, 15, 0.0187, 461.1553, 2.6705)
60 : (9, 31, 0.0, 322.9843, 1.2857)
61 : (31, 13, 0.0213, 479.14, 3.1286)
62 : (15, 25, 0.0, 229.1298, 1.0)
63 : (25, 17, 0.0262, 550.7975, 1.8571)
64 : (12, 28, 0.0, 206.7498, 1.3333)
65 : (28, 19, 0.02, 460.5849, 2.3333)
66 : (14, 26, 0.0, 203.4605, 1.3)
67 : (26, 18, 0.0194, 435.2209, 2.4818)
68 : (11, 29, 0.0, 262.0093, 1.25)
69 : (29, 16, 0.0241, 505.8465, 2.5208)
70 : (21, 19, 0.0, 179.2886, 2.1)
71 : (19, 26, 0.0169, 446.3474, 1.675)
72 : (14, 26, 0.0, 221.1958, 1.8571)
73 : (26, 17, 0.0201, 471.1105, 2.7857)
74 : (11, 29, 0.0, 233.3633, 1.0)
75 : (29, 15, 0.0173, 425.8558, 2.7273)
76 : (14, 26, 0.0, 262.3562, 1.5556)
77 : (26, 18, 0.0187, 452.9308, 2.5556)
78 : (12, 28, 0.0, 218.9791, 1.2)
79 : (28, 16, 0.0204, 499.2847, 2.1692)
80 : (12, 28, 0.0, 241.2948, 1.2)
81 : (28, 18, 0.0232, 500.1658, 2.35)
82 : (13, 27, 0.0, 220.0938, 1.4286)
83 : (27, 18, 0.0227, 491.3604, 2.8429)
84 : (19, 21, 0.0, 233.316, 1.4167)
85 : (21, 22, 0.0224, 496.9512, 1.4944)
86 : (18, 22, 0.0, 210.7993, 1.3333)
87 : (22, 21, 0.0172, 416.7065, 1.7949)
88 : (17, 23, 0.0, 245.5633, 1.4)
89 : (23, 21, 0.0226, 493.4582, 1.8769)
90 : (17, 23, 0.0, 223.4597, 1.5455)
91 : (23, 19, 0.0206, 476.6475, 2.0496)
92 : (13, 27, 0.0, 265.5843, 1.4444)
93 : (27, 14, 0.0206, 479.9135, 2.6806)
94 : (13, 27, 0.0, 209.3741, 1.1818)
95 : (27, 15, 0.0304, 593.6495, 2.4711)
96 : (13, 27, 0.0, 253.912, 1.3333)
97 : (27, 16, 0.018, 455.9473, 2.8333)
98 : (14, 26, 0.0, 207.6952, 1.5)
99 : (26, 16, 0.025, 522.3661, 2.5)
100 : (21, 19, 0.0, 327.5426, 2.3333)
101 : (19, 28, 0.0221, 467.1594, 1.7576)
102 : (3, 37, 0.0, 285.0673, 1.0)
103 : (37, 8, 0.0181, 453.8039, 6.4)
104 : (16, 24, 0.0, 281.8731, 1.3333)
105 : (24, 20, 0.0196, 454.726, 1.8718)
106 : (12, 28, 0.0, 325.8701, 1.0)
107 : (28, 15, 0.0183, 453.9059, 2.0)
108 : (12, 28, 0.0, 362.3743, 1.2222)
109 : (28, 16, 0.0233, 542.8691, 2.4352)
110 : (17, 23, 0.0, 393.0995, 1.7)
111 : (23, 24, 0.0255, 507.1436, 1.975)
112 : (12, 28, 0.0, 302.0973, 1.3333)
113 : (28, 19, 0.0215, 480.9588, 2.1795)
114 : (21, 19, 0.0, 282.5425, 1.9091)
115 : (19, 27, 0.0277, 533.4503, 1.5758)
116 : (11, 29, 0.0, 115.3804, 1.5714)
117 : (29, 12, 0.0269, 553.996, 4.2245)
118 : (7, 33, 0.0, 161.5135, 1.0)
119 : (33, 10, 0.0222, 488.6426, 3.5)
120 : (12, 28, 0.0, 326.6559, 1.3333)
121 : (28, 13, 0.0239, 512.6965, 3.4167)
122 : (14, 26, 0.0, 288.7128, 1.1667)
123 : (26, 16, 0.0179, 439.9472, 2.1806)
124 : (11, 29, 0.0, 317.9036, 1.2222)
125 : (29, 15, 0.026, 555.1378, 2.5657)
126 : (15, 25, 0.0, 313.3288, 1.3636)
127 : (25, 20, 0.0195, 474.5709, 1.947)
128 : (14, 26, 0.0012, 438.4155, 1.2727)
129 : (26, 20, 0.0174, 440.0926, 1.8052)
130 : (18, 22, 0.0, 327.092, 1.6364)
131 : (22, 25, 0.0139, 408.0882, 1.6643)
132 : (12, 28, 0.0017, 441.5457, 1.0909)
133 : (28, 18, 0.0193, 453.1805, 1.9351)
134 : (12, 28, 0.0, 411.9906, 1.0909)
135 : (28, 18, 0.0216, 489.5619, 2.1608)
136 : (11, 29, 0.0, 574.8105, 1.375)
137 : (29, 18, 0.0242, 491.9189, 2.0313)
138 : (15, 25, 0.0006, 586.2833, 1.3636)
139 : (25, 17, 0.022, 519.0983, 2.3058)
140 : (5, 35, 0.0, 209.177, 1.0)
141 : (35, 11, 0.0235, 494.8277, 3.2222)
142 : (13, 27, 0.0007, 469.1965, 1.8571)
143 : (27, 19, 0.0175, 428.0993, 2.7857)
144 : (14, 26, 0.0, 380.3416, 1.4)
145 : (26, 19, 0.0201, 454.8613, 2.4)
146 : (7, 33, 0.001, 514.8381, 1.0)
147 : (33, 11, 0.0238, 495.5502, 3.6667)
148 : (7, 33, 0.0015, 503.4232, 1.1667)
149 : (33, 16, 0.0262, 531.3607, 2.5972)
150 : (14, 26, 0.0005, 512.334, 1.2727)
151 : (26, 19, 0.0222, 497.3229, 1.8766)
152 : (12, 28, 0.0014, 474.9248, 1.2)
153 : (28, 21, 0.0264, 518.0052, 1.88)
154 : (13, 27, 0.0029, 503.6882, 1.0833)
155 : (27, 18, 0.0213, 479.3782, 1.9345)
156 : (17, 23, 0.0, 557.6843, 1.3636)
157 : (23, 18, 0.0157, 402.6691, 2.0303)
158 : (17, 23, 0.0007, 518.7495, 1.3636)
159 : (23, 21, 0.0239, 532.5135, 1.8741)
160 : (18, 22, 0.0, 400.7935, 2.0)
161 : (22, 22, 0.026, 548.0436, 2.0909)
162 : (12, 28, 0.0, 296.8525, 1.5)
163 : (28, 19, 0.0162, 406.1202, 2.5909)
164 : (13, 27, 0.0004, 505.4033, 1.0909)
165 : (27, 19, 0.0181, 432.5757, 2.0065)
166 : (16, 24, 0.0, 452.942, 1.5)
167 : (24, 18, 0.0205, 489.063, 2.125)
168 : (14, 26, 0.0, 282.8085, 1.625)
169 : (26, 20, 0.0229, 520.8722, 2.5114)
170 : (23, 17, 0.0011, 471.7523, 2.0)
171 : (17, 27, 0.025, 527.1926, 1.5833)
172 : (14, 26, 0.0013, 541.0723, 1.5556)
173 : (26, 21, 0.0248, 493.657, 2.1296)
174 : (18, 22, 0.0039, 671.7489, 1.7778)
175 : (22, 22, 0.0155, 432.0956, 1.9815)
176 : (17, 23, 0.0, 527.7957, 1.875)
177 : (23, 17, 0.0218, 493.0463, 3.1094)
178 : (20, 20, 0.0038, 560.7847, 1.5455)
179 : (20, 23, 0.0261, 532.5721, 1.6573)
180 : (16, 24, 0.0, 473.5899, 1.3)
181 : (24, 18, 0.0237, 530.7695, 2.3)
182 : (22, 18, 0.0, 489.039, 1.6667)
183 : (18, 22, 0.0225, 484.1577, 1.5128)
184 : (16, 24, 0.0036, 487.558, 1.25)
185 : (24, 21, 0.0256, 521.304, 1.5781)
186 : (22, 18, 0.0017, 506.8291, 2.3333)
187 : (18, 28, 0.0225, 502.9244, 1.6944)
188 : (21, 19, 0.0032, 510.1511, 1.4615)
189 : (19, 26, 0.0181, 441.2781, 1.4615)
190 : (20, 20, 0.003, 523.1444, 1.8182)
191 : (20, 23, 0.0372, 667.7466, 1.7348)
192 : (22, 18, 0.0052, 538.5618, 2.4444)
193 : (18, 25, 0.0251, 504.4297, 1.8272)
194 : (30, 10, 0.004, 489.1935, 2.7)
195 : (10, 34, 0.0185, 441.0292, 1.27)
196 : (21, 19, 0.003, 554.1039, 2.25)
197 : (19, 25, 0.0228, 524.5685, 2.6563)
198 : (17, 23, 0.0021, 387.6276, 1.6)
199 : (23, 19, 0.0165, 423.3567, 2.05)
200 : (13, 27, 0.0, 241.1188, 1.3)
201 : (27, 14, 0.0264, 556.3464, 2.63)
202 : (16, 24, 0.0, 312.1419, 1.6)
203 : (24, 21, 0.0219, 489.7681, 2.1455)
204 : (15, 25, 0.0, 306.5551, 1.6667)
205 : (25, 18, 0.0223, 479.0244, 2.7407)
206 : (13, 27, 0.0007, 542.4585, 1.5)
207 : (27, 19, 0.0213, 486.1556, 2.1923)
208 : (14, 26, 0.0003, 309.5994, 1.5556)
209 : (26, 19, 0.0166, 438.7055, 2.4141)
210 : (10, 30, 0.0, 327.757, 1.1111)
211 : (30, 15, 0.0188, 448.2227, 2.2593)
212 : (14, 26, 0.0003, 356.8359, 1.0769)
213 : (26, 18, 0.0161, 439.1701, 1.8521)
214 : (12, 28, 0.0, 367.1707, 1.25)
215 : (28, 21, 0.0121, 372.4735, 2.25)
216 : (15, 25, 0.0002, 525.9688, 1.5)
217 : (25, 25, 0.019, 448.5224, 1.875)
218 : (12, 28, 0.0, 484.4839, 1.0)
219 : (28, 16, 0.0208, 497.7956, 2.25)
220 : (11, 29, 0.0023, 439.8027, 1.5714)
221 : (29, 16, 0.0228, 499.8416, 2.381)
222 : (14, 26, 0.0003, 459.5504, 1.5556)
223 : (26, 21, 0.0223, 480.0824, 2.0427)
224 : (11, 29, 0.0, 379.0692, 1.375)
225 : (29, 16, 0.0224, 495.7817, 2.9375)
226 : (11, 29, 0.0, 344.9798, 1.1)
227 : (29, 19, 0.0177, 467.7213, 2.175)
228 : (12, 28, 0.0015, 266.196, 1.7143)
229 : (28, 17, 0.018, 459.2428, 2.8714)
230 : (15, 25, 0.0, 464.5453, 1.875)
231 : (25, 19, 0.0261, 538.1758, 2.7639)
232 : (15, 25, 0.0, 379.6104, 1.4)
233 : (25, 16, 0.0181, 459.2, 2.4)
234 : (12, 28, 0.0, 479.771, 1.5)
235 : (28, 19, 0.0212, 480.6563, 2.2273)
236 : (14, 26, 0.0, 427.113, 1.5556)
237 : (26, 18, 0.0189, 455.3556, 2.4556)
238 : (8, 32, 0.0, 201.4243, 1.3333)
239 : (32, 10, 0.0196, 476.1241, 4.619)
240 : (13, 27, 0.0, 405.6036, 1.5)
241 : (27, 14, 0.026, 542.0161, 3.1667)
242 : (15, 25, 0.0015, 520.2328, 1.5556)
243 : (25, 18, 0.0159, 442.7319, 2.4141)
244 : (14, 26, 0.0, 548.4625, 1.2727)
245 : (26, 18, 0.0211, 492.1658, 2.1894)
246 : (18, 22, 0.0, 403.7054, 2.0)
247 : (22, 23, 0.0187, 449.9121, 2.2222)
248 : (16, 24, 0.0, 456.2678, 2.2857)
249 : (24, 21, 0.0147, 392.924, 3.1607)
250 : (10, 30, 0.0, 382.3086, 1.125)
251 : (30, 14, 0.0184, 455.5049, 3.1125)
252 : (14, 26, 0.0, 335.3554, 1.2727)
253 : (26, 18, 0.0246, 502.5234, 2.021)
254 : (22, 18, 0.0022, 516.4391, 1.6923)
255 : (18, 26, 0.0202, 457.8483, 1.4744)
256 : (13, 27, 0.0023, 254.2672, 1.1818)
257 : (27, 14, 0.0312, 577.6168, 2.4711)
258 : (22, 18, 0.001, 440.5008, 2.0)
259 : (18, 28, 0.0256, 506.7677, 1.7273)
260 : (12, 28, 0.0028, 453.6998, 1.7143)
261 : (28, 17, 0.0146, 415.7403, 2.4286)
262 : (15, 25, 0.0, 400.7957, 1.4444)
263 : (25, 16, 0.0213, 504.0069, 2.9383)
264 : (13, 27, 0.0, 439.8786, 1.3)
265 : (27, 17, 0.0205, 487.2319, 2.1917)
266 : (20, 20, 0.0012, 442.5536, 1.8182)
267 : (20, 24, 0.014, 392.3697, 1.6014)
268 : (11, 29, 0.0, 490.5175, 1.1)
269 : (29, 14, 0.0164, 441.2453, 2.3417)
270 : (19, 21, 0.0036, 502.9579, 1.2857)
271 : (21, 22, 0.022, 486.691, 1.3929)
272 : (11, 29, 0.0, 377.5915, 1.2857)
273 : (29, 16, 0.0198, 466.8713, 3.0286)
274 : (11, 29, 0.0, 439.6443, 1.2222)
275 : (29, 14, 0.021, 472.939, 2.3519)
276 : (16, 24, 0.0006, 457.4057, 1.3636)
277 : (24, 19, 0.0242, 518.7355, 2.1136)
278 : (12, 28, 0.0007, 472.2376, 1.3333)
279 : (28, 15, 0.0127, 383.7461, 2.5758)
280 : (17, 23, 0.0, 438.7493, 1.7)
281 : (23, 22, 0.0271, 560.0299, 1.8917)
282 : (13, 27, 0.0023, 473.9039, 1.4444)
283 : (27, 19, 0.0185, 448.6585, 2.4949)
284 : (19, 21, 0.003, 433.8328, 1.9)
285 : (21, 22, 0.0182, 424.6118, 1.99)
286 : (21, 19, 0.0, 386.3037, 2.1)
287 : (19, 25, 0.0154, 395.8682, 1.7364)
288 : (18, 22, 0.0018, 439.0918, 1.7778)
289 : (22, 24, 0.0168, 435.9045, 1.8291)
290 : (18, 22, 0.0, 455.3903, 1.6364)
291 : (22, 23, 0.0232, 507.7765, 1.7413)
292 : (17, 23, 0.0, 521.4039, 1.5455)
293 : (23, 20, 0.024, 517.5203, 2.3545)
294 : (15, 25, 0.0, 407.6638, 1.6667)
295 : (25, 18, 0.0148, 439.2245, 2.3333)
296 : (16, 24, 0.0, 400.8379, 1.875)
297 : (24, 18, 0.0192, 459.9803, 2.3523)
298 : (13, 27, 0.0, 501.1732, 1.4444)
299 : (27, 14, 0.0166, 434.8199, 2.6444)
300 : (4, 36, 0.0, 322.9002, 1.0)
301 : (36, 6, 0.0191, 448.4117, 6.6)
302 : (9, 31, 0.0, 165.233, 1.125)
303 : (31, 11, 0.0192, 447.7977, 2.7125)
304 : (5, 35, 0.0, 179.9349, 1.0)
305 : (35, 12, 0.0219, 483.6682, 3.3)
306 : (5, 35, 0.0, 198.2627, 1.6667)
307 : (35, 6, 0.0156, 437.9879, 8.4167)
308 : (3, 37, 0.0, 218.971, 1.5)
309 : (37, 7, 0.0164, 442.0013, 7.1)
310 : (13, 27, 0.0, 307.7489, 1.1)
311 : (27, 19, 0.0291, 544.5005, 2.3417)
312 : (8, 32, 0.0, 316.362, 1.0)
313 : (32, 15, 0.0247, 495.4978, 2.2308)
314 : (7, 33, 0.0, 183.683, 1.0)
315 : (33, 13, 0.0157, 386.1588, 2.6667)
316 : (12, 28, 0.0003, 352.3299, 1.2222)
317 : (28, 15, 0.0192, 456.2653, 2.6566)
318 : (7, 33, 0.0, 382.187, 1.1667)
319 : (33, 15, 0.0211, 460.9225, 3.3167)
320 : (7, 33, 0.0, 315.4144, 1.1667)
321 : (33, 18, 0.0135, 374.3888, 2.1444)
322 : (10, 30, 0.0, 423.9369, 1.5)
323 : (30, 19, 0.0246, 521.4583, 2.625)
324 : (5, 35, 0.0, 455.2373, 1.6667)
325 : (35, 11, 0.0232, 502.3711, 4.4583)
326 : (6, 34, 0.0, 189.6789, 1.0)
327 : (34, 11, 0.0206, 464.2618, 3.3)
328 : (5, 35, 0.0, 385.3846, 1.0)
329 : (35, 6, 0.0154, 434.5111, 7.0)
330 : (8, 32, 0.0, 94.7551, 1.1429)
331 : (32, 11, 0.0236, 520.811, 2.5143)
332 : (4, 36, 0.0, 219.3862, 1.0)
333 : (36, 10, 0.016, 427.1729, 3.375)
334 : (19, 21, 0.0006, 554.8958, 1.5833)
335 : (21, 25, 0.0182, 433.943, 1.5064)
336 : (8, 32, 0.0, 395.6635, 1.1429)
337 : (32, 16, 0.0236, 486.7539, 2.4725)
338 : (14, 26, 0.0, 420.2844, 1.4)
339 : (26, 21, 0.0211, 466.6689, 2.2)
340 : (9, 31, 0.0, 518.5745, 1.5)
341 : (31, 18, 0.0244, 504.4154, 2.3462)
342 : (13, 27, 0.0, 384.3355, 1.4444)
343 : (27, 17, 0.0243, 511.4493, 2.6444)
344 : (17, 23, 0.0, 365.1729, 1.7)
345 : (23, 24, 0.0166, 405.3012, 1.975)
346 : (8, 32, 0.0, 159.5881, 1.1429)
347 : (32, 11, 0.0209, 466.1475, 3.8929)
348 : (5, 35, 0.0, 239.3007, 1.0)
349 : (35, 12, 0.014, 407.6992, 2.75)
350 : (20, 20, 0.0, 418.5442, 2.0)
351 : (20, 21, 0.034, 634.5702, 2.4444)
352 : (10, 30, 0.0, 416.7157, 1.5)
353 : (30, 17, 0.0315, 585.5276, 3.15)
354 : (10, 30, 0.0, 317.4207, 2.0)
355 : (30, 12, 0.0207, 480.7566, 4.8333)
356 : (7, 33, 0.0, 231.8542, 1.1667)
357 : (33, 13, 0.017, 437.7447, 3.3167)
358 : (22, 18, 0.0, 410.1316, 2.625)
359 : (18, 26, 0.0187, 478.261, 1.875)
360 : (17, 23, 0.0, 203.5768, 1.3077)
361 : (23, 20, 0.0268, 550.7713, 1.6648)
362 : (20, 20, 0.0019, 520.1376, 1.5455)
363 : (20, 27, 0.02, 475.7573, 1.6573)
364 : (14, 26, 0.0045, 594.6141, 1.4)
365 : (26, 17, 0.0195, 493.177, 2.2)
366 : (19, 21, 0.0013, 456.3666, 1.8)
367 : (21, 23, 0.0249, 517.1888, 1.6286)
368 : (7, 33, 0.0, 174.0986, 1.1667)
369 : (33, 11, 0.0278, 575.7721, 3.8958)
370 : (15, 25, 0.0, 292.0656, 1.75)
371 : (25, 18, 0.0269, 566.6292, 2.675)
372 : (10, 30, 0.0, 152.2461, 1.6667)
373 : (30, 14, 0.0176, 428.5458, 3.2083)
374 : (10, 30, 0.0, 182.2227, 1.4286)
375 : (30, 11, 0.0217, 508.6073, 4.3469)
376 : (8, 32, 0.0, 285.1318, 1.3333)
377 : (32, 14, 0.0228, 510.6708, 2.8485)
378 : (7, 33, 0.0, 266.8272, 1.1667)
379 : (33, 11, 0.0182, 452.0268, 4.3095)
380 : (14, 26, 0.0, 172.0784, 1.1667)
381 : (26, 18, 0.0219, 494.0061, 1.9306)
382 : (23, 17, 0.0, 479.4245, 2.0)
383 : (17, 26, 0.0249, 528.6873, 1.4615)
384 : (19, 21, 0.001, 431.4757, 1.4167)
385 : (21, 22, 0.0216, 488.0907, 1.7244)
386 : (19, 21, 0.0, 369.6172, 2.25)
387 : (21, 26, 0.0224, 468.7505, 2.1136)
388 : (16, 24, 0.0, 333.7906, 1.3636)
389 : (24, 19, 0.0274, 538.8116, 1.8117)
390 : (18, 22, 0.0, 516.4825, 1.3636)
391 : (22, 24, 0.0198, 456.9113, 1.6688)
392 : (19, 21, 0.0, 288.8239, 1.9)
393 : (21, 23, 0.0251, 492.7845, 1.9)
394 : (17, 23, 0.0, 225.383, 1.5455)
395 : (23, 21, 0.0285, 570.7816, 1.9587)
396 : (14, 26, 0.0, 232.9133, 1.2727)
397 : (26, 17, 0.0179, 455.6653, 2.2975)
398 : (11, 29, 0.0, 219.3002, 1.2222)
399 : (29, 15, 0.0196, 451.1026, 2.5657)
400 : (4, 36, 0.0, 184.6404, 1.0)
401 : (36, 10, 0.0193, 444.0192, 4.125)
402 : (6, 34, 0.0, 257.3634, 1.0)
403 : (34, 13, 0.013, 375.0809, 2.6923)
404 : (1, 39, 0.0, 262.5641, 1.0)
405 : (39, 7, 0.0204, 453.5488, 4.5)
406 : (3, 37, 0.0, 313.0049, 1.0)
407 : (37, 9, 0.0268, 511.0146, 4.5)
408 : (2, 38, 0.0, 187.3352, 1.0)
409 : (38, 8, 0.0168, 423.1194, 5.4286)
410 : (9, 31, 0.0, 130.0273, 1.0)
411 : (31, 12, 0.0267, 514.2575, 2.9091)
412 : (10, 30, 0.0, 157.4179, 1.4286)
413 : (30, 16, 0.0268, 551.2067, 3.8036)
414 : (8, 32, 0.0, 108.284, 1.3333)
415 : (32, 12, 0.025, 516.0967, 3.3704)
416 : (7, 33, 0.0, 197.1393, 1.0)
417 : (33, 15, 0.0172, 428.8727, 2.9091)
418 : (4, 36, 0.0, 129.3044, 1.3333)
419 : (36, 5, 0.0235, 503.8379, 8.5833)
420 : (1, 39, 0.0, 402.5175, 1.0)
421 : (39, 7, 0.0182, 449.1054, 5.4286)
422 : (1, 39, 0.0, 180.1221, 1.0)
423 : (39, 10, 0.0201, 446.3669, 4.1111)
424 : (8, 32, 0.0, 132.232, 1.3333)
425 : (32, 13, 0.0217, 488.7809, 3.5926)
426 : (5, 35, 0.0, 234.8706, 1.3333)
427 : (35, 8, 0.0224, 484.5971, 5.1905)
428 : (7, 33, 0.0, 234.2797, 1.2)
429 : (33, 17, 0.0235, 486.8016, 2.85)
430 : (11, 29, 0.0, 233.3004, 1.8333)
431 : (29, 15, 0.0196, 447.8139, 3.7292)
432 : (18, 22, 0.0023, 561.1584, 1.8)
433 : (22, 22, 0.0325, 598.1177, 1.9818)
434 : (7, 33, 0.0, 167.0259, 1.1667)
435 : (33, 12, 0.0277, 550.6564, 3.0185)
436 : (9, 31, 0.001, 525.7838, 1.125)
437 : (31, 19, 0.0314, 576.5192, 2.5938)
438 : (10, 30, 0.0, 186.0748, 1.1111)
439 : (30, 18, 0.0229, 479.5045, 2.2593)
440 : (7, 33, 0.0, 265.397, 1.1667)
441 : (33, 16, 0.0173, 421.2249, 2.9242)
442 : (10, 30, 0.0, 254.7296, 1.25)
443 : (30, 11, 0.0236, 525.9907, 4.0357)
444 : (6, 34, 0.0, 141.0182, 1.2)
445 : (34, 15, 0.0181, 406.4954, 2.9273)
446 : (10, 30, 0.0, 275.8766, 1.1111)
447 : (30, 14, 0.0201, 440.2575, 2.1624)
448 : (20, 20, 0.0014, 570.4547, 2.0)
449 : (20, 22, 0.0223, 496.0383, 2.2222)
450 : (12, 28, 0.0, 163.5028, 1.3333)
451 : (28, 14, 0.0216, 490.5974, 2.5333)
452 : (8, 32, 0.0, 270.346, 1.3333)
453 : (32, 11, 0.0175, 435.2936, 3.7917)
454 : (22, 18, 0.0008, 459.8016, 1.8333)
455 : (18, 26, 0.0173, 432.6476, 1.6212)
456 : (12, 28, 0.0009, 450.1755, 1.1)
457 : (28, 13, 0.0167, 434.2498, 2.6455)
458 : (9, 31, 0.0, 139.6292, 1.0)
459 : (31, 11, 0.0188, 430.6443, 2.8182)
460 : (17, 23, 0.0, 312.5801, 1.3636)
461 : (23, 21, 0.0245, 502.645, 1.8741)
462 : (18, 22, 0.0051, 602.5963, 1.6364)
463 : (22, 29, 0.0232, 468.3756, 1.7413)
464 : (22, 18, 0.0034, 564.4749, 1.6364)
465 : (18, 22, 0.0248, 546.9535, 1.6364)
466 : (17, 23, 0.0016, 540.2437, 1.6667)
467 : (23, 22, 0.0133, 385.0121, 1.7619)
468 : (22, 18, 0.002, 603.9004, 1.75)
469 : (18, 26, 0.0151, 387.3437, 1.3167)
470 : (10, 30, 0.0, 250.4171, 1.1111)
471 : (30, 13, 0.0291, 548.7946, 2.4259)
472 : (22, 18, 0.0, 345.7974, 3.1429)
473 : (18, 27, 0.0146, 391.3354, 2.5179)
474 : (17, 23, 0.0, 385.0239, 1.2222)
475 : (23, 21, 0.0269, 542.9068, 2.0185)
476 : (12, 28, 0.0, 286.3643, 1.2)
477 : (28, 17, 0.0223, 484.7345, 2.1692)
478 : (9, 31, 0.0, 210.4039, 1.125)
479 : (31, 14, 0.0216, 477.2265, 2.1125)
480 : (13, 27, 0.0, 150.4122, 1.4444)
481 : (27, 14, 0.0192, 441.1266, 2.3444)
482 : (19, 21, 0.0, 195.41, 1.3846)
483 : (21, 24, 0.0121, 339.6379, 1.5989)
484 : (9, 31, 0.0, 136.3798, 1.0)
485 : (31, 10, 0.0195, 459.9778, 3.0)
486 : (12, 28, 0.0338, 400.7733, 1.5)
487 : (28, 14, 0.0234, 479.4783, 3.0556)
488 : (13, 27, 0.0043, 187.7184, 1.2)
489 : (27, 19, 0.0232, 473.3744, 2.1692)
490 : (24, 16, 0.0031, 455.2618, 1.8462)
491 : (16, 29, 0.0213, 474.406, 1.4038)
492 : (14, 26, 0.0, 206.6669, 1.5556)
493 : (26, 18, 0.0201, 444.8995, 2.2323)
494 : (17, 23, 0.0192, 329.9591, 1.8889)
495 : (23, 22, 0.0218, 464.1346, 2.1717)
496 : (15, 25, 0.0202, 378.0501, 1.3636)
497 : (25, 20, 0.0179, 444.9515, 2.3058)
498 : (17, 23, 0.0325, 399.9799, 1.5455)
499 : (23, 20, 0.0234, 506.4124, 1.8112)
500 : (5, 35, 0.0, 304.4081, 1.0)
501 : (35, 9, 0.0172, 424.5557, 3.7778)
502 : (8, 32, 0.0, 170.2258, 1.0)
503 : (32, 12, 0.0184, 440.1149, 3.0)
504 : (5, 35, 0.0, 250.3134, 1.3333)
505 : (35, 10, 0.0233, 478.7288, 4.5417)
506 : (6, 34, 0.0, 250.7441, 1.0)
507 : (34, 13, 0.023, 467.2277, 2.8333)
508 : (1, 39, 0.0, 196.8333, 1.0)
509 : (39, 7, 0.0151, 388.5376, 5.5714)
510 : (7, 33, 0.0, 307.2501, 1.75)
511 : (33, 11, 0.0158, 423.3904, 3.8438)
512 : (4, 36, 0.0, 257.0681, 1.0)
513 : (36, 8, 0.02, 455.9904, 4.5)
514 : (6, 34, 0.0, 161.8034, 1.2)
515 : (34, 8, 0.0212, 470.7769, 6.64)
516 : (4, 36, 0.0, 160.8023, 1.3333)
517 : (36, 15, 0.0202, 458.623, 3.303)
518 : (8, 32, 0.0, 198.4794, 1.3333)
519 : (32, 11, 0.0196, 453.5267, 4.0417)
520 : (3, 37, 0.0, 234.9948, 1.0)
521 : (37, 7, 0.0193, 454.7935, 5.0)
522 : (4, 36, 0.0, 224.5944, 1.0)
523 : (36, 13, 0.0194, 440.9737, 3.6)
524 : (4, 36, 0.0013, 343.5971, 1.0)
525 : (36, 18, 0.0146, 362.2335, 2.4615)
526 : (5, 35, 0.0, 208.1622, 1.25)
527 : (35, 14, 0.0118, 362.5135, 2.8542)
528 : (6, 34, 0.0, 283.2788, 1.2)
529 : (34, 12, 0.0225, 491.2568, 4.025)
530 : (5, 35, 0.0, 122.8174, 1.6667)
531 : (35, 10, 0.0185, 443.0168, 5.0952)
532 : (9, 31, 0.0, 153.9006, 1.2857)
533 : (31, 12, 0.0161, 413.1548, 3.1286)
534 : (7, 33, 0.0, 142.4438, 1.0)
535 : (33, 14, 0.0172, 445.2991, 2.75)
536 : (6, 35, 0.0, 240.9187, 1.0)
537 : (34, 12, 0.0235, 489.0781, 3.2)
538 : (9, 31, 0.0, 200.4833, 1.0)
539 : (31, 12, 0.018, 460.7756, 2.9091)
540 : (4, 36, 0.0, 256.2269, 1.0)
541 : (36, 13, 0.0171, 427.796, 3.0)
542 : (7, 33, 0.0, 211.0917, 1.0)
543 : (33, 10, 0.0209, 473.0934, 3.3)
544 : (9, 31, 0.0, 185.9588, 1.125)
545 : (31, 17, 0.0201, 452.7994, 2.4271)
546 : (8, 32, 0.0, 156.1673, 1.1429)
547 : (32, 16, 0.0167, 424.014, 2.4286)
548 : (4, 36, 0.0, 357.5063, 1.0)
549 : (36, 7, 0.0213, 487.7879, 5.5)
550 : (11, 29, 0.0, 178.7678, 1.2222)
551 : (29, 12, 0.017, 460.5177, 2.8222)
552 : (6, 34, 0.0, 278.7502, 1.2)
553 : (34, 11, 0.0227, 510.9243, 2.8)
554 : (7, 33, 0.0, 254.6183, 1.0)
555 : (33, 16, 0.0163, 391.3739, 2.4286)
556 : (12, 28, 0.0, 215.6791, 1.2222)
557 : (28, 13, 0.0207, 459.3371, 2.6566)
558 : (11, 29, 0.0, 193.0611, 1.375)
559 : (29, 13, 0.0199, 473.3786, 3.4219)
560 : (12, 28, 0.0, 202.8197, 1.1429)
561 : (28, 14, 0.0192, 450.7825, 2.9143)
562 : (8, 32, 0.0, 233.4428, 1.6)
563 : (32, 15, 0.0171, 424.6324, 3.06)
564 : (10, 30, 0.0, 165.9403, 1.4286)
565 : (30, 17, 0.0173, 427.8951, 2.4026)
566 : (8, 32, 0.0007, 267.809, 1.3333)
567 : (32, 10, 0.0206, 493.756, 4.4762)
568 : (12, 28, 0.0, 185.321, 1.5)
569 : (28, 16, 0.0219, 455.4469, 2.35)
570 : (8, 32, 0.0, 232.9634, 1.0)
571 : (32, 13, 0.0178, 441.373, 2.6667)
572 : (10, 30, 0.0, 240.9368, 1.6667)
573 : (30, 14, 0.0195, 462.1566, 3.0741)
574 : (15, 25, 0.0, 213.5078, 1.875)
575 : (25, 18, 0.0235, 492.7268, 2.5417)
576 : (16, 24, 0.0, 179.416, 1.5)
577 : (24, 20, 0.0189, 445.3482, 1.9615)
578 : (9, 31, 0.0, 257.8636, 1.5)
579 : (31, 16, 0.0214, 473.9448, 3.15)
580 : (11, 29, 0.0, 265.0373, 1.1)
581 : (29, 16, 0.0278, 515.9048, 2.2583)
582 : (22, 18, 0.0004, 277.8629, 1.9)
583 : (18, 27, 0.0209, 498.1064, 1.8091)
584 : (16, 24, 0.0, 233.8835, 2.2857)
585 : (24, 19, 0.0258, 552.4334, 3.1607)
586 : (15, 25, 0.0, 277.9922, 1.3636)
587 : (25, 17, 0.019, 464.1626, 2.0331)
588 : (8, 32, 0.0, 318.0334, 1.0)
589 : (32, 21, 0.0152, 400.0023, 1.9375)
590 : (10, 30, 0.0, 249.3079, 1.25)
591 : (30, 13, 0.0253, 510.8536, 2.2955)
592 : (13, 27, 0.0, 273.5819, 1.3)
593 : (27, 16, 0.0238, 522.9069, 2.1)
594 : (23, 17, 0.0, 219.7321, 2.0909)
595 : (17, 26, 0.0198, 468.425, 1.6446)
596 : (15, 25, 0.0011, 259.7854, 1.3636)
597 : (25, 22, 0.0178, 454.7865, 1.5576)
598 : (17, 23, 0.0, 306.5801, 2.2857)
599 : (23, 22, 0.0222, 508.2083, 2.5286)
600 : (5, 35, 0.0032, 273.5323, 1.6667)
601 : (35, 12, 0.0162, 430.8372, 3.8333)
602 : (5, 35, 0.0, 202.633, 1.25)
603 : (35, 9, 0.0162, 413.5909, 5.0357)
604 : (2, 38, 0.0, 118.0922, 1.0)
605 : (38, 5, 0.0179, 443.6585, 7.0)
606 : (5, 35, 0.0, 240.7192, 1.0)
607 : (35, 8, 0.0237, 519.4797, 4.5)
608 : (3, 37, 0.0, 192.4387, 1.0)
609 : (37, 11, 0.0236, 487.1042, 3.5)
610 : (5, 35, 0.0, 136.7273, 1.0)
611 : (35, 10, 0.0174, 429.3744, 3.8889)
612 : (4, 36, 0.0, 125.7127, 1.3333)
613 : (36, 14, 0.0179, 431.7498, 4.7619)
614 : (4, 36, 0.0, 172.8572, 1.0)
615 : (36, 9, 0.018, 452.702, 4.125)
616 : (8, 32, 0.0, 204.4379, 1.1429)
617 : (32, 15, 0.0189, 451.7143, 2.9143)
618 : (8, 32, 0.0, 251.7145, 1.1429)
619 : (32, 12, 0.0214, 491.1116, 2.1948)
620 : (7, 33, 0.0, 236.4964, 1.1667)
621 : (33, 15, 0.0175, 438.4918, 3.2167)
622 : (11, 29, 0.0, 222.3715, 1.375)
623 : (29, 18, 0.02, 434.1005, 2.1979)
624 : (10, 30, 0.0, 241.1662, 1.0)
625 : (30, 13, 0.024, 532.0786, 3.1)
626 : (2, 38, 0.0, 241.5458, 1.0)
627 : (38, 7, 0.0156, 420.3801, 5.0)
628 : (7, 33, 0.0, 151.9302, 1.1667)
629 : (33, 10, 0.0183, 438.3648, 3.5208)
630 : (14, 26, 0.0, 215.261, 1.2727)
631 : (26, 19, 0.0177, 432.769, 2.021)
632 : (11, 29, 0.0, 216.708, 1.2857)
633 : (29, 15, 0.0211, 467.0625, 3.3651)
634 : (12, 28, 0.0, 187.296, 1.5)
635 : (28, 13, 0.0215, 492.9821, 3.4375)
636 : (8, 32, 0.0, 214.4993, 1.1429)
637 : (32, 13, 0.0191, 441.6828, 4.0179)
638 : (8, 32, 0.0, 158.1583, 1.1429)
639 : (32, 11, 0.0181, 482.0493, 3.4603)
640 : (10, 30, 0.0, 193.5595, 1.4286)
641 : (30, 14, 0.0199, 464.2832, 3.4286)
642 : (3, 37, 0.0, 222.8056, 1.0)
643 : (37, 8, 0.0183, 432.27, 5.0)
644 : (4, 36, 0.0, 182.7601, 1.0)
645 : (36, 13, 0.0122, 383.1419, 4.8571)
646 : (12, 28, 0.0, 238.6149, 1.2)
647 : (28, 14, 0.0186, 461.2563, 2.52)
648 : (13, 27, 0.0, 171.7869, 1.1818)
649 : (27, 18, 0.0259, 529.9775, 2.0909)
650 : (5, 35, 0.0, 205.0408, 1.25)
651 : (35, 12, 0.0187, 453.2776, 3.8056)
652 : (8, 32, 0.0, 278.442, 1.1667)
653 : (32, 17, 0.0187, 438.4241, 3.6852)
654 : (10, 30, 0.0, 205.768, 1.125)
655 : (30, 14, 0.0233, 473.569, 2.8295)
656 : (10, 30, 0.0, 289.1479, 1.4286)
657 : (30, 15, 0.0243, 514.9966, 2.9365)
658 : (13, 27, 0.0, 212.0613, 1.3)
659 : (27, 18, 0.0258, 510.7057, 2.1)
660 : (7, 33, 0.0, 183.7795, 1.4)
661 : (33, 13, 0.0226, 493.9355, 3.24)
662 : (6, 34, 0.0, 222.2242, 1.2)
663 : (34, 13, 0.02, 447.8158, 3.8)
664 : (7, 33, 0.0, 240.8671, 1.0)
665 : (33, 11, 0.0179, 400.3258, 3.1)
666 : (14, 26, 0.0, 176.8171, 1.5556)
667 : (26, 14, 0.0244, 539.3948, 2.8395)
668 : (15, 25, 0.0007, 229.129, 1.25)
669 : (25, 18, 0.028, 555.3427, 1.9423)
670 : (9, 31, 0.0, 194.2947, 1.2857)
671 : (31, 17, 0.0147, 393.1718, 2.7532)
672 : (5, 35, 0.0, 266.616, 1.0)
673 : (35, 8, 0.0208, 487.3859, 4.5)
674 : (16, 24, 0.0, 275.7889, 1.7778)
675 : (24, 19, 0.0226, 501.2402, 2.3778)
676 : (14, 26, 0.0, 199.8494, 1.3)
677 : (26, 16, 0.0235, 517.2323, 2.4818)
678 : (15, 25, 0.0, 175.4675, 1.5)
679 : (25, 17, 0.0185, 468.5976, 2.0417)
680 : (13, 27, 0.0004, 284.447, 1.0909)
681 : (27, 16, 0.018, 448.7266, 2.3409)
682 : (25, 15, 0.0011, 278.2649, 2.4)
683 : (15, 30, 0.0207, 508.8782, 1.74)
684 : (14, 26, 0.002, 318.6572, 1.3333)
685 : (26, 23, 0.0183, 457.4062, 1.8222)
686 : (20, 20, 0.0008, 331.5186, 1.6364)
687 : (20, 21, 0.0253, 517.3679, 1.9669)
688 : (19, 21, 0.0011, 304.4707, 1.5833)
689 : (21, 25, 0.0279, 547.6548, 1.4389)
690 : (21, 19, 0.0011, 272.7544, 1.75)
691 : (19, 23, 0.0174, 429.1754, 1.4423)
692 : (21, 19, 0.002, 292.1466, 1.9091)
693 : (19, 26, 0.0307, 580.4691, 1.8099)
694 : (18, 22, 0.0045, 428.3776, 1.875)
695 : (22, 22, 0.0245, 520.9658, 2.3875)
696 : (22, 18, 0.0017, 249.9622, 1.9091)
697 : (18, 27, 0.0294, 572.0303, 1.3273)
698 : (20, 20, 0.003, 257.6735, 1.9)
699 : (20, 25, 0.0193, 457.5168, 1.825)
700 : (5, 35, 0.0, 299.8755, 1.0)
701 : (35, 9, 0.0141, 390.3526, 2.8571)
702 : (10, 30, 0.0, 191.0499, 1.1111)
703 : (30, 14, 0.0165, 400.2459, 3.0111)
704 : (5, 35, 0.0, 200.1032, 1.6667)
705 : (35, 10, 0.0172, 417.0432, 4.9444)
706 : (8, 32, 0.0, 222.3432, 1.1429)
707 : (32, 14, 0.0192, 449.9414, 2.7403)
708 : (6, 34, 0.0, 233.3693, 1.0)
709 : (34, 11, 0.0221, 485.4383, 4.25)
710 : (8, 32, 0.0, 186.5644, 1.3333)
711 : (32, 8, 0.0178, 459.3165, 4.2222)
712 : (6, 34, 0.0, 218.9684, 1.0)
713 : (34, 6, 0.0195, 495.2846, 4.6667)
714 : (5, 35, 0.0, 255.5517, 1.0)
715 : (35, 12, 0.0206, 453.4472, 3.625)
716 : (7, 33, 0.0, 245.8504, 1.0)
717 : (33, 13, 0.0197, 456.4797, 2.9091)
718 : (7, 33, 0.0, 235.4447, 1.4)
719 : (33, 14, 0.0209, 459.0369, 4.6286)
720 : (3, 37, 0.0, 257.5205, 1.5)
721 : (37, 7, 0.019, 444.5211, 6.7)
722 : (6, 34, 0.0, 238.0959, 1.2)
723 : (34, 11, 0.0182, 446.0589, 3.775)
724 : (11, 29, 0.0, 248.4358, 1.5714)
725 : (29, 13, 0.0251, 522.0468, 3.6964)
726 : (9, 31, 0.0, 262.3975, 1.0)
727 : (31, 14, 0.0237, 492.4945, 2.7273)
728 : (13, 27, 0.0, 260.927, 1.4444)
729 : (27, 19, 0.0165, 425.1851, 2.3131)
730 : (11, 29, 0.0, 203.2455, 1.2222)
731 : (29, 16, 0.0224, 485.0787, 2.3838)
732 : (8, 32, 0.0, 246.5236, 1.0)
733 : (32, 12, 0.0174, 438.2872, 3.0)
734 : (10, 30, 0.0, 169.8687, 1.0)
735 : (30, 11, 0.0209, 479.0301, 2.6667)
736 : (10, 30, 0.0, 213.8057, 1.1111)
737 : (30, 14, 0.0211, 454.4168, 2.4259)
738 : (5, 35, 0.0, 178.1193, 1.0)
739 : (35, 11, 0.0153, 416.5052, 3.7778)
740 : (5, 35, 0.0, 226.7714, 1.0)
741 : (35, 10, 0.0213, 458.1625, 4.0)
742 : (10, 30, 0.0, 197.046, 1.25)
743 : (30, 13, 0.0218, 474.7113, 2.825)
744 : (12, 28, 0.0, 132.3544, 1.2)
745 : (28, 12, 0.0213, 506.4288, 2.72)
746 : (7, 33, 0.0, 163.4894, 1.2)
747 : (33, 14, 0.0187, 444.3669, 3.8)
748 : (8, 32, 0.0, 319.8765, 1.3333)
749 : (32, 12, 0.0189, 443.7437, 3.3704)
750 : (9, 31, 0.0, 277.4872, 1.0)
751 : (31, 22, 0.0176, 444.2398, 2.1333)
752 : (5, 35, 0.0017, 242.9148, 1.25)
753 : (35, 11, 0.0235, 509.2374, 3.6944)
754 : (4, 36, 0.0, 181.242, 1.0)
755 : (36, 9, 0.0254, 532.9846, 4.5)
756 : (15, 25, 0.0, 244.732, 1.4)
757 : (25, 17, 0.0296, 558.4408, 2.4)
758 : (14, 26, 0.0, 168.5286, 1.4)
759 : (26, 20, 0.017, 422.835, 2.1167)
760 : (13, 27, 0.0, 202.0921, 1.5)
761 : (27, 17, 0.0262, 487.9612, 2.375)
762 : (16, 24, 0.0, 481.0892, 1.6667)
763 : (24, 17, 0.0226, 508.2634, 2.5667)
764 : (19, 21, 0.0, 206.5348, 1.2)
765 : (21, 23, 0.0186, 433.1045, 1.3059)
766 : (14, 26, 0.0, 253.9301, 2.0)
767 : (26, 17, 0.0271, 520.4782, 2.8)
768 : (15, 25, 0.0, 203.8449, 1.4)
769 : (25, 18, 0.0246, 500.6839, 2.4)
770 : (13, 27, 0.0, 169.987, 1.125)
771 : (27, 20, 0.0259, 507.0208, 2.5568)
772 : (12, 28, 0.0, 271.6661, 1.3333)
773 : (28, 15, 0.0322, 585.8052, 2.0303)
774 : (12, 28, 0.0, 273.0069, 1.8333)
775 : (28, 16, 0.0201, 446.7464, 3.7292)
776 : (9, 31, 0.0, 155.8949, 1.3333)
777 : (31, 13, 0.0206, 474.7597, 3.2333)
778 : (11, 29, 0.0, 189.2246, 1.2222)
779 : (29, 16, 0.0222, 452.7545, 2.3519)
780 : (10, 30, 0.0, 181.36, 1.25)
781 : (30, 11, 0.0196, 454.9618, 3.4063)
782 : (15, 25, 0.0, 211.9563, 1.2727)
783 : (25, 17, 0.0231, 490.7219, 2.3884)
784 : (10, 30, 0.0, 159.0901, 1.25)
785 : (30, 13, 0.0292, 549.9396, 2.6591)
786 : (16, 24, 0.0, 202.8809, 1.4545)
787 : (24, 18, 0.0207, 460.0446, 2.2231)
788 : (12, 28, 0.0, 219.7857, 1.5)
789 : (28, 18, 0.0236, 459.8401, 2.1923)
790 : (11, 29, 0.0, 269.2765, 1.375)
791 : (29, 16, 0.0213, 477.3485, 2.8375)
792 : (18, 25, 0.0, 198.5603, 1.4167)
793 : (22, 22, 0.026, 537.0402, 1.8013)
794 : (18, 22, 0.0, 205.1589, 1.6364)
795 : (22, 22, 0.0225, 479.8827, 1.8864)
796 : (10, 30, 0.0, 231.1142, 1.4286)
797 : (30, 16, 0.0222, 453.5191, 2.7662)
798 : (16, 24, 0.0, 213.6606, 1.3333)
799 : (24, 19, 0.0232, 485.0977, 1.8718)
800 : (13, 27, 0.0, 359.2179, 1.8571)
801 : (27, 23, 0.0177, 410.218, 1.9881)
802 : (3, 37, 0.0, 439.6675, 1.0)
803 : (37, 9, 0.0166, 415.2433, 4.8571)
804 : (4, 36, 0.0, 172.2724, 1.0)
805 : (36, 7, 0.0219, 471.7867, 3.7143)
806 : (8, 32, 0.0, 152.923, 1.3333)
807 : (32, 9, 0.0242, 528.3146, 4.3333)
808 : (14, 26, 0.0, 358.8056, 1.4444)
809 : (26, 19, 0.0249, 498.9485, 2.7444)
810 : (3, 37, 0.0, 423.4138, 1.0)
811 : (37, 8, 0.0166, 421.3963, 4.7143)
812 : (11, 29, 0.0, 386.4718, 1.2222)
813 : (29, 18, 0.0188, 423.5013, 2.2685)
814 : (3, 37, 0.0, 125.3834, 1.0)
815 : (37, 7, 0.0188, 435.691, 4.8571)
816 : (11, 29, 0.0, 184.4823, 1.2222)
817 : (29, 15, 0.0172, 411.6198, 2.7222)
818 : (10, 30, 0.0, 168.3587, 1.25)
819 : (30, 21, 0.0182, 400.4361, 2.25)
820 : (9, 31, 0.0, 245.9548, 1.2857)
821 : (31, 11, 0.0239, 484.6244, 3.4762)
822 : (7, 33, 0.0, 161.1547, 1.1667)
823 : (33, 15, 0.0131, 336.0998, 3.5741)
824 : (12, 28, 0.0, 236.6325, 1.2)
825 : (28, 16, 0.0219, 455.2375, 2.2667)
826 : (9, 31, 0.0, 294.7754, 1.125)
827 : (31, 13, 0.0146, 384.3217, 2.6477)
828 : (10, 30, 0.0, 241.4957, 1.2857)
829 : (30, 14, 0.0189, 443.8769, 3.1286)
830 : (13, 27, 0.0, 247.24, 2.0)
831 : (27, 18, 0.0184, 438.737, 3.2222)
832 : (14, 26, 0.0, 187.5255, 1.5556)
833 : (26, 17, 0.0229, 468.1349, 2.6556)
834 : (5, 35, 0.0, 215.5278, 1.0)
835 : (35, 11, 0.0239, 492.0548, 3.4)
836 : (12, 28, 0.0, 209.8334, 1.7143)
837 : (28, 18, 0.0184, 422.3474, 2.2262)
838 : (11, 29, 0.0, 253.878, 1.1429)
839 : (29, 16, 0.017, 427.3288, 2.7403)
840 : (11, 29, 0.0, 199.4019, 1.2222)
841 : (29, 15, 0.028, 530.5436, 2.6566)
842 : (6, 34, 0.0, 206.6211, 1.2)
843 : (34, 11, 0.0189, 442.8812, 3.6889)
844 : (14, 26, 0.0, 368.2376, 1.4444)
845 : (26, 21, 0.0217, 463.5387, 2.287)
846 : (13, 27, 0.0, 249.6096, 1.5714)
847 : (27, 18, 0.021, 452.4767, 2.5974)
848 : (11, 29, 0.0, 413.245, 1.0)
849 : (29, 13, 0.0247, 504.6455, 2.4167)
850 : (12, 28, 0.0, 188.6893, 1.2)
851 : (28, 16, 0.0233, 496.1368, 2.1)
852 : (15, 25, 0.0, 200.1376, 1.6667)
853 : (25, 21, 0.0231, 465.1763, 1.8056)
854 : (6, 34, 0.0, 124.7289, 1.2)
855 : (34, 10, 0.0229, 461.6331, 3.65)
856 : (11, 29, 0.0, 205.1463, 1.25)
857 : (29, 14, 0.0199, 451.117, 2.75)
858 : (17, 23, 0.0003, 367.0754, 1.4545)
859 : (23, 19, 0.0288, 566.2012, 2.2231)
860 : (7, 33, 0.0, 220.72, 1.0)
861 : (33, 12, 0.0269, 511.6612, 3.1)
862 : (5, 35, 0.0, 175.5123, 1.0)
863 : (35, 8, 0.0341, 601.6481, 5.0)
864 : (11, 29, 0.0, 227.8906, 1.2222)
865 : (29, 15, 0.0215, 465.6151, 2.2685)
866 : (14, 26, 0.0, 239.0487, 1.5556)
867 : (26, 16, 0.0192, 452.8712, 2.8395)
868 : (7, 33, 0.0, 272.333, 1.1667)
869 : (33, 13, 0.019, 446.619, 4.1458)
870 : (9, 31, 0.0, 265.187, 1.0)
871 : (31, 14, 0.0235, 501.1972, 2.6667)
872 : (7, 33, 0.0, 207.2398, 1.1667)
873 : (33, 12, 0.0249, 509.2048, 3.2167)
874 : (16, 24, 0.0, 233.4405, 1.2308)
875 : (24, 20, 0.0224, 476.069, 1.6154)
876 : (7, 33, 0.0, 213.61, 1.0)
877 : (33, 13, 0.0247, 500.5369, 2.6364)
878 : (10, 30, 0.0, 132.1393, 1.1111)
879 : (30, 13, 0.0277, 539.9221, 2.6111)
880 : (13, 27, 0.0, 439.5276, 1.7143)
881 : (27, 19, 0.0266, 521.8533, 2.3929)
882 : (9, 31, 0.0, 298.0519, 1.2857)
883 : (31, 18, 0.0165, 423.4019, 2.0857)
884 : (20, 20, 0.0, 234.7433, 1.5833)
885 : (20, 23, 0.0245, 495.6115, 1.6603)
886 : (13, 27, 0.0, 234.3218, 1.4444)
887 : (27, 19, 0.0204, 432.2084, 2.3444)
888 : (12, 28, 0.0, 239.4604, 1.7143)
889 : (28, 18, 0.0227, 482.1475, 2.5195)
890 : (9, 31, 0.0, 184.2436, 1.125)
891 : (31, 15, 0.0169, 392.3521, 2.2404)
892 : (12, 28, 0.0, 181.4916, 1.5714)
893 : (28, 18, 0.0209, 440.2679, 2.4643)
894 : (13, 27, 0.0, 204.0522, 1.4444)
895 : (27, 19, 0.0204, 451.6426, 1.9603)
896 : (21, 19, 0.0, 224.6261, 1.6667)
897 : (19, 27, 0.0238, 504.0648, 1.5897)
898 : (19, 21, 0.0, 173.6966, 1.7273)
899 : (21, 21, 0.0198, 454.3942, 1.9727)
900 : (11, 29, 0.0, 308.7292, 1.375)
901 : (29, 16, 0.0239, 498.2697, 2.8375)
902 : (10, 30, 0.0, 311.6286, 1.1111)
903 : (30, 15, 0.0227, 474.1838, 1.9316)
904 : (12, 28, 0.0, 357.4263, 1.3333)
905 : (28, 20, 0.0131, 351.6765, 2.0238)
906 : (16, 24, 0.0, 325.5209, 1.3333)
907 : (24, 21, 0.0255, 490.7221, 1.7949)
908 : (10, 30, 0.0, 385.7117, 1.25)
909 : (30, 15, 0.0213, 459.0602, 2.2045)
910 : (17, 23, 0.0, 286.8723, 1.75)
911 : (23, 19, 0.0275, 532.8829, 2.25)
912 : (9, 31, 0.0, 342.3413, 1.0)
913 : (31, 13, 0.0252, 523.7658, 3.2)
914 : (16, 24, 0.0, 319.938, 1.4545)
915 : (24, 18, 0.0185, 444.2534, 2.2231)
916 : (12, 28, 0.0, 353.4437, 1.3333)
917 : (28, 17, 0.0212, 471.8584, 2.3611)
918 : (9, 31, 0.0, 268.4472, 1.125)
919 : (31, 12, 0.0156, 422.1838, 3.4583)
920 : (16, 24, 0.0, 224.7227, 1.3333)
921 : (24, 19, 0.0237, 505.3774, 1.7179)
922 : (8, 32, 0.0, 373.0862, 1.1429)
923 : (32, 11, 0.0194, 462.1874, 3.5714)
924 : (12, 28, 0.0, 344.5149, 1.0909)
925 : (28, 18, 0.0206, 476.7513, 2.1608)
926 : (12, 28, 0.0, 342.9025, 1.6667)
927 : (28, 16, 0.0195, 446.6817, 3.2963)
928 : (16, 24, 0.0, 306.9179, 1.3333)
929 : (24, 23, 0.0169, 413.7206, 2.0278)
930 : (10, 30, 0.0, 306.5519, 1.5)
931 : (30, 16, 0.0223, 476.9151, 2.625)
932 : (14, 26, 0.0, 283.9568, 1.5556)
933 : (26, 19, 0.0179, 432.6759, 2.0463)
934 : (13, 27, 0.0, 322.587, 1.3333)
935 : (27, 20, 0.018, 459.9312, 2.1795)
936 : (11, 29, 0.0, 296.8476, 1.2857)
937 : (29, 17, 0.0218, 471.973, 2.5238)
938 : (14, 26, 0.0, 322.7798, 1.5556)
939 : (26, 21, 0.022, 464.9505, 2.1296)
940 : (17, 23, 0.0, 283.8487, 1.5455)
941 : (23, 20, 0.02, 449.6643, 2.1405)
942 : (19, 21, 0.0, 347.0735, 1.9)
943 : (21, 24, 0.019, 443.4144, 1.825)
944 : (11, 29, 0.0, 372.7498, 1.375)
945 : (29, 17, 0.023, 488.6466, 2.5795)
946 : (13, 27, 0.0, 297.9957, 1.3)
947 : (27, 15, 0.0255, 537.6252, 2.4818)
948 : (5, 35, 0.0, 317.2084, 1.0)
949 : (35, 14, 0.0183, 429.9937, 2.9167)
950 : (10, 30, 0.0, 389.9431, 1.4286)
951 : (30, 13, 0.0211, 469.7993, 3.8036)
952 : (12, 28, 0.0, 226.6423, 1.0909)
953 : (28, 16, 0.0167, 400.8674, 2.1608)
954 : (12, 28, 0.0006, 340.7141, 1.5)
955 : (28, 21, 0.0219, 472.0821, 2.1923)
956 : (14, 26, 0.0, 268.0708, 1.4)
957 : (26, 17, 0.018, 437.1851, 2.4)
958 : (14, 26, 0.0, 332.6633, 1.7143)
959 : (26, 20, 0.019, 419.6731, 3.0794)
960 : (10, 30, 0.0, 326.3439, 1.25)
961 : (30, 16, 0.014, 409.7212, 2.1607)
962 : (20, 20, 0.0, 285.5788, 2.0)
963 : (20, 24, 0.0279, 527.84, 2.0)
964 : (14, 26, 0.0, 349.9679, 1.4)
965 : (26, 20, 0.016, 415.407, 2.4)
966 : (16, 24, 0.0033, 505.3653, 1.7778)
967 : (24, 19, 0.0272, 553.9632, 2.0648)
968 : (18, 22, 0.0046, 575.3987, 1.6364)
969 : (22, 23, 0.0146, 398.0865, 1.8864)
970 : (19, 21, 0.0, 460.5851, 1.3846)
971 : (21, 23, 0.0208, 473.17, 1.5989)
972 : (14, 26, 0.0, 357.1075, 1.0909)
973 : (26, 17, 0.0273, 540.2813, 2.0839)
974 : (18, 22, 0.0, 418.3055, 1.5)
975 : (22, 19, 0.0256, 540.3367, 1.7083)
976 : (21, 19, 0.0, 476.572, 2.0)
977 : (19, 22, 0.0291, 578.7919, 1.9091)
978 : (19, 21, 0.0, 459.0805, 1.9)
979 : (21, 23, 0.021, 487.4535, 1.825)
980 : (23, 17, 0.0, 442.7791, 2.5556)
981 : (17, 27, 0.0164, 438.2428, 2.0617)
982 : (17, 23, 0.0, 485.3394, 1.8889)
983 : (23, 22, 0.0216, 455.8623, 2.1717)
984 : (19, 21, 0.0, 313.9795, 1.9)
985 : (21, 21, 0.0206, 490.7965, 1.9909)
986 : (12, 28, 0.0, 197.793, 1.5)
987 : (28, 14, 0.0195, 453.517, 3.5625)
988 : (13, 27, 0.0, 166.9551, 1.4444)
989 : (27, 18, 0.0186, 461.528, 2.287)
990 : (11, 29, 0.0, 157.6314, 1.1)
991 : (29, 17, 0.0239, 497.6081, 2.6455)
992 : (21, 19, 0.0003, 534.1024, 2.375)
993 : (19, 24, 0.0232, 527.8494, 2.1375)
994 : (22, 18, 0.0003, 439.7907, 2.0)
995 : (18, 28, 0.0196, 455.584, 1.4615)
996 : (22, 18, 0.0, 403.2802, 3.1429)
997 : (18, 23, 0.0228, 483.5973, 2.8776)
998 : (20, 20, 0.0007, 458.422, 1.6667)
999 : (20, 22, 0.0291, 575.7495, 1.7879)
*********************************************************
   	     	        entropy        	                  diff                  
   	     	-----------------------	----------------------------------------
gen	evals	min    	avg    	max    	min      	avg      	max     
0  	500  	1.55608	2.44773	2.99277	0.0134552	0.0953966	0.656955