0 : (19, 1)
1 : (1, 19)
2 : (17, 3)
3 : (3, 17)
4 : (6, 12)
5 : (12, 6)
6 : (10, 10)
7 : (10, 10)
8 : (9, 11)
9 : (11, 9)
10 : (1, 19)
11 : (19, 1)
12 : (6, 14)
13 : (14, 6)
14 : (10, 2)
15 : (2, 10)
16 : (16, 4)
17 : (4, 16)
18 : (0, 20)
19 : (20, 0)
20 : (5, 15)
21 : (15, 5)
22 : (1, 19)
23 : (19, 1)
24 : (11, 9)
25 : (9, 11)
26 : (11, 9)
27 : (9, 11)
28 : (1, 19)
29 : (19, 1)
30 : (1, 19)
31 : (19, 1)
32 : (0, 20)
33 : (20, 0)
34 : (8, 12)
35 : (12, 8)
36 : (3, 17)
37 : (17, 3)
38 : (11, 9)
39 : (9, 11)
40 : (15, 5)
41 : (5, 16)
42 : (10, 10)
43 : (10, 10)
44 : (17, 3)
45 : (3, 17)
46 : (8, 12)
47 : (12, 8)
48 : (3, 17)
49 : (17, 3)
50 : (0, 0)
51 : (0, 0)
52 : (13, 7)
53 : (7, 13)
54 : (11, 9)
55 : (9, 11)
56 : (16, 0)
57 : (0, 16)
58 : (0, 20)
59 : (20, 0)
60 : (10, 10)
61 : (10, 10)
62 : (0, 20)
63 : (20, 0)
64 : (19, 1)
65 : (1, 19)
66 : (3, 17)
67 : (17, 3)
68 : (0, 20)
69 : (20, 0)
70 : (16, 4)
71 : (4, 16)
72 : (0, 20)
73 : (20, 0)
74 : (11, 9)
75 : (9, 11)
76 : (8, 12)
77 : (12, 8)
78 : (6, 14)
79 : (14, 6)
80 : (9, 11)
81 : (11, 9)
82 : (15, 5)
83 : (5, 15)
84 : (1, 17)
85 : (17, 1)
86 : (13, 7)
87 : (7, 13)
88 : (15, 5)
89 : (5, 15)
90 : (0, 20)
91 : (20, 0)
92 : (11, 9)
93 : (9, 11)
94 : (18, 2)
95 : (2, 18)
96 : (7, 13)
97 : (13, 7)
98 : (20, 0)
99 : (0, 20)
12 : (13, 7)
13 : (7, 13)
14 : (6, 14)
15 : (14, 6)
20 : (7, 13)
21 : (13, 7)
22 : (1, 19)
23 : (19, 1)
24 : (5, 15)
25 : (15, 5)
26 : (11, 9)
27 : (9, 11)
28 : (0, 20)
29 : (20, 0)
30 : (20, 0)
31 : (0, 21)
32 : (14, 6)
33 : (6, 14)
34 : (10, 11)
35 : (10, 10)
36 : (0, 20)
37 : (20, 0)
38 : (20, 0)
39 : (0, 20)
44 : (16, 4)
45 : (4, 16)
46 : (6, 10)
47 : (10, 6)
52 : (11, 9)
53 : (9, 11)
54 : (13, 7)
55 : (7, 13)
56 : (7, 13)
57 : (13, 7)
58 : (12, 8)
59 : (8, 12)
60 : (13, 7)
61 : (7, 13)
62 : (15, 5)
63 : (5, 15)
68 : (1, 19)
69 : (19, 1)
70 : (15, 5)
71 : (5, 15)
72 : (15, 5)
73 : (5, 15)
74 : (0, 20)
75 : (20, 0)
76 : (8, 12)
77 : (12, 8)
78 : (14, 6)
79 : (6, 14)
82 : (13, 7)
83 : (7, 13)
96 : (10, 10)
97 : (10, 10)
0 : (8, 12)
1 : (12, 8)
2 : (12, 8)
3 : (8, 12)
4 : (12, 8)
5 : (8, 12)
12 : (5, 15)
13 : (15, 5)
14 : (10, 10)
15 : (10, 10)
16 : (11, 9)
17 : (9, 11)
18 : (15, 5)
19 : (5, 15)
20 : (1, 19)
21 : (19, 1)
22 : (18, 2)
23 : (2, 18)
28 : (6, 14)
29 : (14, 6)
30 : (10, 10)
31 : (10, 10)
36 : (20, 0)
37 : (0, 20)
38 : (3, 17)
39 : (17, 3)
42 : (9, 11)
43 : (11, 9)
44 : (4, 16)
45 : (16, 4)
46 : (4, 16)
47 : (16, 4)
48 : (3, 17)
49 : (17, 3)
52 : (10, 10)
53 : (10, 10)
54 : (13, 7)
55 : (7, 13)
60 : (0, 20)
61 : (20, 0)
62 : (20, 0)
63 : (0, 20)
68 : (6, 14)
69 : (14, 6)
70 : (18, 2)
71 : (2, 18)
72 : (12, 8)
73 : (8, 12)
84 : (6, 14)
85 : (14, 6)
86 : (17, 3)
87 : (3, 17)
88 : (13, 7)
89 : (7, 13)
90 : (13, 7)
91 : (7, 13)
96 : (10, 10)
97 : (10, 10)
98 : (8, 12)
99 : (12, 8)
0 : (2, 18)
1 : (18, 2)
2 : (14, 6)
3 : (6, 14)
68 : (6, 14)
69 : (14, 6)
6 : (17, 3)
7 : (3, 17)
72 : (11, 9)
73 : (9, 11)
74 : (10, 10)
75 : (10, 10)
71 : (1, 19)
82 : (10, 10)
83 : (10, 10)
97 : (6, 14)
26 : (9, 11)
27 : (11, 9)
90 : (11, 9)
32 : (11, 9)
33 : (9, 11)
98 : (0, 14)
91 : (9, 11)
36 : (12, 8)
37 : (8, 12)
38 : (10, 10)
39 : (10, 10)
40 : (8, 12)
41 : (12, 8)
42 : (13, 7)
43 : (7, 13)
70 : (19, 1)
96 : (14, 6)
99 : (14, 0)
60 : (10, 10)
61 : (10, 10)
62 : (16, 4)
63 : (4, 16)
0 : (8, 12)
1 : (12, 8)
2 : (12, 8)
3 : (8, 12)
4 : (16, 4)
5 : (4, 16)
6 : (19, 1)
7 : (1, 19)
12 : (0, 20)
13 : (20, 0)
14 : (20, 0)
15 : (0, 20)
16 : (0, 20)
17 : (20, 0)
18 : (20, 0)
19 : (0, 20)
20 : (10, 10)
21 : (10, 10)
24 : (12, 8)
25 : (8, 12)
26 : (12, 8)
27 : (8, 12)
30 : (7, 13)
31 : (13, 7)
32 : (8, 12)
33 : (12, 8)
34 : (9, 11)
35 : (11, 9)
36 : (18, 2)
37 : (2, 18)
38 : (5, 15)
39 : (15, 5)
40 : (6, 14)
41 : (14, 6)
42 : (19, 1)
43 : (1, 19)
46 : (14, 6)
47 : (6, 14)
52 : (17, 3)
53 : (3, 17)
54 : (11, 9)
55 : (9, 11)
60 : (8, 12)
61 : (12, 8)
62 : (6, 14)
63 : (14, 6)
64 : (9, 11)
65 : (11, 9)
66 : (13, 7)
67 : (7, 13)
68 : (0, 20)
69 : (20, 0)
70 : (20, 0)
71 : (0, 20)
76 : (0, 20)
77 : (20, 0)
78 : (20, 0)
79 : (0, 20)
80 : (12, 1)
81 : (1, 12)
84 : (19, 1)
85 : (1, 19)
86 : (4, 16)
87 : (16, 4)
88 : (5, 15)
89 : (15, 5)
90 : (13, 7)
91 : (7, 13)
92 : (13, 7)
93 : (7, 13)
94 : (5, 15)
95 : (15, 5)
96 : (18, 2)
97 : (2, 18)
98 : (7, 13)
99 : (13, 7)
0 : (16, 4)
1 : (4, 16)
12 : (20, 0)
13 : (0, 20)
14 : (0, 20)
15 : (20, 0)
16 : (11, 9)
17 : (9, 11)
18 : (12, 8)
19 : (8, 12)
20 : (9, 11)
21 : (11, 9)
22 : (9, 11)
23 : (11, 9)
24 : (20, 0)
25 : (0, 20)
26 : (0, 20)
27 : (20, 0)
28 : (1, 19)
29 : (19, 1)
30 : (20, 0)
31 : (0, 20)
32 : (9, 11)
33 : (11, 9)
40 : (1, 19)
41 : (19, 1)
42 : (15, 4)
43 : (4, 15)
46 : (10, 10)
47 : (10, 10)
52 : (15, 5)
53 : (5, 15)
54 : (11, 9)
55 : (9, 11)
56 : (5, 15)
57 : (15, 5)
58 : (15, 5)
59 : (5, 15)
62 : (13, 7)
63 : (7, 13)
72 : (2, 18)
73 : (18, 2)
74 : (15, 5)
75 : (5, 15)
76 : (12, 8)
77 : (8, 12)
78 : (9, 11)
79 : (11, 9)
84 : (13, 7)
85 : (7, 13)
86 : (12, 8)
87 : (8, 12)
88 : (11, 9)
89 : (9, 11)
92 : (4, 16)
93 : (16, 4)
94 : (14, 6)
95 : (6, 14)
96 : (9, 11)
97 : (11, 9)
0 : (7, 13)
1 : (13, 7)
2 : (10, 8)
3 : (8, 10)
6 : (12, 8)
7 : (8, 12)
10 : (16, 4)
11 : (4, 16)
12 : (20, 0)
13 : (0, 20)
14 : (0, 20)
15 : (20, 0)
20 : (15, 5)
21 : (5, 15)
22 : (9, 11)
23 : (11, 9)
28 : (12, 8)
29 : (8, 12)
38 : (11, 9)
39 : (9, 11)
40 : (6, 14)
41 : (14, 6)
42 : (15, 5)
43 : (5, 15)
44 : (18, 2)
45 : (2, 18)
46 : (5, 15)
47 : (15, 5)
48 : (20, 0)
49 : (0, 20)
50 : (4, 16)
51 : (16, 4)
52 : (11, 9)
53 : (9, 11)
54 : (14, 6)
55 : (6, 14)
64 : (20, 0)
65 : (0, 20)
66 : (0, 20)
67 : (20, 0)
68 : (9, 11)
69 : (11, 9)
70 : (9, 11)
71 : (11, 9)
76 : (6, 14)
77 : (14, 6)
80 : (20, 0)
81 : (0, 20)
82 : (0, 20)
83 : (20, 0)
84 : (20, 0)
85 : (0, 20)
86 : (2, 18)
87 : (18, 2)
88 : (20, 0)
89 : (0, 20)
90 : (1, 19)
91 : (19, 1)
94 : (10, 10)
95 : (10, 10)
96 : (19, 1)
97 : (1, 19)
98 : (2, 18)
99 : (18, 3)
0 : (0, 20)
1 : (20, 0)
2 : (20, 0)
3 : (0, 20)
8 : (9, 11)
9 : (11, 9)
10 : (11, 9)
11 : (9, 11)
14 : (12, 8)
15 : (8, 12)
16 : (3, 17)
17 : (17, 3)
18 : (14, 6)
19 : (6, 14)
20 : (6, 14)
21 : (14, 6)
32 : (1, 19)
33 : (19, 1)
34 : (20, 0)
35 : (0, 20)
38 : (11, 9)
39 : (9, 11)
44 : (14, 6)
45 : (6, 14)
46 : (12, 8)
47 : (8, 12)
56 : (13, 7)
57 : (7, 13)
72 : (10, 10)
73 : (10, 10)
74 : (7, 5)
75 : (5, 7)
76 : (2, 18)
77 : (18, 2)
78 : (16, 4)
79 : (4, 16)
80 : (0, 20)
81 : (20, 0)
82 : (20, 0)
83 : (0, 20)
88 : (10, 10)
89 : (10, 10)
90 : (19, 1)
91 : (1, 19)
92 : (8, 12)
93 : (12, 8)
98 : (12, 8)
99 : (8, 12)
4 : (20, 0)
5 : (0, 20)
6 : (16, 4)
7 : (4, 16)
8 : (15, 5)
9 : (5, 15)
10 : (15, 5)
11 : (5, 15)
12 : (13, 7)
13 : (7, 13)
14 : (11, 9)
15 : (9, 11)
16 : (12, 8)
17 : (8, 12)
18 : (9, 11)
19 : (11, 9)
24 : (6, 14)
25 : (14, 6)
26 : (11, 9)
27 : (9, 11)
28 : (13, 7)
29 : (7, 13)
30 : (15, 5)
31 : (5, 15)
36 : (10, 10)
37 : (10, 10)
38 : (5, 15)
39 : (15, 5)
40 : (8, 12)
41 : (12, 8)
44 : (9, 11)
45 : (11, 9)
46 : (16, 4)
47 : (4, 16)
48 : (0, 20)
49 : (20, 0)
50 : (19, 1)
51 : (1, 19)
52 : (11, 9)
53 : (9, 11)
54 : (15, 5)
55 : (5, 15)
56 : (3, 17)
57 : (17, 3)
58 : (10, 10)
59 : (10, 10)
80 : (15, 5)
81 : (5, 15)
82 : (5, 16)
83 : (15, 5)
96 : (11, 9)
97 : (9, 11)
98 : (4, 16)
99 : (16, 4)
0 : (13, 7)
1 : (7, 13)
2 : (12, 8)
3 : (8, 12)
4 : (12, 8)
5 : (8, 12)
6 : (7, 13)
7 : (13, 7)
10 : (11, 9)
11 : (9, 12)
14 : (10, 10)
15 : (10, 10)
16 : (13, 7)
17 : (7, 13)
18 : (16, 4)
19 : (4, 16)
20 : (13, 7)
21 : (7, 13)
22 : (13, 7)
23 : (7, 13)
24 : (6, 14)
25 : (14, 6)
26 : (14, 6)
27 : (6, 14)
40 : (0, 20)
41 : (20, 0)
42 : (20, 0)
43 : (0, 20)
50 : (5, 15)
51 : (15, 5)
52 : (0, 20)
53 : (20, 0)
54 : (20, 0)
55 : (0, 20)
60 : (11, 9)
61 : (9, 11)
62 : (9, 11)
63 : (11, 9)
64 : (2, 18)
65 : (18, 2)
66 : (16, 4)
67 : (4, 16)
68 : (14, 6)
69 : (6, 14)
70 : (11, 9)
71 : (9, 11)
72 : (10, 10)
73 : (10, 10)
74 : (9, 11)
75 : (11, 9)
80 : (9, 11)
81 : (11, 9)
82 : (9, 11)
83 : (11, 9)
84 : (9, 11)
85 : (11, 9)
86 : (7, 14)
87 : (13, 7)
88 : (14, 6)
89 : (6, 14)
90 : (15, 5)
91 : (5, 15)
92 : (11, 9)
93 : (9, 11)
94 : (9, 11)
95 : (11, 9)
96 : (12, 8)
97 : (8, 12)
0 : (20, 0)
1 : (0, 20)
2 : (3, 17)
3 : (17, 3)
4 : (11, 9)
5 : (9, 11)
6 : (6, 14)
7 : (14, 6)
12 : (11, 9)
13 : (9, 11)
14 : (11, 9)
15 : (9, 11)
40 : (11, 9)
41 : (9, 11)
42 : (11, 9)
43 : (9, 11)
44 : (9, 11)
45 : (11, 9)
46 : (4, 16)
47 : (16, 4)
48 : (9, 11)
49 : (11, 9)
50 : (13, 7)
51 : (7, 13)
52 : (0, 20)
53 : (20, 0)
54 : (8, 12)
55 : (12, 8)
62 : (9, 11)
63 : (11, 9)
68 : (9, 11)
69 : (11, 9)
72 : (11, 9)
73 : (9, 11)
74 : (6, 14)
75 : (14, 6)
76 : (3, 17)
77 : (17, 3)
78 : (9, 11)
79 : (11, 9)
80 : (0, 13)
81 : (13, 0)
82 : (9, 11)
83 : (11, 9)
88 : (13, 7)
89 : (7, 13)
90 : (14, 6)
91 : (6, 14)
96 : (11, 9)
97 : (9, 11)
98 : (7, 13)
99 : (13, 7)
12 : (14, 6)
13 : (6, 14)
14 : (12, 8)
15 : (8, 12)
16 : (12, 8)
17 : (8, 12)
18 : (10, 10)
19 : (10, 10)
24 : (1, 19)
25 : (19, 1)
26 : (20, 0)
27 : (0, 20)
28 : (8, 12)
29 : (12, 8)
36 : (0, 20)
37 : (20, 0)
38 : (20, 0)
39 : (0, 20)
42 : (11, 9)
43 : (9, 11)
52 : (9, 11)
53 : (11, 10)
54 : (5, 15)
55 : (15, 5)
56 : (10, 10)
57 : (10, 10)
60 : (11, 9)
61 : (9, 11)
62 : (12, 8)
63 : (8, 12)
72 : (6, 14)
73 : (14, 6)
74 : (6, 8)
75 : (8, 6)
76 : (2, 18)
77 : (18, 2)
78 : (19, 1)
79 : (1, 19)
88 : (9, 11)
89 : (11, 9)
90 : (9, 11)
91 : (11, 9)
94 : (12, 8)
95 : (8, 12)
96 : (10, 10)
97 : (10, 10)
98 : (9, 11)
99 : (11, 9)
6 : (9, 11)
7 : (11, 9)
8 : (0, 20)
9 : (20, 0)
10 : (20, 0)
11 : (0, 20)
12 : (9, 11)
13 : (11, 9)
14 : (4, 16)
15 : (16, 4)
16 : (20, 0)
17 : (0, 20)
18 : (0, 20)
19 : (20, 0)
20 : (12, 8)
21 : (8, 12)
22 : (16, 4)
23 : (4, 16)
36 : (9, 11)
37 : (11, 9)
38 : (11, 9)
39 : (9, 11)
40 : (20, 0)
41 : (0, 20)
42 : (2, 18)
43 : (18, 2)
46 : (15, 6)
47 : (5, 15)
48 : (2, 18)
49 : (18, 2)
50 : (2, 18)
51 : (18, 2)
56 : (8, 12)
57 : (12, 8)
58 : (10, 10)
59 : (10, 10)
60 : (9, 11)
61 : (11, 9)
62 : (11, 9)
63 : (9, 11)
64 : (20, 0)
65 : (0, 20)
66 : (3, 17)
67 : (17, 3)
68 : (4, 16)
69 : (16, 4)
70 : (8, 12)
71 : (12, 8)
72 : (10, 10)
73 : (10, 10)
74 : (9, 9)
75 : (9, 9)
80 : (9, 11)
81 : (11, 9)
82 : (7, 13)
83 : (13, 7)
84 : (7, 13)
85 : (13, 7)
88 : (10, 10)
89 : (10, 10)
90 : (6, 14)
91 : (14, 6)
92 : (19, 1)
93 : (1, 19)
94 : (1, 19)
95 : (19, 1)
96 : (9, 11)
97 : (11, 9)
98 : (11, 9)
99 : (9, 11)
0 : (10, 10)
1 : (10, 10)
2 : (11, 9)
3 : (9, 11)
6 : (9, 11)
7 : (11, 9)
12 : (7, 13)
13 : (13, 7)
16 : (16, 4)
17 : (4, 16)
20 : (20, 0)
21 : (0, 20)
22 : (0, 20)
23 : (20, 0)
24 : (12, 8)
25 : (8, 12)
26 : (9, 11)
27 : (11, 9)
28 : (11, 9)
29 : (9, 11)
30 : (10, 10)
31 : (10, 10)
34 : (11, 9)
35 : (9, 11)
36 : (5, 15)
37 : (15, 5)
38 : (10, 10)
39 : (10, 10)
52 : (12, 8)
53 : (8, 12)
56 : (20, 0)
57 : (0, 20)
58 : (10, 10)
59 : (10, 10)
70 : (8, 12)
71 : (12, 8)
72 : (10, 10)
73 : (10, 10)
74 : (7, 13)
75 : (13, 7)
76 : (10, 10)
77 : (10, 10)
78 : (10, 10)
79 : (10, 10)
80 : (11, 9)
81 : (9, 11)
82 : (13, 7)
83 : (7, 13)
86 : (8, 12)
87 : (12, 8)
88 : (11, 9)
89 : (9, 11)
90 : (9, 11)
91 : (11, 9)
96 : (9, 11)
97 : (11, 9)
0 : (9, 11)
1 : (11, 9)
2 : (9, 11)
3 : (11, 9)
4 : (11, 9)
5 : (9, 11)
8 : (7, 13)
9 : (13, 7)
10 : (11, 9)
11 : (9, 11)
16 : (5, 15)
17 : (15, 5)
18 : (9, 11)
19 : (11, 9)
20 : (10, 10)
21 : (10, 10)
22 : (9, 11)
23 : (11, 9)
24 : (10, 10)
25 : (10, 10)
26 : (10, 10)
27 : (10, 10)
28 : (10, 10)
29 : (10, 10)
30 : (9, 11)
31 : (11, 9)
40 : (8, 12)
41 : (12, 8)
42 : (9, 11)
43 : (11, 9)
52 : (9, 11)
53 : (11, 9)
54 : (10, 10)
55 : (10, 10)
68 : (10, 10)
69 : (10, 10)
70 : (8, 12)
71 : (12, 8)
72 : (7, 13)
73 : (13, 7)
74 : (10, 10)
75 : (10, 10)
82 : (9, 11)
83 : (11, 9)
92 : (6, 14)
93 : (14, 6)
94 : (8, 12)
95 : (12, 9)
96 : (8, 12)
97 : (12, 8)
98 : (12, 8)
99 : (8, 12)
0 : (9, 11)
1 : (11, 9)
2 : (8, 12)
3 : (12, 8)
4 : (7, 13)
5 : (13, 7)
6 : (9, 11)
7 : (11, 9)
16 : (11, 9)
17 : (9, 11)
18 : (7, 13)
19 : (13, 7)
20 : (13, 7)
21 : (7, 13)
22 : (7, 13)
23 : (13, 7)
24 : (9, 11)
25 : (11, 9)
26 : (5, 15)
27 : (15, 5)
28 : (10, 10)
29 : (10, 10)
32 : (9, 11)
33 : (11, 9)
34 : (11, 9)
35 : (9, 11)
40 : (14, 6)
41 : (6, 14)
42 : (11, 9)
43 : (9, 11)
52 : (10, 10)
53 : (10, 10)
54 : (7, 13)
55 : (13, 7)
58 : (9, 11)
59 : (11, 9)
60 : (7, 13)
61 : (13, 7)
62 : (11, 9)
63 : (9, 11)
68 : (11, 9)
69 : (9, 11)
70 : (10, 10)
71 : (10, 10)
76 : (8, 12)
77 : (12, 8)
78 : (9, 11)
79 : (11, 9)
84 : (13, 7)
85 : (7, 13)
86 : (10, 10)
87 : (10, 10)
92 : (6, 14)
93 : (14, 6)
94 : (9, 11)
95 : (11, 9)
96 : (13, 7)
97 : (7, 13)
98 : (10, 10)
99 : (10, 10)
12 : (6, 14)
13 : (14, 6)
16 : (9, 11)
17 : (11, 9)
18 : (10, 10)
19 : (10, 10)
20 : (13, 7)
21 : (7, 13)
24 : (10, 10)
25 : (10, 10)
26 : (11, 9)
27 : (9, 11)
32 : (13, 7)
33 : (7, 13)
36 : (11, 9)
37 : (9, 11)
38 : (13, 7)
39 : (7, 13)
40 : (8, 12)
41 : (12, 8)
42 : (11, 9)
43 : (9, 11)
44 : (11, 9)
45 : (9, 11)
46 : (11, 9)
47 : (9, 11)
52 : (9, 11)
53 : (11, 9)
54 : (10, 10)
55 : (10, 10)
62 : (4, 16)
63 : (16, 4)
64 : (10, 10)
65 : (10, 10)
66 : (12, 8)
67 : (8, 12)
68 : (7, 13)
69 : (13, 7)
70 : (8, 12)
71 : (12, 8)
80 : (11, 9)
81 : (9, 11)
82 : (14, 6)
83 : (6, 14)
84 : (10, 10)
85 : (10, 10)
86 : (11, 9)
87 : (9, 11)
88 : (9, 11)
89 : (11, 9)
90 : (11, 9)
91 : (9, 11)
92 : (9, 11)
93 : (11, 9)
0 : (10, 10)
1 : (10, 10)
2 : (10, 10)
3 : (10, 10)
4 : (9, 11)
5 : (11, 9)
6 : (11, 9)
7 : (9, 11)
10 : (7, 13)
11 : (13, 7)
12 : (9, 11)
13 : (11, 9)
14 : (11, 9)
15 : (9, 11)
16 : (12, 8)
17 : (8, 12)
18 : (14, 6)
19 : (6, 14)
20 : (12, 8)
21 : (8, 12)
22 : (8, 12)
23 : (12, 8)
24 : (12, 8)
25 : (8, 12)
26 : (8, 12)
27 : (12, 8)
28 : (12, 8)
29 : (8, 12)
32 : (7, 13)
33 : (13, 7)
34 : (11, 9)
35 : (9, 11)
36 : (13, 7)
37 : (7, 13)
38 : (5, 15)
39 : (15, 5)
44 : (10, 10)
45 : (10, 10)
46 : (8, 12)
47 : (12, 8)
48 : (12, 8)
49 : (8, 12)
50 : (8, 12)
51 : (12, 8)
52 : (10, 10)
53 : (10, 10)
54 : (9, 11)
55 : (11, 9)
56 : (14, 6)
57 : (6, 14)
58 : (10, 10)
59 : (10, 10)
64 : (8, 12)
65 : (12, 8)
66 : (12, 8)
67 : (8, 12)
70 : (9, 11)
71 : (11, 9)
72 : (10, 10)
73 : (10, 10)
80 : (10, 10)
81 : (10, 10)
82 : (9, 11)
83 : (11, 9)
84 : (10, 10)
85 : (10, 10)
86 : (1, 19)
87 : (19, 1)
88 : (11, 9)
89 : (9, 11)
90 : (11, 9)
91 : (9, 11)
92 : (9, 11)
93 : (11, 9)
96 : (12, 8)
97 : (8, 12)
98 : (8, 12)
99 : (12, 8)
4 : (9, 11)
5 : (11, 9)
6 : (8, 12)
7 : (12, 8)
8 : (10, 10)
9 : (10, 10)
10 : (10, 10)
11 : (10, 10)
12 : (10, 10)
13 : (10, 10)
24 : (7, 13)
25 : (13, 7)
26 : (11, 9)
27 : (9, 11)
28 : (12, 8)
29 : (8, 12)
30 : (8, 12)
31 : (12, 8)
38 : (11, 9)
39 : (9, 11)
44 : (11, 9)
45 : (9, 11)
46 : (11, 9)
47 : (9, 11)
54 : (11, 9)
55 : (9, 11)
56 : (10, 10)
57 : (10, 10)
58 : (9, 11)
59 : (11, 9)
60 : (14, 6)
61 : (6, 14)
62 : (8, 12)
63 : (12, 8)
68 : (9, 11)
69 : (11, 9)
70 : (9, 11)
71 : (11, 9)
76 : (9, 11)
77 : (11, 9)
78 : (7, 13)
79 : (13, 7)
80 : (14, 6)
81 : (6, 14)
84 : (11, 9)
85 : (9, 11)
86 : (12, 8)
87 : (8, 12)
88 : (9, 11)
89 : (11, 9)
90 : (9, 11)
91 : (11, 9)
96 : (12, 8)
97 : (8, 12)
98 : (6, 14)
99 : (14, 6)
0 : (9, 11)
1 : (11, 9)
2 : (10, 10)
3 : (10, 10)
4 : (9, 11)
5 : (11, 9)
6 : (9, 11)
7 : (11, 9)
8 : (10, 10)
9 : (10, 10)
12 : (8, 12)
13 : (12, 8)
14 : (11, 9)
15 : (9, 11)
16 : (12, 8)
17 : (8, 12)
18 : (8, 12)
19 : (12, 8)
20 : (7, 13)
21 : (13, 7)
22 : (9, 11)
23 : (11, 9)
26 : (7, 13)
27 : (13, 7)
28 : (11, 9)
29 : (9, 11)
36 : (11, 9)
37 : (9, 11)
38 : (7, 13)
39 : (13, 7)
42 : (8, 12)
43 : (12, 8)
44 : (9, 11)
45 : (11, 9)
46 : (7, 13)
47 : (13, 7)
48 : (11, 9)
49 : (9, 11)
50 : (11, 9)
51 : (9, 11)
52 : (9, 11)
53 : (11, 9)
54 : (9, 11)
55 : (11, 9)
58 : (8, 12)
59 : (12, 8)
60 : (8, 12)
61 : (12, 8)
62 : (11, 9)
63 : (9, 11)
64 : (9, 11)
65 : (11, 9)
66 : (10, 10)
67 : (10, 10)
68 : (14, 6)
69 : (6, 14)
70 : (10, 10)
71 : (10, 10)
78 : (10, 10)
79 : (10, 10)
84 : (12, 8)
85 : (8, 12)
86 : (14, 6)
87 : (6, 14)
88 : (10, 10)
89 : (10, 10)
90 : (15, 5)
91 : (5, 15)
gen	avg    	std      	min    	max
0  	2.17254	0.81058  	0      	3  
1  	2.54218	0.659502 	1      	3  
2  	2.67926	0.533563 	1      	3  
3  	2.8248 	0.418515 	0.7    	3  
4  	2.42448	0.750924 	1      	3  
5  	2.62572	0.632898 	1      	3  
6  	2.44668	0.764439 	1      	3  
7  	2.63502	0.634947 	1      	3  
8  	2.76905	0.44818  	1      	3  
9  	2.73414	0.545913 	1      	3  
10 	2.79231	0.513454 	0.65   	3  
11 	2.76626	0.545114 	1      	3  
12 	2.56339	0.688272 	1      	3  
13 	2.80975	0.492995 	1      	3  
14 	2.96819	0.0667463	2.62256	3  
15 	2.95375	0.0775627	2.62256	3  
16 	2.95487	0.0936378	2.44386	3  
17 	2.92735	0.20626  	1.57279	3  
18 	2.96888	0.0598436	2.76258	3  
19 	2.95994	0.0736554	2.62256	3  