number of estimated clusters : 5
[0, 2, 4, 6, 8, 10, 14, 16, 18, 20, 22, 24, 26, 28, 30, 32, 34, 38, 40, 44, 46, 48, 50, 52, 54, 56, 58, 60, 62, 64, 66, 68, 70, 72, 74, 76, 78, 80, 82, 84, 86, 88, 90, 92, 94, 96, 98]
center: 
[  9.99999568e-02   8.92160169e-04   5.00000000e+01   1.00000000e+00
   2.93616700e+00   1.16178296e+03   5.58084259e+01   3.19306736e+01
   6.23851940e-02]
members:
[[  1.00000001e-01   0.00000000e+00   5.00000000e+01   1.00000000e+00
    3.00000000e+00   1.15000000e+03   6.65968704e+01   3.89415283e+01
    0.00000000e+00]
 [  1.00000001e-01   0.00000000e+00   5.00000000e+01   1.00000000e+00
    3.00000000e+00   1.23600366e+03   5.50251350e+01   2.94200191e+01
    0.00000000e+00]
 [  1.00000001e-01   0.00000000e+00   5.00000000e+01   1.00000000e+00
    3.00000000e+00   1.15000000e+03   5.50251350e+01   2.94200191e+01
    0.00000000e+00]
 [  1.00000001e-01   0.00000000e+00   5.00000000e+01   1.00000000e+00
    3.00000000e+00   1.15000000e+03   5.50251350e+01   2.94200191e+01
    0.00000000e+00]
 [  1.00000001e-01   0.00000000e+00   5.00000000e+01   1.00000000e+00
    3.99985361e+00   1.15000000e+03   5.50251350e+01   2.94200191e+01
    0.00000000e+00]
 [  1.00000001e-01   0.00000000e+00   5.00000000e+01   1.00000000e+00
    3.00000000e+00   1.15000000e+03   5.73255005e+01   3.00602875e+01
    0.00000000e+00]
 [  1.00000001e-01   0.00000000e+00   5.00000000e+01   1.00000000e+00
    3.00000000e+00   1.15000000e+03   5.50251350e+01   2.94200191e+01
    0.00000000e+00]
 [  1.00000001e-01   0.00000000e+00   5.00000000e+01   1.00000000e+00
    3.00000000e+00   1.15000000e+03   5.50251350e+01   2.94200191e+01
    0.00000000e+00]
 [  1.00000001e-01   4.19315286e-02   5.00000000e+01   1.00000000e+00
    3.00000000e+00   1.21682874e+03   5.50000000e+01   3.88681526e+01
    0.00000000e+00]
 [  1.00000001e-01   0.00000000e+00   5.00000000e+01   1.00000000e+00
    3.00000000e+00   1.15000000e+03   5.50251350e+01   2.94200191e+01
    0.00000000e+00]
 [  1.00000001e-01   0.00000000e+00   5.00000000e+01   1.00000000e+00
    3.00000000e+00   1.15000000e+03   5.50251350e+01   2.94200191e+01
    0.00000000e+00]
 [  1.00000001e-01   0.00000000e+00   5.00000000e+01   1.00000000e+00
    3.00000000e+00   1.15000000e+03   5.50251350e+01   2.94200191e+01
    0.00000000e+00]
 [  1.00000001e-01   0.00000000e+00   5.00000000e+01   1.00000000e+00
    3.00000000e+00   1.15000000e+03   5.50251350e+01   2.94200191e+01
    0.00000000e+00]
 [  1.00000001e-01   0.00000000e+00   5.00000000e+01   1.00000000e+00
    3.00000000e+00   1.15000000e+03   5.50251350e+01   2.94200191e+01
    0.00000000e+00]
 [  1.00000001e-01   0.00000000e+00   5.00000000e+01   1.00000000e+00
    3.00000000e+00   1.15000000e+03   5.50251350e+01   2.94200191e+01
    0.00000000e+00]
 [  1.00000001e-01   0.00000000e+00   5.00000000e+01   1.00000000e+00
    3.00000000e+00   1.15000000e+03   5.50251350e+01   2.94200191e+01
    0.00000000e+00]
 [  1.00000001e-01   0.00000000e+00   5.00000000e+01   1.00000000e+00
    3.00000000e+00   1.15000000e+03   5.50251350e+01   2.94200191e+01
    0.00000000e+00]
 [  1.00000001e-01   0.00000000e+00   5.00000000e+01   1.00000000e+00
    3.00000000e+00   1.15000000e+03   5.50251350e+01   2.94200191e+01
    0.00000000e+00]
 [  1.00000001e-01   0.00000000e+00   5.00000000e+01   1.00000000e+00
    3.00000000e+00   1.15000000e+03   5.50251350e+01   2.94200191e+01
    0.00000000e+00]
 [  1.00000001e-01   0.00000000e+00   5.00000000e+01   1.00000000e+00
    3.00000000e+00   1.21682874e+03   5.50000000e+01   3.89415283e+01
    0.00000000e+00]
 [  1.00000001e-01   0.00000000e+00   5.00000000e+01   1.00000000e+00
    3.00000000e+00   1.15000000e+03   5.50251350e+01   2.94200191e+01
    0.00000000e+00]
 [  1.00000001e-01   0.00000000e+00   5.00000000e+01   1.00000000e+00
    3.00000000e+00   1.15000000e+03   5.50251350e+01   2.94200191e+01
    0.00000000e+00]
 [  1.00000001e-01   0.00000000e+00   5.00000000e+01   1.00000000e+00
    3.00000000e+00   1.15000000e+03   5.50251350e+01   2.94200191e+01
    0.00000000e+00]
 [  1.00000001e-01   0.00000000e+00   5.00000000e+01   1.00000000e+00
    1.00000000e+00   1.21682874e+03   5.50000000e+01   2.94200191e+01
    2.92029381e+00]
 [  1.00000001e-01   0.00000000e+00   5.00000000e+01   1.00000000e+00
    3.00000000e+00   1.15000000e+03   5.50251350e+01   3.89415283e+01
    5.90518024e-03]
 [  1.00000001e-01   0.00000000e+00   5.00000000e+01   1.00000000e+00
    3.00000000e+00   1.15000000e+03   5.50251350e+01   2.94200191e+01
    0.00000000e+00]
 [  1.00000001e-01   0.00000000e+00   5.00000000e+01   1.00000000e+00
    3.00000000e+00   1.15000000e+03   5.50251350e+01   2.94200191e+01
    0.00000000e+00]
 [  1.00000001e-01   0.00000000e+00   5.00000000e+01   1.00000000e+00
    3.00000000e+00   1.21682874e+03   5.50000000e+01   3.89415283e+01
    0.00000000e+00]
 [  1.00000001e-01   0.00000000e+00   5.00000000e+01   1.00000000e+00
    3.00000000e+00   1.15000000e+03   5.50251350e+01   4.00000000e+01
    0.00000000e+00]
 [  1.00000001e-01   0.00000000e+00   5.00000000e+01   1.00000000e+00
    3.00000000e+00   1.15000000e+03   5.50251350e+01   2.94200191e+01
    0.00000000e+00]
 [  1.00000001e-01   0.00000000e+00   5.00000000e+01   1.00000000e+00
    3.00000000e+00   1.15000000e+03   5.50000000e+01   4.00000000e+01
    0.00000000e+00]
 [  1.00000001e-01   0.00000000e+00   5.00000000e+01   1.00000000e+00
    3.00000000e+00   1.15000000e+03   5.50251350e+01   2.94200191e+01
    0.00000000e+00]
 [  1.00000001e-01   0.00000000e+00   5.00000000e+01   1.00000000e+00
    3.00000000e+00   1.15000000e+03   5.50251350e+01   2.94200191e+01
    0.00000000e+00]
 [  1.00000001e-01   0.00000000e+00   5.00000000e+01   1.00000000e+00
    3.00000000e+00   1.15000000e+03   5.50251350e+01   2.94200191e+01
    0.00000000e+00]
 [  1.00000001e-01   0.00000000e+00   5.00000000e+01   1.00000000e+00
    3.00000000e+00   1.15000000e+03   5.50000000e+01   4.00000000e+01
    0.00000000e+00]
 [  1.00000001e-01   0.00000000e+00   5.00000000e+01   1.00000000e+00
    3.00000000e+00   1.15000000e+03   6.65968704e+01   3.89415283e+01
    0.00000000e+00]
 [  1.00000001e-01   0.00000000e+00   5.00000000e+01   1.00000000e+00
    3.00000000e+00   1.15000000e+03   5.50251350e+01   2.94200191e+01
    0.00000000e+00]
 [  1.00000001e-01   0.00000000e+00   5.00000000e+01   1.00000000e+00
    3.00000000e+00   1.15000000e+03   5.50251350e+01   2.94200191e+01
    0.00000000e+00]
 [  1.00000001e-01   0.00000000e+00   5.00000000e+01   1.00000000e+00
    3.00000000e+00   1.15000000e+03   5.50251350e+01   2.94200191e+01
    0.00000000e+00]
 [  1.00000001e-01   0.00000000e+00   5.00000000e+01   1.00000000e+00
    3.00000000e+00   1.15000000e+03   5.50251350e+01   2.94200191e+01
    0.00000000e+00]
 [  1.00000001e-01   0.00000000e+00   5.00000000e+01   1.00000000e+00
    3.00000000e+00   1.15000000e+03   5.50251350e+01   2.94200191e+01
    0.00000000e+00]
 [  1.00000001e-01   0.00000000e+00   5.00000000e+01   1.00000000e+00
    3.00000000e+00   1.15000000e+03   5.50251350e+01   2.94200191e+01
    0.00000000e+00]
 [  1.00000001e-01   0.00000000e+00   5.00000000e+01   1.00000000e+00
    3.00000000e+00   1.15000000e+03   6.65968704e+01   3.89415283e+01
    0.00000000e+00]
 [  1.00000001e-01   0.00000000e+00   5.00000000e+01   1.00000000e+00
    3.00000000e+00   1.21682874e+03   5.50251350e+01   2.94200191e+01
    0.00000000e+00]
 [  1.00000001e-01   0.00000000e+00   5.00000000e+01   1.00000000e+00
    1.00000000e+00   1.21682874e+03   5.50000000e+01   3.89415283e+01
    5.90518024e-03]
 [  1.00000001e-01   0.00000000e+00   5.00000000e+01   1.00000000e+00
    3.00000000e+00   1.15000000e+03   5.50251350e+01   2.94200191e+01
    0.00000000e+00]
 [  1.00000001e-01   0.00000000e+00   5.00000000e+01   1.00000000e+00
    3.00000000e+00   1.21682874e+03   5.50000000e+01   3.89415283e+01
    0.00000000e+00]]
[1, 3, 5, 7, 9, 11, 13, 15, 17, 19, 21, 23, 25, 27, 29, 31, 33, 35, 37, 39, 41, 43, 45, 47, 49, 51, 53, 57, 59, 61, 65, 67, 69, 71, 73, 77, 79, 81, 83, 85, 87, 89, 91, 95, 97, 99]
center: 
[  1.59999937e-01   0.00000000e+00   2.21550415e+02   2.82505655e+00
   3.24841309e+00   1.15000000e+03   5.62113838e+01   2.41794910e+01
  -3.87084216e-01]
members:
[[  1.59999996e-01   0.00000000e+00   2.20000000e+02   1.00000000e+00
    7.47566843e+00   1.15000000e+03   5.50000000e+01   2.40000000e+01
   -1.84077048e+00]
 [  1.59999996e-01   0.00000000e+00   2.20000000e+02   1.00000000e+00
    3.00000000e+00   1.15000000e+03   5.50000000e+01   2.40000000e+01
    0.00000000e+00]
 [  1.59999996e-01   0.00000000e+00   2.20000000e+02   1.00000000e+00
    3.00000000e+00   1.15000000e+03   6.20624352e+01   2.40000000e+01
    0.00000000e+00]
 [  1.59999996e-01   0.00000000e+00   2.20000000e+02   1.00000000e+00
    3.00000000e+00   1.15000000e+03   5.50000000e+01   2.40000000e+01
    0.00000000e+00]
 [  1.59999996e-01   0.00000000e+00   2.20000000e+02   1.00000000e+00
    3.00000000e+00   1.15000000e+03   5.50000000e+01   2.40000000e+01
    2.44260240e+00]
 [  1.59999996e-01   0.00000000e+00   2.20000000e+02   1.00000000e+00
    3.00000000e+00   1.15000000e+03   5.50000000e+01   2.40000000e+01
   -1.84077048e+00]
 [  1.59999996e-01   0.00000000e+00   2.20000000e+02   1.00000000e+00
    3.00000000e+00   1.15000000e+03   5.50000000e+01   2.40000000e+01
    0.00000000e+00]
 [  1.59999996e-01   0.00000000e+00   2.20000000e+02   1.00000000e+00
    3.00000000e+00   1.15000000e+03   5.50000000e+01   2.40000000e+01
    0.00000000e+00]
 [  1.59999996e-01   0.00000000e+00   2.20000000e+02   1.00000000e+00
    3.00000000e+00   1.15000000e+03   5.50000000e+01   2.40000000e+01
    0.00000000e+00]
 [  1.59999996e-01   0.00000000e+00   2.91319061e+02   5.01479263e+01
    3.00000000e+00   1.15000000e+03   5.50000000e+01   2.40000000e+01
   -1.84077048e+00]
 [  1.59999996e-01   0.00000000e+00   2.20000000e+02   1.00000000e+00
    3.00000000e+00   1.15000000e+03   5.50000000e+01   2.40000000e+01
    0.00000000e+00]
 [  1.59999996e-01   0.00000000e+00   2.20000000e+02   2.81840572e+01
    3.00000000e+00   1.15000000e+03   5.50000000e+01   3.32660522e+01
    0.00000000e+00]
 [  1.59999996e-01   0.00000000e+00   2.20000000e+02   1.00000000e+00
    1.00000000e+00   1.15000000e+03   6.20624352e+01   2.40000000e+01
    0.00000000e+00]
 [  1.59999996e-01   0.00000000e+00   2.20000000e+02   1.00000000e+00
    3.00000000e+00   1.15000000e+03   5.50000000e+01   2.40000000e+01
    0.00000000e+00]
 [  1.59999996e-01   0.00000000e+00   2.20000000e+02   1.00000000e+00
    3.00000000e+00   1.15000000e+03   5.50000000e+01   2.40000000e+01
    0.00000000e+00]
 [  1.59999996e-01   0.00000000e+00   2.20000000e+02   1.00000000e+00
    3.00000000e+00   1.15000000e+03   5.50000000e+01   2.40000000e+01
    0.00000000e+00]
 [  1.59999996e-01   0.00000000e+00   2.20000000e+02   1.00000000e+00
    3.00000000e+00   1.15000000e+03   5.50000000e+01   2.40000000e+01
    0.00000000e+00]
 [  1.59999996e-01   0.00000000e+00   2.20000000e+02   1.00000000e+00
    3.00000000e+00   1.15000000e+03   5.50000000e+01   2.40000000e+01
    0.00000000e+00]
 [  1.59999996e-01   0.00000000e+00   2.20000000e+02   1.00000000e+00
    3.00000000e+00   1.15000000e+03   5.50000000e+01   2.40000000e+01
    0.00000000e+00]
 [  1.59999996e-01   0.00000000e+00   2.20000000e+02   1.00000000e+00
    3.00000000e+00   1.15000000e+03   5.50000000e+01   2.40000000e+01
    0.00000000e+00]
 [  1.59999996e-01   0.00000000e+00   2.20000000e+02   1.00000000e+00
    3.00000000e+00   1.15000000e+03   5.50000000e+01   2.40000000e+01
    0.00000000e+00]
 [  1.59999996e-01   0.00000000e+00   2.20000000e+02   1.00000000e+00
    3.00000000e+00   1.15000000e+03   5.50000000e+01   2.40000000e+01
    0.00000000e+00]
 [  1.59999996e-01   0.00000000e+00   2.20000000e+02   1.00000000e+00
    3.00000000e+00   1.15000000e+03   5.50000000e+01   2.40000000e+01
   -1.84077048e+00]
 [  1.59999996e-01   0.00000000e+00   2.20000000e+02   1.00000000e+00
    3.00000000e+00   1.15000000e+03   5.50000000e+01   2.40000000e+01
    0.00000000e+00]
 [  1.59999996e-01   0.00000000e+00   2.20000000e+02   1.00000000e+00
    3.00000000e+00   1.15000000e+03   5.50000000e+01   2.40000000e+01
    0.00000000e+00]
 [  1.59999996e-01   0.00000000e+00   2.20000000e+02   1.00000000e+00
    3.00000000e+00   1.15000000e+03   5.50000000e+01   2.40000000e+01
   -1.84077048e+00]
 [  1.59999996e-01   0.00000000e+00   2.20000000e+02   8.62062550e+00
    3.00000000e+00   1.15000000e+03   5.50000000e+01   2.40000000e+01
    0.00000000e+00]
 [  1.59999996e-01   0.00000000e+00   2.20000000e+02   1.00000000e+00
    3.00000000e+00   1.15000000e+03   5.50000000e+01   2.40000000e+01
    0.00000000e+00]
 [  1.59999996e-01   0.00000000e+00   2.20000000e+02   1.00000000e+00
    3.00000000e+00   1.15000000e+03   5.50000000e+01   2.40000000e+01
    0.00000000e+00]
 [  1.59999996e-01   0.00000000e+00   2.20000000e+02   1.00000000e+00
    3.00000000e+00   1.15000000e+03   5.50000000e+01   2.40000000e+01
   -1.84077048e+00]
 [  1.59999996e-01   0.00000000e+00   2.20000000e+02   1.00000000e+00
    3.00000000e+00   1.15000000e+03   5.50000000e+01   2.29905758e+01
    0.00000000e+00]
 [  1.59999996e-01   0.00000000e+00   2.20000000e+02   1.00000000e+00
    3.00000000e+00   1.15000000e+03   6.12864647e+01   2.40000000e+01
   -1.84077048e+00]
 [  1.59999996e-01   0.00000000e+00   2.20000000e+02   1.00000000e+00
    3.00000000e+00   1.15000000e+03   5.50000000e+01   2.40000000e+01
    0.00000000e+00]
 [  1.59999996e-01   0.00000000e+00   2.20000000e+02   1.00000000e+00
    3.00000000e+00   1.15000000e+03   6.20624352e+01   2.40000000e+01
    0.00000000e+00]
 [  1.59999996e-01   0.00000000e+00   2.20000000e+02   1.00000000e+00
    3.00000000e+00   1.15000000e+03   6.20624352e+01   2.40000000e+01
    0.00000000e+00]
 [  1.59999996e-01   0.00000000e+00   2.20000000e+02   1.00000000e+00
    7.47566843e+00   1.15000000e+03   5.50000000e+01   2.40000000e+01
   -1.84077048e+00]
 [  1.59999996e-01   0.00000000e+00   2.20000000e+02   1.00000000e+00
    3.00000000e+00   1.15000000e+03   6.20624352e+01   2.40000000e+01
    0.00000000e+00]
 [  1.59999996e-01   0.00000000e+00   2.20000000e+02   1.00000000e+00
    3.00000000e+00   1.15000000e+03   5.50000000e+01   2.40000000e+01
    0.00000000e+00]
 [  1.59999996e-01   0.00000000e+00   2.20000000e+02   1.00000000e+00
    3.00000000e+00   1.15000000e+03   5.50000000e+01   2.40000000e+01
    0.00000000e+00]
 [  1.59999996e-01   0.00000000e+00   2.20000000e+02   1.00000000e+00
    3.00000000e+00   1.15000000e+03   5.50000000e+01   2.40000000e+01
    0.00000000e+00]
 [  1.59999996e-01   0.00000000e+00   2.20000000e+02   1.00000000e+00
    3.00000000e+00   1.15000000e+03   6.20624352e+01   2.40000000e+01
    0.00000000e+00]
 [  1.59999996e-01   0.00000000e+00   2.20000000e+02   1.00000000e+00
    3.00000000e+00   1.15000000e+03   5.50000000e+01   2.40000000e+01
    0.00000000e+00]
 [  1.59999996e-01   0.00000000e+00   2.20000000e+02   1.00000000e+00
    7.47566843e+00   1.15000000e+03   5.50000000e+01   2.40000000e+01
   -1.84077048e+00]
 [  1.59999996e-01   0.00000000e+00   2.20000000e+02   1.00000000e+00
    3.00000000e+00   1.15000000e+03   5.50000000e+01   2.40000000e+01
   -1.84077048e+00]
 [  1.59999996e-01   0.00000000e+00   2.20000000e+02   1.00000000e+00
    3.00000000e+00   1.15000000e+03   6.20624352e+01   2.40000000e+01
    0.00000000e+00]
 [  1.59999996e-01   0.00000000e+00   2.20000000e+02   1.00000000e+00
    3.00000000e+00   1.15000000e+03   5.50000000e+01   2.40000000e+01
   -1.84077048e+00]]
[12, 36, 42]
center: 
[  1.00000001e-01   0.00000000e+00   5.00000000e+01   1.00000000e+00
   3.00000000e+00   9.21612122e+02   5.50251350e+01   2.94200191e+01
   0.00000000e+00]
members:
[[  1.00000001e-01   0.00000000e+00   5.00000000e+01   1.00000000e+00
    3.00000000e+00   9.21612183e+02   5.50251350e+01   2.94200191e+01
    0.00000000e+00]
 [  1.00000001e-01   0.00000000e+00   5.00000000e+01   1.00000000e+00
    3.00000000e+00   9.21612183e+02   5.50251350e+01   2.94200191e+01
    0.00000000e+00]
 [  1.00000001e-01   0.00000000e+00   5.00000000e+01   1.00000000e+00
    3.00000000e+00   9.21612183e+02   5.50251350e+01   2.94200191e+01
    0.00000000e+00]]
[63, 75]
center: 
[  1.59999996e-01   0.00000000e+00   2.20000000e+02   1.00000000e+00
   3.00000000e+00   4.93074268e+03   6.09029503e+01   2.40000000e+01
   0.00000000e+00]
members:
[[  1.59999996e-01   0.00000000e+00   2.20000000e+02   1.00000000e+00
    3.00000000e+00   4.93074268e+03   6.09029503e+01   2.40000000e+01
    0.00000000e+00]
 [  1.59999996e-01   0.00000000e+00   2.20000000e+02   1.00000000e+00
    3.00000000e+00   4.93074268e+03   6.09029503e+01   2.40000000e+01
    0.00000000e+00]]
[55, 93]
center: 
[  1.59999996e-01   0.00000000e+00   2.20000000e+02   1.00000000e+00
   3.00000000e+00   1.50557251e+03   5.50000000e+01   2.81679897e+01
   0.00000000e+00]
members:
[[  1.59999996e-01   0.00000000e+00   2.20000000e+02   1.00000000e+00
    3.00000000e+00   1.50557251e+03   5.50000000e+01   2.81679897e+01
    0.00000000e+00]
 [  1.59999996e-01   0.00000000e+00   2.20000000e+02   1.00000000e+00
    3.00000000e+00   1.50557251e+03   5.50000000e+01   2.81679897e+01
    0.00000000e+00]]
