number of estimated clusters : 3
[0, 2, 4, 6, 8, 10, 12, 14, 16, 18, 19, 20, 22, 24, 26, 28, 29, 30, 32, 34, 36, 38, 39, 40, 41, 42, 44, 45, 46, 47, 48, 50, 51, 54, 58, 60, 64, 70, 72, 74, 76, 78, 80, 81, 82, 86, 90, 92, 94, 96, 98, 99]
center: 
[  5.69958735e+00   5.52546859e-01   5.02845490e+02   4.08404572e+02
   6.79664307e+01   8.87041016e+03   7.62441711e+01   8.67884598e+01
  -1.24817047e+01]
members:
[[  9.52000046e+00   2.19999999e-01   4.91000000e+02   4.64000000e+02
    9.32300034e+01   8.76516504e+03   7.90000000e+01   1.00000000e+02
   -1.46762476e+01]
 [  6.53999996e+00   2.19999999e-01   4.91000000e+02   4.64000000e+02
    8.06100006e+01   8.76516504e+03   7.90000000e+01   1.00000000e+02
   -1.46762476e+01]
 [  6.53999996e+00   2.19999999e-01   4.91000000e+02   4.64000000e+02
    8.06100006e+01   8.94400000e+03   7.90000000e+01   1.00000000e+02
   -1.46762476e+01]
 [  6.53999996e+00   2.19999999e-01   4.91000000e+02   4.64000000e+02
    8.06100006e+01   8.94400000e+03   7.90000000e+01   1.00000000e+02
   -1.46762476e+01]
 [  6.53999996e+00   2.19999999e-01   4.91000000e+02   4.64000000e+02
    8.06100006e+01   8.94400000e+03   7.90000000e+01   1.00000000e+02
   -1.46762476e+01]
 [  6.53999996e+00   2.19999999e-01   4.91000000e+02   4.64000000e+02
    8.06100006e+01   9.19481348e+03   7.90000000e+01   1.00000000e+02
   -1.46762476e+01]
 [  6.53999996e+00   2.19999999e-01   4.91000000e+02   4.64000000e+02
    7.65110245e+01   8.94400000e+03   8.53852463e+01   1.00000000e+02
   -1.56312799e+01]
 [  6.78561497e+00   2.19999999e-01   4.91000000e+02   4.64000000e+02
    9.32300034e+01   8.97118945e+03   8.10465164e+01   1.00000000e+02
   -1.46762476e+01]
 [  9.52000046e+00   2.19999999e-01   4.91000000e+02   4.64000000e+02
    9.32300034e+01   8.76516504e+03   7.90000000e+01   1.00000000e+02
   -1.46762476e+01]
 [  6.53999996e+00   2.19999999e-01   4.91000000e+02   4.64000000e+02
    8.06100006e+01   8.94400000e+03   8.43582306e+01   1.00000000e+02
   -1.38343067e+01]
 [  5.79999983e-01   2.20000005e+00   5.70025513e+02   1.31000000e+02
    3.24000001e+00   8.60000000e+03   5.90000000e+01   2.60000000e+01
   -6.49999976e-01]
 [  6.53999996e+00   2.19999999e-01   4.91000000e+02   4.64000000e+02
    8.06100006e+01   9.19481348e+03   7.90000000e+01   1.00000000e+02
   -1.46762476e+01]
 [  6.53999996e+00   2.19999999e-01   4.91000000e+02   4.64000000e+02
    8.06100006e+01   8.94400000e+03   7.90000000e+01   1.00000000e+02
   -1.46762476e+01]
 [  6.53999996e+00   2.19999999e-01   4.91000000e+02   4.64000000e+02
    8.06100006e+01   8.94400000e+03   7.90000000e+01   1.00000000e+02
   -1.46762476e+01]
 [  6.53999996e+00   2.19999999e-01   4.91000000e+02   4.64000000e+02
    8.06100006e+01   8.94400000e+03   7.90000000e+01   1.00000000e+02
   -1.46762476e+01]
 [  6.53999996e+00   2.19999999e-01   4.91000000e+02   4.64000000e+02
    8.06100006e+01   8.94400000e+03   8.38930588e+01   1.00000000e+02
   -1.46762476e+01]
 [  5.79999983e-01   2.16685891e+00   5.22393311e+02   1.56000000e+02
    3.41000009e+00   8.60000000e+03   5.90000000e+01   2.60000000e+01
    8.14335346e-01]
 [  6.53999996e+00   2.19999999e-01   4.91000000e+02   4.64000000e+02
    8.06100006e+01   8.94400000e+03   7.90000000e+01   1.00000000e+02
   -1.46762476e+01]
 [  6.53999996e+00   2.19999999e-01   4.91000000e+02   4.64000000e+02
    8.06100006e+01   8.76516504e+03   7.90000000e+01   1.00000000e+02
   -1.46762476e+01]
 [  6.53999996e+00   2.19999999e-01   4.91000000e+02   4.64000000e+02
    8.06100006e+01   8.76516504e+03   7.90000000e+01   1.00000000e+02
   -1.46762476e+01]
 [  6.53999996e+00   2.19999999e-01   4.91000000e+02   4.64000000e+02
    8.06100006e+01   8.76516504e+03   7.90000000e+01   1.00000000e+02
   -1.46762476e+01]
 [  6.78561497e+00   2.19999999e-01   4.91000000e+02   4.64000000e+02
    8.06100006e+01   8.94400000e+03   8.43582306e+01   1.00000000e+02
   -1.38343067e+01]
 [  7.19921112e-01   2.20000005e+00   5.70025513e+02   1.31000000e+02
    3.24000001e+00   8.60000000e+03   5.90000000e+01   2.60000000e+01
   -6.49999976e-01]
 [  6.53999996e+00   2.19999999e-01   4.91000000e+02   4.64000000e+02
    8.06100006e+01   8.76516504e+03   7.90000000e+01   1.00000000e+02
   -1.98600006e+01]
 [  5.79999983e-01   1.89963543e+00   5.70025513e+02   1.59018463e+02
    3.41000009e+00   8.60000000e+03   5.90000000e+01   2.60000000e+01
   -6.49999976e-01]
 [  6.53999996e+00   2.19999999e-01   4.91000000e+02   4.64000000e+02
    8.06100006e+01   8.94400000e+03   7.90000000e+01   1.00000000e+02
   -1.46762476e+01]
 [  6.53999996e+00   2.19999999e-01   4.91000000e+02   4.64000000e+02
    9.32300034e+01   8.97118945e+03   8.10465164e+01   1.00000000e+02
   -1.98600006e+01]
 [  5.79999983e-01   2.20000005e+00   5.70025513e+02   1.31000000e+02
    3.24000001e+00   8.60000000e+03   5.90000000e+01   2.60000000e+01
   -6.49999976e-01]
 [  6.53999996e+00   2.19999999e-01   4.91000000e+02   4.64000000e+02
    8.06100006e+01   8.94400000e+03   8.43582306e+01   1.00000000e+02
   -1.38343067e+01]
 [  7.19921112e-01   2.20000005e+00   5.70025513e+02   1.31000000e+02
    3.24000001e+00   8.60000000e+03   5.90000000e+01   2.60000000e+01
   -6.49999976e-01]
 [  6.53999996e+00   2.19999999e-01   4.91000000e+02   4.64000000e+02
    8.06100006e+01   8.94400000e+03   7.90000000e+01   1.00000000e+02
   -1.46762476e+01]
 [  6.53999996e+00   2.19999999e-01   4.91000000e+02   4.64000000e+02
    8.06100006e+01   8.94400000e+03   8.43582306e+01   1.00000000e+02
   -1.38343067e+01]
 [  7.19921112e-01   2.20000005e+00   5.70025513e+02   1.31000000e+02
    3.24000001e+00   8.60000000e+03   5.90000000e+01   2.60000000e+01
   -6.49999976e-01]
 [  6.38199282e+00   2.19999999e-01   4.91000000e+02   4.64000000e+02
    8.06100006e+01   8.94400000e+03   7.40000000e+01   1.00000000e+02
   -1.46762476e+01]
 [  6.53999996e+00   2.19999999e-01   4.91000000e+02   4.64000000e+02
    8.06100006e+01   8.94400000e+03   7.90000000e+01   1.00000000e+02
   -1.46762476e+01]
 [  9.52000046e+00   2.19999999e-01   4.91000000e+02   4.64000000e+02
    8.06100006e+01   9.19481348e+03   7.90000000e+01   1.00000000e+02
   -1.46762476e+01]
 [  6.53999996e+00   2.19999999e-01   4.91000000e+02   4.64000000e+02
    8.06100006e+01   8.94400000e+03   7.90000000e+01   1.00000000e+02
   -1.46762476e+01]
 [  6.53999996e+00   2.19999999e-01   4.91000000e+02   4.64000000e+02
    8.06100006e+01   8.94400000e+03   7.90000000e+01   1.00000000e+02
   -1.46762476e+01]
 [  6.53999996e+00   2.19999999e-01   4.91000000e+02   4.64000000e+02
    8.06100006e+01   8.94400000e+03   7.90000000e+01   1.00000000e+02
   -1.46762476e+01]
 [  6.53999996e+00   2.19999999e-01   4.91000000e+02   4.64000000e+02
    8.06100006e+01   8.94400000e+03   7.90000000e+01   1.00000000e+02
   -1.46762476e+01]
 [  6.53999996e+00   2.19999999e-01   4.91000000e+02   4.64000000e+02
    7.65110245e+01   8.94400000e+03   7.90000000e+01   1.00000000e+02
   -1.56312799e+01]
 [  6.53999996e+00   2.19999999e-01   4.91000000e+02   4.64000000e+02
    8.06100006e+01   8.94400000e+03   7.90000000e+01   1.00000000e+02
   -1.46762476e+01]
 [  6.53999996e+00   2.19999999e-01   4.91000000e+02   4.64000000e+02
    8.06100006e+01   8.94400000e+03   8.38930588e+01   1.00000000e+02
   -1.56312799e+01]
 [  5.79999983e-01   2.30633521e+00   5.22393311e+02   1.56000000e+02
    3.41000009e+00   8.60000000e+03   5.90000000e+01   2.60000000e+01
    8.14335346e-01]
 [  6.53999996e+00   2.19999999e-01   4.91000000e+02   4.64000000e+02
    7.65110245e+01   8.94400000e+03   7.90000000e+01   1.00000000e+02
   -1.46762476e+01]
 [  6.53999996e+00   2.19999999e-01   4.91000000e+02   4.64000000e+02
    8.06100006e+01   9.19481348e+03   7.90000000e+01   1.00000000e+02
   -1.46762476e+01]
 [  6.78561497e+00   2.19999999e-01   4.91000000e+02   4.64000000e+02
    8.06100006e+01   8.76516504e+03   7.90000000e+01   1.00000000e+02
   -1.46762476e+01]
 [  6.53999996e+00   2.19999999e-01   4.91000000e+02   4.64000000e+02
    8.06100006e+01   8.94400000e+03   7.90000000e+01   1.00000000e+02
   -1.46762476e+01]
 [  6.53999996e+00   2.19999999e-01   4.91000000e+02   4.64000000e+02
    8.06100006e+01   8.94400000e+03   7.90000000e+01   1.00000000e+02
   -1.46762476e+01]
 [  6.53999996e+00   2.19999999e-01   4.91000000e+02   4.64000000e+02
    8.06100006e+01   8.76516504e+03   7.90000000e+01   1.00000000e+02
   -1.46762476e+01]
 [  6.53999996e+00   2.19999999e-01   4.91000000e+02   4.64000000e+02
    8.06100006e+01   8.76516504e+03   7.90000000e+01   1.00000000e+02
   -1.98600006e+01]
 [  5.79999983e-01   1.89963543e+00   5.70025513e+02   1.59018463e+02
    3.41000009e+00   8.60000000e+03   5.90000000e+01   5.00000000e+00
   -6.49999976e-01]]
[3, 5, 7, 9, 11, 13, 15, 21, 23, 25, 27, 31, 33, 37, 43, 49, 55, 57, 59, 61, 65, 71, 73, 75, 77, 79, 83, 87, 91, 93, 95]
center: 
[  6.03789210e-01   2.25082660e+00   5.42325928e+02   1.59108688e+02
   5.83053923e+00  -4.10492523e+02   5.99574814e+01   2.53225803e+01
  -2.17419311e-01]
members:
[[  5.79999983e-01   2.20000005e+00   5.70025513e+02   1.72788254e+02
    3.24000001e+00  -3.99569611e+02   5.98397446e+01   2.60000000e+01
   -6.49999976e-01]
 [  5.79999983e-01   2.20000005e+00   5.70025513e+02   1.31000000e+02
    3.24000001e+00  -3.99569611e+02   5.90000000e+01   2.60000000e+01
   -6.49999976e-01]
 [  5.79999983e-01   2.20000005e+00   5.70025513e+02   1.31000000e+02
    3.24000001e+00  -3.99569611e+02   5.90000000e+01   2.60000000e+01
   -6.49999976e-01]
 [  5.79999983e-01   2.20000005e+00   5.93878906e+02   1.56000000e+02
    9.01939297e+00  -3.99569611e+02   6.46004944e+01   2.60000000e+01
   -6.49999976e-01]
 [  5.79999983e-01   2.30633521e+00   5.70025513e+02   1.31000000e+02
    3.24000001e+00  -3.99569611e+02   5.90000000e+01   2.60000000e+01
   -6.49999976e-01]
 [  1.31746829e+00   2.30633521e+00   4.68231171e+02   1.91968781e+02
    6.45310926e+00  -7.38181213e+02   5.90000000e+01   2.60000000e+01
   -6.49999976e-01]
 [  5.79999983e-01   2.20000005e+00   5.70025513e+02   1.31000000e+02
    9.01939297e+00  -3.99569611e+02   6.46004944e+01   2.60000000e+01
   -6.49999976e-01]
 [  5.79999983e-01   2.30633521e+00   4.99000000e+02   1.72788254e+02
    6.45310926e+00  -3.99569611e+02   5.90000000e+01   2.60000000e+01
   -6.49999976e-01]
 [  5.79999983e-01   2.20000005e+00   5.93878906e+02   1.56000000e+02
    3.24000001e+00  -3.99569611e+02   5.90000000e+01   2.60000000e+01
   -6.49999976e-01]
 [  5.79999983e-01   2.30633521e+00   5.70025513e+02   1.31000000e+02
    9.01939297e+00  -3.99569611e+02   6.46004944e+01   2.60000000e+01
   -6.49999976e-01]
 [  5.79999983e-01   2.20000005e+00   5.70025513e+02   1.31000000e+02
    3.24000001e+00  -3.99569611e+02   5.90000000e+01   2.60000000e+01
   -6.49999976e-01]
 [  5.79999983e-01   2.30633521e+00   4.99000000e+02   1.72788254e+02
    6.45310926e+00  -3.99569611e+02   5.90000000e+01   2.60000000e+01
   -6.49999976e-01]
 [  5.79999983e-01   2.20000005e+00   5.70025513e+02   1.72788254e+02
    3.24000001e+00  -3.99569611e+02   5.98397446e+01   2.60000000e+01
   -6.49999976e-01]
 [  5.79999983e-01   2.20000005e+00   5.70025513e+02   1.31000000e+02
    9.01939297e+00  -3.99569611e+02   6.46004944e+01   2.60000000e+01
   -6.49999976e-01]
 [  5.79999983e-01   2.20000005e+00   5.70025513e+02   1.31000000e+02
    3.24000001e+00  -3.99569611e+02   5.90000000e+01   2.60000000e+01
   -6.49999976e-01]
 [  5.79999983e-01   2.30633521e+00   4.99000000e+02   1.72788254e+02
    6.45310926e+00  -3.99569611e+02   5.90000000e+01   2.60000000e+01
   -6.49999976e-01]
 [  5.79999983e-01   2.10788369e+00   5.70025513e+02   1.72788254e+02
    6.45310926e+00  -3.99569611e+02   5.90000000e+01   2.60000000e+01
   -6.49999976e-01]
 [  5.79999983e-01   2.20000005e+00   5.70025513e+02   1.72788254e+02
    6.45310926e+00  -3.99569611e+02   5.90000000e+01   2.60000000e+01
   -6.49999976e-01]
 [  5.79999983e-01   2.30633521e+00   4.99000000e+02   1.72788254e+02
    6.45310926e+00  -3.99569611e+02   5.90000000e+01   2.60000000e+01
   -6.49999976e-01]
 [  5.79999983e-01   2.41218543e+00   5.93878906e+02   1.56000000e+02
    3.24000001e+00  -3.99569611e+02   5.90000000e+01   5.00000000e+00
    1.27600002e+01]
 [  5.79999983e-01   2.20000005e+00   5.70025513e+02   1.72788254e+02
    6.45310926e+00  -3.99569611e+02   5.90000000e+01   2.60000000e+01
   -6.49999976e-01]
 [  5.79999983e-01   2.30633521e+00   4.99000000e+02   1.72788254e+02
    6.45310926e+00  -3.99569611e+02   5.90000000e+01   2.60000000e+01
   -6.49999976e-01]
 [  5.79999983e-01   2.30633521e+00   4.99000000e+02   1.72788254e+02
    6.45310926e+00  -3.99569611e+02   5.90000000e+01   2.60000000e+01
   -6.49999976e-01]
 [  5.79999983e-01   2.30633521e+00   4.99000000e+02   1.72788254e+02
    6.45310926e+00  -3.99569611e+02   5.90000000e+01   2.60000000e+01
   -6.49999976e-01]
 [  5.79999983e-01   2.30633521e+00   4.99000000e+02   1.72788254e+02
    6.45310926e+00  -3.99569611e+02   5.90000000e+01   2.60000000e+01
   -6.49999976e-01]
 [  5.79999983e-01   2.30633521e+00   4.99000000e+02   1.72788254e+02
    6.45310926e+00  -3.99569611e+02   5.90000000e+01   2.60000000e+01
   -6.49999976e-01]
 [  5.79999983e-01   2.16685891e+00   4.99000000e+02   1.72788254e+02
    6.45310926e+00  -3.99569611e+02   5.90000000e+01   2.60000000e+01
   -6.49999976e-01]
 [  5.79999983e-01   2.20000005e+00   5.93878906e+02   1.56000000e+02
    3.24000001e+00  -3.99569611e+02   5.90000000e+01   2.60000000e+01
   -6.49999976e-01]
 [  5.79999983e-01   2.20000005e+00   5.70025513e+02   1.31000000e+02
    9.01939297e+00  -3.99569611e+02   6.46004944e+01   2.60000000e+01
   -6.49999976e-01]
 [  5.79999983e-01   2.30633521e+00   4.99000000e+02   1.72788254e+02
    6.45310926e+00  -3.99569611e+02   5.90000000e+01   2.60000000e+01
   -6.49999976e-01]
 [  5.79999983e-01   2.30633521e+00   4.99000000e+02   1.72788254e+02
    6.45310926e+00  -3.99569611e+02   5.90000000e+01   2.60000000e+01
   -6.49999976e-01]]
[1, 17, 35, 52, 53, 56, 62, 63, 66, 67, 68, 69, 84, 85, 88, 89, 97]
center: 
[  3.91881967e+00   1.40137255e+00   5.29129639e+02   2.92698975e+02
   3.95523491e+01   6.71782373e+03   7.16002121e+01   4.65882339e+01
  -9.03748930e-01]
members:
[[  5.79999983e-01   2.20000005e+00   5.70025513e+02   1.72788254e+02
    3.24000001e+00   6.66100000e+03   6.92522049e+01   5.00000000e+00
    1.27600002e+01]
 [  7.19921112e-01   2.20000005e+00   5.70025513e+02   1.72788254e+02
    3.24000001e+00   6.66100000e+03   6.92522049e+01   5.00000000e+00
    1.27600002e+01]
 [  5.79999983e-01   2.20000005e+00   5.70025513e+02   1.72788254e+02
    3.24000001e+00   6.66100000e+03   6.92522049e+01   5.00000000e+00
   -6.49999976e-01]
 [  9.52000046e+00   2.19999999e-01   4.91000000e+02   4.64000000e+02
    9.32300034e+01   6.79900000e+03   6.65770340e+01   1.00000000e+02
   -1.46762476e+01]
 [  5.79999983e-01   2.37699604e+00   4.99000000e+02   1.72788254e+02
    3.24000001e+00   6.66100000e+03   6.92522049e+01   5.00000000e+00
    1.27600002e+01]
 [  6.53999996e+00   2.19999999e-01   4.91000000e+02   4.64000000e+02
    8.06100006e+01   6.79900000e+03   7.40000000e+01   1.00000000e+02
   -1.46762476e+01]
 [  6.53999996e+00   2.19999999e-01   4.91000000e+02   4.64000000e+02
    9.32300034e+01   6.79900000e+03   8.81045074e+01   1.00000000e+02
   -1.46762476e+01]
 [  5.79999983e-01   2.20000005e+00   5.70025513e+02   1.72788254e+02
    3.24000001e+00   6.66100000e+03   6.92522049e+01   2.60000000e+01
   -6.49999976e-01]
 [  9.52000046e+00   2.19999999e-01   4.91000000e+02   4.64000000e+02
    9.32300034e+01   6.79900000e+03   7.40000000e+01   1.00000000e+02
   -1.46762476e+01]
 [  5.79999983e-01   2.30633521e+00   4.99000000e+02   1.72788254e+02
    3.24000001e+00   6.66100000e+03   6.92522049e+01   5.00000000e+00
    1.27600002e+01]
 [  9.52000046e+00   2.19999999e-01   4.91000000e+02   4.64000000e+02
    9.32300034e+01   6.79900000e+03   7.40000000e+01   1.00000000e+02
   -1.46762476e+01]
 [  5.79999983e-01   2.20000005e+00   5.70025513e+02   1.72788254e+02
    3.24000001e+00   6.66100000e+03   6.92522049e+01   5.00000000e+00
    1.27600002e+01]
 [  9.52000046e+00   2.19999999e-01   4.91000000e+02   4.64000000e+02
    9.32300034e+01   6.79900000e+03   7.40000000e+01   1.00000000e+02
   -1.46762476e+01]
 [  5.79999983e-01   2.20000005e+00   5.70025513e+02   1.72788254e+02
    3.24000001e+00   6.66100000e+03   6.92522049e+01   5.00000000e+00
    1.27600002e+01]
 [  9.52000046e+00   2.19999999e-01   4.91000000e+02   4.64000000e+02
    9.32300034e+01   6.79900000e+03   7.40000000e+01   1.00000000e+02
   -1.46762476e+01]
 [  5.79999983e-01   2.20000005e+00   5.70025513e+02   1.72788254e+02
    3.24000001e+00   6.66100000e+03   6.92522049e+01   5.00000000e+00
    1.27600002e+01]
 [  5.79999983e-01   2.20000005e+00   5.70025513e+02   1.72788254e+02
    3.24000001e+00   6.66100000e+03   6.92522049e+01   2.60000000e+01
   -6.49999976e-01]]
