number of estimated clusters : 4
index:
[1, 4, 13, 16, 18, 24, 25, 26, 29, 33, 35, 36, 38, 39, 40, 42, 47, 52, 53, 55, 57, 59, 61, 65, 70, 71, 72, 74, 76, 77, 79, 83, 86, 87, 93, 95, 96, 97, 98]
fitness:
[(0.0, 1.5611452606098535, 4.0), (0.0, 1.2494593653196695, 25.0), (0.0, 1.7675879974652249, 23.0), (2.0, 0.855055734148629, 17.0), (1.0, 1.4758064324823645, 5.0), (1.0, 1.1187535059457883, 12.0), (1.0, 1.1187535059457883, 12.0), (0.0, 1.3810600483400515, 6.0), (2.0, 1.6195225961080244, 9.0), (0.0, 1.233929329219949, 25.0), (1.0, 1.502009521667721, 11.0), (2.0, 1.5769463270838733, 25.0), (2.0, 1.2396884059891045, 8.0), (2.0, 1.2396884059891045, 8.0), (2.0, 1.1601729173646855, 5.0), (0.0, 1.2337501588657687, 19.0), (1.0, 1.2886024897213901, 8.0), (2.0, 0.9914531782448861, 10.0), (2.0, 0.9914531782448861, 10.0), (1.0, 1.119927416172415, 10.0), (0.0, 1.468566972051218, 2.0), (1.0, 1.3037859241870822, 12.0), (1.0, 1.1210093879929783, 12.0), (0.0, 1.2456766622529634, 23.0), (2.0, 0.7340606418249315, 4.0), (2.0, 0.7340606418249315, 4.0), (1.0, 1.125111334799008, 9.0), (1.0, 1.0821396336874447, 10.0), (1.0, 1.5795681951201268, 0.0), (1.0, 1.5795681951201268, 0.0), (1.0, 1.6671582107333056, 11.0), (0.0, 1.1070101852717347, 18.0), (0.0, 0.9814753232977467, 6.0), (0.0, 0.9814753232977467, 6.0), (0.0, 1.2132683859810076, 25.0), (0.0, 0.9615887625473454, 15.0), (0.0, 1.1145607469958492, 3.0), (0.0, 1.1145607469958492, 3.0), (0.0, 1.2750503752266733, 19.0)]
mean fitness:
[0.8461538461538461, 1.2337041390804422, 11.128205128205128]
center: 
[  4.72780418e+00   1.14823270e+00   3.81308655e+02   4.21964050e+02
   4.13211861e+01   1.06819116e+03   6.62121201e+01   4.46505737e+01
  -7.88267195e-01]
members:
[[  4.07999992e+00   2.50999999e+00   2.07000000e+02   7.77000000e+02
    5.34799995e+01   2.37000000e+02   9.87443848e+01   4.40000000e+01
    1.92099991e+01]
 [  7.03999996e+00   1.15999997e+00   8.59000000e+02   6.71000000e+02
    7.15599976e+01   1.51300000e+03   1.00000000e+00   5.50000000e+01
    5.36000013e+00]
 [  8.93999958e+00   6.10000014e-01   7.67000000e+02   6.40000000e+02
    7.71500015e+01   5.00000000e+02   4.20000000e+01   4.20000000e+01
   -4.55000019e+00]
 [  4.26999998e+00   1.21000004e+00   6.47000000e+02   2.39000000e+02
    8.55899963e+01   5.43000000e+02   6.60000000e+01   6.78900704e-02
    0.00000000e+00]
 [  8.92000008e+00   2.04664731e+00   9.85000000e+02   3.38802460e+02
    1.86299992e+01   1.04354431e+03   3.60000000e+01   2.40000000e+01
   -1.71990693e+00]
 [  4.51112604e+00   9.65943575e-01   1.77408493e+02   1.00000000e+00
    9.18499985e+01   1.35000000e+03   1.00000000e+02   8.00000000e+01
    5.82999992e+00]
 [  6.75000000e+00   1.66999996e+00   4.17000000e+02   9.29261047e+02
    6.47839966e+01   2.57400000e+03   9.50000000e+01   9.90000000e+01
   -6.44999981e+00]
 [  7.97171116e+00   1.98000002e+00   9.74000000e+02   3.07028542e+01
    8.00000000e+00   5.45000000e+02   8.60000000e+01   4.53305054e+01
    1.90599995e+01]
 [  4.86000013e+00   1.85000002e+00   6.58000000e+02   3.80000000e+01
    1.47500000e+01   1.93300000e+03   9.30000000e+01   4.00000000e+01
   -1.00000000e+00]
 [  8.22000027e+00   1.63999999e+00   1.70000000e+02   7.13647278e+02
    5.32599983e+01   1.15000000e+03   8.70000000e+01   8.00000000e+01
   -1.51400003e+01]
 [  5.21999979e+00   1.80000007e-01   2.75000000e+02   1.11000000e+02
    6.30619383e+00   4.29000000e+02   1.00000000e+02   4.20000000e+01
   -1.00000000e+00]
 [  2.80000001e-01   6.20000005e-01   1.00000000e+02   1.00000000e+00
    2.00000000e+00   1.00000000e+03   1.00000000e+01   6.60000000e+01
    2.74000001e+00]
 [  5.65000010e+00   2.03999996e+00   4.92000000e+02   5.44393250e+02
    2.44500008e+01   3.56239777e+02   2.30000000e+01   0.00000000e+00
    0.00000000e+00]
 [  1.10000002e+00   1.00000001e-01   4.20000000e+01   5.38000000e+02
    1.28111181e+01   1.35000000e+03   9.28356171e+01   4.25559158e+01
    1.63189256e+00]
 [  4.84000015e+00   5.99999987e-02   8.48000000e+02   1.80000000e+02
    1.12500000e+01   1.96700000e+03   3.50000000e+01   4.20000000e+01
   -1.00000000e+00]
 [  7.21999979e+00   1.97000003e+00   2.12000000e+02   1.00000000e+00
    8.00000000e+00   1.35000000e+03   1.00000000e+02   4.00000000e+00
    9.03960323e+00]
 [  3.79999995e-01   5.50000012e-01   6.42000000e+02   9.96000000e+02
    8.00000000e+00   1.35000000e+03   5.20000000e+01   9.50000000e+01
    2.48311114e+00]
 [  1.59999996e-01   4.09999996e-01   1.41000000e+02   5.53000000e+02
    8.82600021e+01   2.43000000e+02   7.90000000e+01   7.70000000e+01
   -2.03960252e+00]
 [  4.00000000e+00   0.00000000e+00   1.50000000e+01   8.07325745e+02
    5.78404236e+01   5.00000000e+02   1.00000000e+02   0.00000000e+00
   -2.00000000e+00]
 [  8.27000046e+00   8.70000005e-01   8.77000000e+02   5.30000000e+01
    8.15999985e+00   1.57000000e+03   6.00000000e+01   7.30000000e+01
   -5.82999992e+00]
 [  1.59999996e-01   0.00000000e+00   8.55390808e+02   5.50000000e+01
    1.37799997e+01   1.90062061e+03   5.80000000e+01   6.83240223e+00
    8.92000008e+00]
 [  9.52999973e+00   5.07248700e-01   4.10000000e+01   7.55354614e+02
    6.04500008e+01   8.69303467e+02   1.00000000e+02   4.20000000e+01
    1.82900009e+01]
 [  1.59999996e-01   0.00000000e+00   2.20000000e+02   8.18000000e+02
    6.13400002e+01   3.77000000e+02   2.60000000e+01   2.40000000e+01
    0.00000000e+00]
 [  8.19999981e+00   2.49000001e+00   7.70000000e+01   8.98000000e+02
    6.57399979e+01   1.35000000e+03   2.45333042e+01   6.90000000e+01
   -9.70000029e-01]
 [  1.04999995e+00   1.89999998e+00   2.24000000e+02   5.23326843e+02
    3.29199982e+01   1.65791125e+03   1.00000000e+02   4.20000000e+01
    1.12000000e+00]
 [  6.53137064e+00   2.23000002e+00   5.00000000e+01   4.95000000e+02
    7.15000010e+00   2.39100000e+03   8.10000000e+01   7.00000000e+01
    1.22947834e-01]
 [  8.31000042e+00   1.15999997e+00   7.10425049e+02   7.66000000e+02
    4.59599991e+01   1.35000000e+03   9.91296463e+01   5.50000000e+01
   -1.12399998e+01]
 [  4.00000000e+00   0.00000000e+00   1.49643269e+01   1.00000000e+00
    8.00000000e+00   8.77878906e+02   1.00000000e+02   0.00000000e+00
   -2.00000000e+00]
 [  1.05999994e+00   2.69000006e+00   5.91000000e+02   9.04935181e+02
    1.33900003e+01   2.61200000e+03   8.60000000e+01   8.50000000e+01
    1.96499996e+01]
 [  8.19999993e-01   1.92999995e+00   3.00000000e+01   1.00000000e+00
    6.08400002e+01   1.39300000e+03   4.56600876e+01   7.50000000e+01
   -1.77299995e+01]
 [  2.66000009e+00   2.89007235e+00   1.01000000e+02   9.95000000e+02
    4.51500015e+01   1.15400000e+03   6.20000000e+01   6.90000000e+01
   -6.80287266e+00]
 [  4.59999990e+00   1.75548732e+00   2.20000000e+02   1.00000000e+00
    3.00000000e+00   2.37730176e+03   9.20149841e+01   1.70000000e+01
   -1.00000000e+00]
 [  2.92000008e+00   2.32999992e+00   3.00000000e+01   2.86224091e+02
    7.56200027e+01   9.85000000e+02   5.76553802e+01   7.10000000e+01
   -1.82299995e+01]
 [  1.17250693e+00   2.13000011e+00   4.10901764e+02   7.61000000e+02
    2.96499996e+01   1.78900000e+03   5.90000000e+01   1.33725815e+01
   -1.67600002e+01]
 [  1.04999995e+00   2.31386602e-01   3.00000000e+01   7.90894175e+00
    5.11999989e+00   2.45769971e+03   6.00000000e+00   8.78801651e+01
   -5.44999981e+00]
 [  3.43000007e+00   5.69999993e-01   4.45404266e+02   5.58000000e+02
    9.56200027e+01   1.19000000e+02   5.40000000e+01   3.20000000e+01
   -9.76000023e+00]
 [  5.51000023e+00   9.49999988e-01   1.79000000e+02   1.75000000e+02
    4.29092598e+01   1.53100000e+03   7.16536026e+01   4.20000000e+01
   -1.77600002e+01]
 [  7.65000010e+00   5.89999974e-01   5.07000000e+02   4.69000000e+02
    5.78100014e+01   1.30800000e+03   4.80000000e+01   8.29602432e+01
    1.66100006e+01]
 [  9.23999977e+00   8.19999993e-01   3.00000000e+01   5.10000000e+01
    7.78327942e+00   7.27000000e+02   8.40000000e+01   4.20000000e+01
   -1.56330800e+00]]
index:
[7, 8, 10, 14, 17, 19, 20, 22, 31, 32, 34, 41, 44, 45, 50, 51, 60, 62, 63, 64, 66, 67, 69, 81, 82, 85, 88, 89, 92, 99]
fitness:
[(2.0, 1.5785468892064893, 21.0), (2.0, 1.8399423762379707, 18.0), (2.0, 1.1237859352393162, 22.0), (1.0, 1.496628470835622, 10.0), (2.0, 0.855055734148629, 17.0), (1.0, 1.4758064324823645, 5.0), (0.0, 1.3916575641484576, 24.0), (1.0, 1.180971094789445, 0.0), (2.0, 1.3625415676247974, 14.0), (0.0, 1.233929329219949, 25.0), (1.0, 1.502009521667721, 11.0), (2.0, 1.1601729173646855, 5.0), (2.0, 1.2951627419731948, 13.0), (2.0, 1.2951627419731948, 13.0), (1.0, 1.0552994485612033, 13.0), (1.0, 1.0552994485612033, 13.0), (1.0, 1.1210093879929783, 12.0), (2.0, 1.0216056424457216, 4.0), (2.0, 1.0216056424457216, 4.0), (0.0, 1.2456766622529634, 23.0), (1.0, 0.9683004228600606, 2.0), (1.0, 0.9683004228600606, 2.0), (0.0, 1.4861547435419906, 1.0), (2.0, 0.8607084633710593, 12.0), (0.0, 1.1070101852717347, 18.0), (2.0, 0.9919141976965572, 3.0), (1.0, 0.7227255165795746, 24.0), (1.0, 0.7227255165795746, 24.0), (0.0, 1.2132683859810076, 25.0), (0.0, 1.2750503752266733, 19.0)]
mean fitness:
[1.1666666666666667, 1.1876009259713307, 13.233333333333333]
center: 
[  3.87582016e+00   1.17115331e+00   4.81370636e+02   4.58113129e+02
   4.43129463e+01   7.38846631e+03   5.12136154e+01   4.65629234e+01
  -1.51151490e+00]
members:
[[  8.84000015e+00   2.48000002e+00   7.20953308e+02   8.57000000e+02
    3.00000000e+00   7.32500000e+03   6.01717606e+01   4.00000000e+01
    0.00000000e+00]
 [  6.28999996e+00   2.99999993e-02   4.06000000e+02   8.63000000e+02
    8.90400009e+01   7.87400000e+03   6.00000000e+00   4.90000000e+01
   -1.17200003e+01]
 [  2.60999990e+00   2.14168310e+00   8.82000000e+02   2.22578659e+01
    8.93700027e+01   8.17200000e+03   7.50000000e+01   5.20000000e+01
   -1.75999999e+00]
 [  1.49756467e+00   9.59999979e-01   4.17000000e+02   9.19000000e+02
    1.58299999e+01   7.06300000e+03   4.63621473e+00   8.20000000e+01
   -1.30900002e+01]
 [  1.04999995e+00   4.76881027e-01   7.37000000e+02   4.41000000e+02
    7.41100006e+01   7.17800000e+03   5.10000000e+01   2.00000000e+01
    3.10000002e-01]
 [  3.19437933e+00   1.38999999e+00   1.41093292e+02   3.52000000e+02
    4.38600006e+01   7.71700000e+03   8.20000000e+01   8.22800980e+01
   -6.53000021e+00]
 [  1.00189018e+00   0.00000000e+00   3.12893799e+02   3.13000000e+02
    7.52559128e+01   6.88200000e+03   1.00000000e+02   7.10000000e+01
    9.11999989e+00]
 [  6.57000017e+00   2.03999996e+00   3.48000000e+02   9.40000000e+01
    3.41399994e+01   7.79300000e+03   2.20000000e+01   2.42311554e+01
   -2.00000000e+01]
 [  6.68238819e-01   2.23000002e+00   7.59000000e+02   4.74000000e+02
    7.61600037e+01   7.32000000e+03   1.00000000e+02   5.80000000e+01
   -2.91000009e+00]
 [  5.88000011e+00   1.89999998e+00   7.17000000e+02   5.62000000e+02
    3.74900017e+01   6.20908398e+03   2.60000000e+01   2.40000000e+01
    9.13920641e-01]
 [  1.04999995e+00   3.00000012e-01   1.94000000e+02   6.72000000e+02
    4.42438202e+01   7.14800000e+03   5.00000000e+00   7.30000000e+01
    1.39200001e+01]
 [  6.98000002e+00   2.50000000e-01   5.09000000e+02   9.96000000e+02
    3.46199989e+01   7.46600000e+03   4.68782005e+01   4.00000000e+01
   -1.58800001e+01]
 [  6.80999994e+00   1.00000001e-01   2.12000000e+02   8.24000000e+02
    2.66900005e+01   8.13500000e+03   6.90000000e+01   6.90000000e+01
   -6.07999992e+00]
 [  3.60000014e-01   5.62472045e-01   3.00000000e+01   1.00000000e+00
    8.00000000e+00   6.46655127e+03   6.50000000e+01   3.00000000e+00
   -1.14999998e+00]
 [  7.92000008e+00   6.89999998e-01   9.28000000e+02   5.10000000e+01
    5.48199997e+01   6.22600000e+03   2.60000000e+01   6.30000000e+01
   -9.56000042e+00]
 [  8.84000015e+00   2.74000001e+00   9.83000000e+02   3.69000000e+02
    8.23499985e+01   8.22800000e+03   8.30000000e+01   4.60000000e+01
   -1.90000000e+01]
 [  1.04999995e+00   1.69000006e+00   1.93000000e+02   2.65000000e+02
    9.44499969e+01   5.98300000e+03   6.30000000e+01   0.00000000e+00
    0.00000000e+00]
 [  9.59000015e+00   2.97000003e+00   1.88000000e+02   2.88000000e+02
    5.25000000e+01   6.75100000e+03   9.40000000e+01   2.10000000e+01
    1.56800003e+01]
 [  5.59000015e+00   2.85999990e+00   7.24000000e+02   4.36000000e+02
    2.72900009e+01   7.89500000e+03   5.60000000e+01   1.00000000e+00
   -6.35189581e+00]
 [  3.52999997e+00   1.11879063e+00   2.02118607e+02   6.14000000e+02
    1.55500002e+01   7.40500000e+03   6.90000000e+01   8.60000000e+01
   -1.74244537e+01]
 [  5.48000002e+00   3.61658156e-01   2.48000000e+02   2.80910431e+02
    5.59552650e+01   7.37800000e+03   3.33544960e+01   2.90000000e+01
    1.23700085e+01]
 [  1.04999995e+00   4.69999999e-01   5.45000000e+02   9.40000000e+02
    8.42099991e+01   7.53942334e+03   3.29404831e+01   2.02505569e+01
   -1.60000002e+00]
 [  4.86999989e+00   3.88714224e-01   8.53000000e+02   1.84000000e+02
    5.55699997e+01   6.91700000e+03   5.60000000e+01   5.60000000e+01
   -2.42000008e+00]
 [  3.36999989e+00   2.00000003e-01   2.18000000e+02   2.29000000e+02
    6.03199997e+01   7.69400000e+03   5.90000000e+01   5.10000000e+01
    1.88700008e+01]
 [  1.04999995e+00   7.75651276e-01   6.03000000e+02   6.36000000e+02
    4.01699982e+01   7.65300000e+03   8.10000000e+01   1.30000000e+01
    1.75999999e+00]
 [  1.99000001e+00   7.09999979e-01   4.47000000e+02   8.44000000e+02
    7.60742807e+00   8.38200000e+03   2.90000000e+01   5.90000000e+01
    1.56300001e+01]
 [  2.25000000e+00   2.54999995e+00   8.37000000e+02   1.72000000e+02
    2.21000004e+00   7.41600000e+03   1.40000000e+01   4.20000000e+01
   -3.39000010e+00]
 [  9.90870774e-01   1.99000001e+00   7.06427368e+02   1.00000000e+00
    5.40900002e+01   6.35000000e+03   3.50000000e+01   5.60000000e+01
    7.51000023e+00]
 [  6.07000017e+00   2.96443611e-01   4.59000000e+02   4.42000000e+02
    4.27299995e+01   7.74800000e+03   5.90000000e+01   6.20000000e+01
   -1.54600000e+01]
 [  1.04999995e+00   5.00000000e-01   7.88922195e+01   1.00000000e+00
    8.39999962e+00   6.77200000e+03   2.00000000e+01   7.40000000e+01
    6.36000013e+00]]
index:
[3, 5, 11, 15, 21, 23, 30, 43, 46, 48, 49, 54, 58, 68, 73, 75, 78, 80, 94]
fitness:
[(2.0, 1.6579980359324549, 9.0), (0.0, 1.2494593653196695, 25.0), (2.0, 1.1237859352393162, 22.0), (1.0, 1.496628470835622, 10.0), (0.0, 1.3916575641484576, 24.0), (1.0, 1.180971094789445, 0.0), (2.0, 1.3625415676247974, 14.0), (0.0, 1.2337501588657687, 19.0), (1.0, 1.2886024897213901, 8.0), (2.0, 1.0515145742190937, 22.0), (2.0, 1.0515145742190937, 22.0), (1.0, 1.119927416172415, 10.0), (1.0, 1.3037859241870822, 12.0), (0.0, 1.4861547435419906, 1.0), (1.0, 1.125111334799008, 9.0), (1.0, 1.0821396336874447, 10.0), (1.0, 1.6671582107333056, 11.0), (2.0, 0.8607084633710593, 12.0), (0.0, 0.9615887625473454, 15.0)]
mean fitness:
[1.0526315789473684, 1.247105174734461, 13.421052631578947]
center: 
[  6.10278225e+00   1.13589573e+00   4.39411774e+02   2.79529022e+02
   4.25869598e+01   4.40560010e+03   4.84650497e+01   3.58926353e+01
   4.07211351e+00]
members:
[[  8.81999969e+00   1.25999999e+00   6.75000000e+02   5.57000000e+02
    9.21900024e+01   3.43500000e+03   3.30000000e+01   2.20000000e+01
    1.67299995e+01]
 [  7.94999981e+00   2.74000001e+00   7.67000000e+02   9.07000000e+02
    8.40699997e+01   5.54500000e+03   1.00000000e+02   3.87981949e+01
    8.47999954e+00]
 [  2.09999993e-01   2.04999995e+00   4.10000000e+01   1.12916801e+02
    8.30000000e+01   4.88819824e+03   5.10000000e+01   3.50000000e+01
    1.96000004e+01]
 [  7.84000015e+00   3.00000000e+00   8.18000000e+02   1.00000000e+00
    3.51100006e+01   4.95400000e+03   4.80000000e+01   5.30000000e+01
   -1.44399996e+01]
 [  1.38150227e+00   1.75000000e+00   8.60000000e+02   8.99000000e+02
    3.00000000e+00   5.08100000e+03   7.10000000e+01   7.70000000e+01
   -1.26099997e+01]
 [  1.10000002e+00   0.00000000e+00   3.00000000e+01   1.00000000e+00
    9.32839203e+00   5.00000000e+03   2.60000000e+01   8.40000000e+01
   -1.47700005e+01]
 [  5.05999994e+00   5.00000000e-01   3.00000000e+01   3.75000000e+02
    2.25900002e+01   4.17200000e+03   4.50000000e+01   3.00000000e+01
   -1.36495709e-01]
 [  9.13000011e+00   3.10000002e-01   7.17000000e+02   2.15000000e+02
    9.23700027e+01   3.61800000e+03   7.90000000e+01   2.40000000e+01
    1.37700005e+01]
 [  6.57000017e+00   8.89999986e-01   6.90000000e+02   1.00000000e+00
    3.00000000e+00   5.00000000e+03   3.14667492e+01   6.80000000e+01
    6.21000004e+00]
 [  3.46274376e+00   2.33999991e+00   4.04000000e+02   1.90076508e+02
    5.21100006e+01   4.27500000e+03   6.80000000e+01   1.30000000e+01
    9.61999989e+00]
 [  8.42433548e+00   5.79999983e-01   9.78000000e+02   2.59000000e+02
    6.95000000e+01   4.14700000e+03   8.30000000e+01   1.81648026e+01
   -4.12755680e+00]
 [  3.19000006e+00   5.00000007e-02   3.76000000e+02   4.32000000e+02
    3.66199989e+01   4.58900000e+03   2.70000000e+01   7.40000000e+01
    1.35600004e+01]
 [  1.00000000e+00   1.78999996e+00   5.52000000e+02   5.83000000e+02
    8.91600037e+01   2.92200000e+03   6.20000000e+01   4.20000000e+01
    0.00000000e+00]
 [  1.00000000e+01   2.96000004e+00   3.60000000e+01   1.00000000e+00
    2.38899994e+01   4.24400000e+03   2.10000000e+01   1.10000000e+01
   -1.63000000e+00]
 [  5.94999981e+00   2.69000006e+00   4.70000000e+02   1.74000000e+02
    4.99799995e+01   3.81000000e+03   5.70000000e+01   4.44412346e+01
    1.01000004e+01]
 [  9.68872261e+00   2.19999999e-01   2.38000000e+02   1.53000000e+02
    1.00000000e+00   3.50000000e+03   1.80000000e+01   0.00000000e+00
    0.00000000e+00]
 [  3.65000010e+00   1.09999999e-01   5.71000000e+02   1.17000000e+02
    8.00000000e+00   4.46400000e+03   2.80000000e+01   5.00000000e+00
    8.00000000e+00]
 [  9.89000034e+00   5.00000000e-01   3.00000000e+01   5.63000000e+02
    6.12200012e+01   4.83000000e+03   4.30000000e+01   3.10000000e+01
    1.73999996e+01]
 [  9.38000011e+00   1.00226790e-01   5.06000000e+02   7.01000000e+02
    8.10699997e+01   4.88800000e+03   9.44390945e+01   2.05687866e+01
    1.95000005e+00]]
index:
[0, 2, 6, 9, 12, 27, 28, 37, 56, 84, 90, 91]
fitness:
[(0.0, 1.5611452606098535, 4.0), (2.0, 1.6579980359324549, 9.0), (2.0, 1.5785468892064893, 21.0), (2.0, 1.8399423762379707, 18.0), (0.0, 1.7675879974652249, 23.0), (0.0, 1.3810600483400515, 6.0), (2.0, 1.6195225961080244, 9.0), (2.0, 1.5769463270838733, 25.0), (0.0, 1.468566972051218, 2.0), (2.0, 0.9919141976965572, 3.0), (0.0, 0.9234330043849724, 22.0), (0.0, 0.9234330043849724, 22.0)]
mean fitness:
[1.0, 1.4408413924584718, 13.666666666666666]
center: 
[  4.34666681e+00   8.25577974e-01   3.53608398e+02   2.44790604e+02
   1.67783337e+01   9.55254395e+03   2.37990265e+01   3.47619324e+01
  -1.33500004e+00]
members:
[[  4.17999983e+00   3.19999993e-01   5.42000000e+02   6.00000000e+02
    1.63700008e+01   9.17900000e+03   2.20000000e+01   5.40000000e+01
    9.30000007e-01]
 [  1.10000002e+00   1.59999996e-01   7.26000000e+02   1.00000000e+00
    8.00000000e+00   9.17900000e+03   8.00000000e+00   5.00000000e+01
   -1.15000000e+01]
 [  8.09000015e+00   0.00000000e+00   1.00000000e+00   1.00000000e+00
    8.00000000e+00   1.00000000e+04   2.00000000e+01   5.00000000e+00
   -1.72199993e+01]
 [  8.19999981e+00   2.14000010e+00   1.00000000e+00   1.00000000e+00
    8.00000000e+00   1.00000000e+04   1.00000000e+02   0.00000000e+00
    0.00000000e+00]
 [  3.60000014e-01   2.99999993e-02   1.00000000e+02   6.10000000e+02
    2.00000000e+00   1.00000000e+04   1.00000000e+01   0.00000000e+00
    9.78999996e+00]
 [  6.84000015e+00   1.47000003e+00   4.09000000e+02   1.00000000e+00
    4.68699989e+01   9.18852344e+03   1.60000000e+01   2.90000000e+01
    5.44000006e+00]
 [  3.60000014e-01   0.00000000e+00   1.00000000e+02   1.00000000e+00
    2.00000000e+00   1.00000000e+04   1.00000000e+01   5.92068195e+00
    1.84099998e+01]
 [  6.67000008e+00   1.72327268e+00   7.88300537e+02   3.86936989e+01
    6.87099991e+01   9.61700000e+03   3.80000000e+01   2.40000000e+01
    0.00000000e+00]
 [  6.44000006e+00   6.23662889e-01   3.64000000e+02   3.98000000e+02
    1.00000000e+00   9.63100000e+03   8.50315380e+00   7.20000000e+01
   -1.00000000e+00]
 [  3.16000009e+00   2.80000001e-01   2.36000000e+02   1.77000000e+02
    3.13899994e+01   9.12400000e+03   1.70000000e+01   9.50000000e+01
   -4.38999987e+00]
 [  2.10999990e+00   6.39999986e-01   3.91000000e+02   4.11793610e+02
    1.00000000e+00   9.79100000e+03   6.00000000e+00   6.02224960e+01
   -3.47000003e+00]
 [  4.65000010e+00   2.51999998e+00   5.85000000e+02   6.97000000e+02
    8.00000000e+00   8.92100000e+03   3.00851498e+01   2.20000000e+01
   -1.30100002e+01]]
