0 : (0, 2)
1 : (2, 0)
2 : (0, 4)
3 : (4, 0)
4 : (5, 2)
5 : (2, 5)
6 : (2, 0)
7 : (0, 2)
8 : (6, 8)
9 : (8, 6)
10 : (0, 3)
11 : (3, 0)
12 : (3, 7)
13 : (7, 3)
14 : (0, 0)
15 : (0, 0)
16 : (0, 1)
17 : (1, 0)
18 : (3, 0)
19 : (0, 3)
20 : (0, 0)
21 : (0, 0)
22 : (2, 0)
23 : (0, 2)
24 : (0, 0)
25 : (0, 0)
26 : (0, 0)
27 : (0, 0)
28 : (1, 0)
29 : (0, 1)
30 : (0, 11)
31 : (11, 0)
32 : (0, 0)
33 : (0, 0)
34 : (0, 3)
35 : (3, 0)
36 : (2, 0)
37 : (0, 2)
38 : (8, 0)
39 : (0, 8)
40 : (6, 0)
41 : (0, 6)
42 : (0, 0)
43 : (0, 0)
44 : (0, 0)
45 : (0, 0)
46 : (0, 3)
47 : (3, 0)
48 : (6, 0)
49 : (0, 6)
50 : (0, 0)
51 : (0, 0)
52 : (0, 4)
53 : (4, 0)
54 : (0, 0)
55 : (0, 0)
56 : (7, 2)
57 : (2, 7)
58 : (0, 6)
59 : (6, 0)
60 : (0, 6)
61 : (6, 0)
62 : (11, 2)
63 : (2, 11)
64 : (0, 0)
65 : (0, 0)
66 : (0, 6)
67 : (6, 0)
68 : (1, 0)
69 : (0, 1)
70 : (2, 4)
71 : (4, 2)
72 : (1, 0)
73 : (0, 1)
74 : (0, 0)
75 : (0, 0)
76 : (4, 6)
77 : (6, 4)
78 : (2, 9)
79 : (9, 2)
80 : (9, 27)
81 : (27, 9)
82 : (29, 3)
83 : (3, 29)
84 : (2, 36)
85 : (36, 2)
86 : (15, 0)
87 : (0, 15)
88 : (31, 7)
89 : (7, 31)
90 : (1, 20)
91 : (20, 1)
92 : (47, 0)
93 : (0, 47)
94 : (3, 13)
95 : (13, 3)
96 : (23, 11)
97 : (11, 23)
98 : (16, 25)
99 : (25, 16)
4 : (9, 23)
5 : (23, 9)
6 : (12, 19)
7 : (19, 12)
8 : (0, 9)
9 : (9, 0)
10 : (2, 14)
11 : (14, 2)
14 : (0, 31)
15 : (31, 0)
16 : (6, 13)
17 : (13, 6)
18 : (17, 29)
19 : (29, 17)
20 : (6, 4)
21 : (4, 6)
24 : (6, 1)
25 : (1, 6)
26 : (7, 0)
27 : (0, 7)
28 : (4, 2)
29 : (2, 4)
30 : (0, 8)
31 : (8, 0)
32 : (15, 0)
33 : (0, 15)
34 : (18, 1)
35 : (1, 18)
36 : (26, 4)
37 : (4, 26)
38 : (5, 6)
39 : (6, 5)
40 : (0, 0)
41 : (0, 0)
42 : (0, 0)
43 : (0, 0)
48 : (5, 5)
49 : (5, 5)
50 : (0, 0)
51 : (0, 0)
60 : (6, 0)
61 : (0, 6)
72 : (1, 0)
73 : (0, 1)
74 : (0, 0)
75 : (0, 0)
80 : (0, 0)
81 : (0, 0)
82 : (0, 0)
83 : (0, 0)
84 : (4, 0)
85 : (0, 4)
86 : (0, 0)
87 : (0, 0)
88 : (1, 0)
89 : (0, 1)
90 : (0, 0)
91 : (0, 0)
92 : (0, 0)
93 : (0, 0)
94 : (0, 0)
95 : (0, 0)
96 : (0, 0)
97 : (0, 0)
98 : (0, 0)
99 : (0, 0)
0 : (6, 0)
1 : (0, 6)
2 : (0, 35)
3 : (35, 0)
4 : (9, 0)
5 : (0, 9)
6 : (13, 0)
7 : (0, 13)
8 : (5, 28)
9 : (28, 5)
10 : (42, 2)
11 : (2, 42)
12 : (3, 16)
13 : (16, 3)
14 : (0, 14)
15 : (14, 0)
16 : (11, 30)
17 : (30, 11)
18 : (9, 3)
19 : (3, 9)
20 : (11, 3)
21 : (3, 11)
22 : (7, 4)
23 : (4, 7)
24 : (6, 8)
25 : (8, 6)
26 : (0, 4)
27 : (4, 0)
28 : (1, 42)
29 : (42, 1)
30 : (5, 9)
31 : (9, 5)
32 : (8, 1)
33 : (1, 8)
34 : (0, 26)
35 : (26, 0)
44 : (0, 5)
45 : (5, 0)
46 : (3, 0)
47 : (0, 3)
48 : (0, 3)
49 : (3, 0)
50 : (0, 3)
51 : (3, 0)
52 : (5, 0)
53 : (0, 5)
54 : (1, 0)
55 : (0, 1)
56 : (6, 1)
57 : (1, 6)
58 : (0, 0)
59 : (0, 0)
62 : (0, 0)
63 : (0, 0)
64 : (2, 1)
65 : (1, 2)
66 : (0, 0)
67 : (0, 0)
70 : (0, 1)
71 : (1, 0)
80 : (0, 0)
81 : (0, 0)
82 : (0, 0)
83 : (0, 0)
86 : (0, 0)
87 : (0, 0)
88 : (0, 0)
89 : (0, 0)
90 : (0, 0)
91 : (0, 0)
96 : (0, 0)
97 : (0, 0)
98 : (0, 0)
99 : (0, 0)
0 : (13, 0)
1 : (0, 13)
2 : (15, 32)
3 : (32, 15)
12 : (0, 15)
13 : (15, 0)
14 : (0, 41)
15 : (41, 0)
20 : (3, 6)
21 : (6, 3)
22 : (2, 4)
23 : (4, 2)
24 : (5, 0)
25 : (0, 5)
26 : (0, 6)
27 : (6, 0)
32 : (17, 1)
33 : (1, 17)
34 : (22, 0)
35 : (0, 22)
36 : (6, 8)
37 : (8, 6)
38 : (6, 3)
39 : (3, 6)
40 : (3, 1)
41 : (1, 3)
42 : (9, 0)
43 : (0, 9)
44 : (0, 5)
45 : (5, 0)
46 : (0, 0)
47 : (0, 0)
48 : (0, 0)
49 : (0, 0)
50 : (3, 0)
51 : (0, 3)
52 : (4, 2)
53 : (2, 4)
54 : (0, 0)
55 : (0, 0)
56 : (0, 9)
57 : (9, 0)
58 : (1, 5)
59 : (5, 1)
68 : (0, 0)
69 : (0, 0)
70 : (1, 3)
71 : (3, 1)
76 : (0, 0)
77 : (0, 0)
78 : (2, 0)
79 : (0, 2)
80 : (0, 0)
81 : (0, 0)
82 : (0, 0)
83 : (0, 0)
88 : (0, 0)
89 : (0, 0)
90 : (1, 0)
91 : (0, 1)
92 : (0, 0)
93 : (0, 0)
94 : (0, 0)
95 : (0, 0)
98 : (1, 0)
99 : (0, 1)
4 : (0, 14)
5 : (14, 0)
6 : (18, 0)
7 : (0, 18)
12 : (7, 21)
13 : (21, 7)
14 : (3, 24)
15 : (24, 3)
18 : (2, 26)
19 : (26, 2)
20 : (4, 15)
21 : (15, 4)
22 : (0, 43)
23 : (43, 0)
44 : (2, 1)
45 : (1, 2)
46 : (0, 4)
47 : (4, 0)
48 : (0, 1)
49 : (1, 0)
50 : (1, 0)
51 : (0, 1)
52 : (9, 0)
53 : (0, 9)
54 : (0, 0)
55 : (0, 0)
56 : (1, 1)
57 : (1, 1)
58 : (0, 0)
59 : (0, 0)
60 : (0, 0)
61 : (0, 0)
62 : (7, 1)
63 : (1, 7)
68 : (0, 0)
69 : (0, 0)
70 : (4, 0)
71 : (0, 4)
72 : (0, 0)
73 : (0, 0)
74 : (0, 0)
75 : (0, 0)
76 : (0, 0)
77 : (0, 0)
78 : (1, 0)
79 : (0, 1)
80 : (1, 0)
81 : (0, 1)
82 : (0, 4)
83 : (4, 0)
88 : (0, 0)
89 : (0, 0)
90 : (0, 0)
91 : (0, 0)
96 : (0, 0)
97 : (0, 0)
98 : (0, 0)
99 : (0, 0)
0 : (12, 15)
1 : (15, 12)
2 : (0, 6)
3 : (6, 0)
4 : (12, 7)
5 : (7, 12)
6 : (5, 14)
7 : (14, 5)
8 : (7, 19)
9 : (19, 7)
10 : (0, 47)
11 : (47, 0)
12 : (4, 0)
13 : (0, 4)
14 : (1, 5)
15 : (5, 1)
20 : (1, 0)
21 : (0, 1)
22 : (16, 1)
23 : (1, 16)
28 : (9, 4)
29 : (4, 9)
30 : (0, 7)
31 : (7, 0)
34 : (1, 6)
35 : (6, 1)
42 : (1, 0)
43 : (0, 1)
44 : (0, 47)
45 : (47, 0)
46 : (0, 1)
47 : (1, 0)
50 : (0, 5)
51 : (5, 0)
52 : (0, 0)
53 : (0, 0)
54 : (12, 0)
55 : (0, 12)
60 : (0, 0)
61 : (0, 0)
62 : (0, 2)
63 : (2, 0)
64 : (5, 0)
65 : (0, 5)
66 : (0, 1)
67 : (1, 0)
80 : (0, 0)
81 : (0, 0)
84 : (0, 0)
85 : (0, 0)
86 : (0, 0)
87 : (0, 0)
90 : (0, 0)
91 : (0, 0)
92 : (0, 0)
93 : (0, 0)
94 : (2, 0)
95 : (0, 2)
98 : (0, 0)
99 : (0, 0)
0 : (13, 3)
1 : (3, 13)
4 : (0, 47)
5 : (47, 0)
6 : (3, 21)
7 : (21, 3)
8 : (18, 3)
9 : (3, 18)
10 : (0, 0)
11 : (0, 0)
12 : (10, 3)
13 : (3, 10)
14 : (3, 0)
15 : (0, 3)
16 : (9, 32)
17 : (32, 9)
18 : (0, 11)
19 : (11, 0)
20 : (0, 17)
21 : (17, 0)
22 : (42, 1)
23 : (1, 42)
28 : (1, 0)
29 : (0, 1)
30 : (9, 1)
31 : (1, 9)
32 : (25, 3)
33 : (3, 25)
34 : (0, 8)
35 : (8, 0)
38 : (11, 0)
39 : (0, 11)
48 : (3, 1)
49 : (1, 3)
50 : (1, 0)
51 : (0, 1)
52 : (1, 0)
53 : (0, 1)
58 : (8, 1)
59 : (1, 8)
64 : (0, 3)
65 : (3, 0)
66 : (4, 7)
67 : (7, 4)
68 : (0, 0)
69 : (0, 0)
70 : (0, 0)
71 : (0, 0)
72 : (0, 0)
73 : (0, 0)
74 : (0, 9)
75 : (9, 0)
76 : (3, 0)
77 : (0, 3)
80 : (2, 4)
81 : (4, 2)
82 : (0, 0)
83 : (0, 0)
84 : (0, 0)
85 : (0, 0)
86 : (0, 3)
87 : (3, 0)
88 : (0, 0)
89 : (0, 0)
90 : (0, 0)
91 : (0, 0)
8 : (8, 6)
9 : (6, 8)
10 : (10, 0)
11 : (0, 10)
16 : (12, 2)
17 : (2, 12)
18 : (27, 5)
19 : (5, 27)
20 : (13, 0)
21 : (0, 13)
22 : (0, 16)
23 : (16, 0)
24 : (0, 0)
25 : (0, 0)
26 : (22, 0)
27 : (0, 22)
28 : (0, 1)
29 : (1, 0)
30 : (0, 6)
31 : (6, 0)
32 : (0, 7)
33 : (7, 0)
34 : (15, 0)
35 : (0, 15)
36 : (9, 0)
37 : (0, 9)
40 : (1, 16)
41 : (16, 1)
42 : (14, 0)
43 : (0, 14)
44 : (0, 3)
45 : (3, 0)
46 : (0, 3)
47 : (3, 0)
52 : (0, 0)
53 : (0, 0)
54 : (9, 2)
55 : (2, 9)
56 : (0, 3)
57 : (3, 0)
58 : (0, 8)
59 : (8, 0)
60 : (0, 0)
61 : (0, 0)
62 : (1, 9)
63 : (9, 1)
66 : (0, 0)
67 : (0, 0)
68 : (3, 0)
69 : (0, 3)
70 : (0, 0)
71 : (0, 0)
72 : (3, 14)
73 : (14, 3)
74 : (0, 0)
75 : (0, 0)
76 : (0, 1)
77 : (1, 0)
78 : (0, 0)
79 : (0, 0)
80 : (0, 0)
81 : (0, 0)
82 : (0, 3)
83 : (3, 0)
84 : (0, 0)
85 : (0, 0)
86 : (0, 0)
87 : (0, 0)
92 : (0, 0)
93 : (0, 0)
94 : (0, 0)
95 : (0, 0)
0 : (24, 7)
1 : (7, 24)
4 : (22, 2)
5 : (2, 22)
6 : (0, 46)
7 : (46, 0)
8 : (9, 16)
9 : (16, 9)
10 : (15, 14)
11 : (14, 15)
16 : (21, 1)
17 : (1, 21)
18 : (0, 4)
19 : (4, 0)
20 : (7, 10)
21 : (10, 7)
22 : (19, 2)
23 : (2, 19)
24 : (7, 3)
25 : (3, 7)
26 : (0, 7)
27 : (7, 0)
40 : (10, 0)
41 : (0, 10)
42 : (0, 4)
43 : (4, 0)
48 : (0, 5)
49 : (5, 0)
50 : (8, 2)
51 : (2, 8)
64 : (0, 6)
65 : (6, 0)
66 : (0, 4)
67 : (4, 0)
68 : (0, 8)
69 : (8, 0)
70 : (0, 0)
71 : (0, 0)
72 : (3, 0)
73 : (0, 3)
80 : (0, 1)
81 : (1, 0)
82 : (0, 0)
83 : (0, 0)
84 : (0, 0)
85 : (0, 0)
86 : (0, 0)
87 : (0, 0)
88 : (0, 0)
89 : (0, 0)
92 : (0, 0)
93 : (0, 0)
94 : (0, 1)
95 : (1, 0)
96 : (0, 0)
97 : (0, 0)
98 : (1, 0)
99 : (0, 1)
12 : (17, 13)
13 : (13, 17)
14 : (4, 1)
15 : (1, 4)
24 : (18, 0)
25 : (0, 18)
26 : (0, 23)
27 : (23, 0)
32 : (0, 9)
33 : (9, 0)
34 : (9, 0)
35 : (0, 9)
38 : (16, 1)
39 : (1, 16)
40 : (0, 16)
41 : (16, 0)
46 : (16, 2)
47 : (2, 16)
52 : (0, 0)
53 : (0, 0)
54 : (0, 7)
55 : (7, 0)
58 : (1, 9)
59 : (9, 1)
60 : (1, 0)
61 : (0, 1)
62 : (5, 0)
63 : (0, 5)
64 : (0, 0)
65 : (0, 0)
66 : (0, 0)
67 : (0, 0)
72 : (0, 2)
73 : (2, 0)
74 : (0, 0)
75 : (0, 0)
76 : (2, 0)
77 : (0, 2)
78 : (0, 0)
79 : (0, 0)
80 : (0, 0)
81 : (0, 0)
82 : (1, 0)
83 : (0, 1)
84 : (0, 0)
85 : (0, 0)
86 : (0, 0)
87 : (0, 0)
88 : (0, 0)
89 : (0, 0)
92 : (0, 0)
93 : (0, 0)
94 : (0, 0)
95 : (0, 0)
96 : (0, 0)
97 : (0, 0)
98 : (0, 0)
99 : (0, 0)
   	            entropy            	              diff             	       kills       
   	-------------------------------	-------------------------------	-------------------
gen	min	avg     	max    	min     	avg    	max    	min	avg 	max
0  	0  	0.471155	1.97046	0.520082	1.46335	10.1796	0  	9.58	47 
1  	0  	0.479931	2      	0.579688	1.32619	10.1796	0  	8.98	47 
2  	0  	0.370029	1.97046	0.579688	1.1763 	1.78153	0  	9.1 	44 
3  	0  	0.478427	1.97046	0.585415	1.16634	1.72184	0  	8.76	47 
4  	0  	0.514887	2      	0.585415	1.2068 	1.86226	0  	7.8 	43 
5  	0  	0.385125	1.98215	0.585415	1.22041	1.8397 	0  	8.26	47 
6  	0  	0.443057	1.8989 	0.709415	1.21359	1.83816	0  	8.72	47 
7  	0  	0.287338	1.97046	0.752541	1.18463	1.84345	0  	9.08	47 
8  	0  	0.361537	1.99828	0.654081	1.18995	1.61247	0  	8.72	46 
9  	0  	0.38052 	1.99828	0.686161	1.17945	1.67348	0  	8.78	46 