0 : (3, 0)
1 : (0, 3)
2 : (0, 4)
3 : (4, 0)
4 : (0, 2)
5 : (2, 0)
6 : (10, 0)
7 : (0, 10)
8 : (0, 1)
9 : (1, 0)
10 : (0, 4)
11 : (4, 0)
12 : (0, 1)
13 : (1, 0)
14 : (0, 2)
15 : (2, 0)
16 : (0, 2)
17 : (2, 0)
18 : (4, 0)
19 : (0, 4)
20 : (0, 0)
21 : (0, 0)
22 : (1, 0)
23 : (0, 1)
24 : (0, 0)
25 : (0, 0)
26 : (0, 0)
27 : (0, 0)
28 : (0, 4)
29 : (4, 0)
30 : (0, 0)
31 : (0, 0)
32 : (0, 0)
33 : (0, 0)
34 : (0, 0)
35 : (0, 0)
36 : (0, 0)
37 : (0, 0)
38 : (3, 1)
39 : (1, 3)
40 : (1, 0)
41 : (0, 1)
42 : (4, 0)
43 : (0, 4)
44 : (0, 1)
45 : (1, 0)
46 : (2, 0)
47 : (0, 2)
48 : (6, 0)
49 : (0, 6)
50 : (0, 0)
51 : (0, 0)
52 : (0, 1)
53 : (1, 0)
54 : (0, 5)
55 : (5, 0)
56 : (5, 0)
57 : (0, 5)
58 : (0, 0)
59 : (0, 0)
60 : (0, 0)
61 : (0, 0)
62 : (0, 0)
63 : (0, 0)
64 : (0, 3)
65 : (3, 0)
66 : (5, 4)
67 : (4, 5)
68 : (0, 0)
69 : (0, 0)
70 : (1, 0)
71 : (0, 1)
72 : (0, 0)
73 : (0, 0)
74 : (8, 0)
75 : (0, 8)
76 : (1, 9)
77 : (9, 1)
78 : (1, 1)
79 : (1, 1)
80 : (1, 0)
81 : (0, 1)
82 : (1, 0)
83 : (0, 1)
84 : (0, 1)
85 : (1, 0)
86 : (0, 0)
87 : (0, 0)
88 : (0, 0)
89 : (0, 0)
90 : (3, 8)
91 : (8, 3)
92 : (4, 0)
93 : (0, 4)
94 : (0, 3)
95 : (3, 0)
96 : (0, 4)
97 : (4, 0)
98 : (1, 0)
99 : (0, 1)
0 : (0, 3)
1 : (3, 0)
2 : (2, 0)
3 : (0, 2)
6 : (0, 1)
7 : (1, 0)
12 : (0, 5)
13 : (5, 0)
16 : (6, 0)
17 : (0, 6)
18 : (3, 1)
19 : (1, 3)
20 : (8, 0)
21 : (0, 8)
22 : (1, 0)
23 : (0, 1)
24 : (0, 5)
25 : (5, 0)
26 : (0, 3)
27 : (3, 0)
28 : (0, 1)
29 : (1, 0)
30 : (1, 5)
31 : (5, 1)
36 : (2, 8)
37 : (8, 2)
40 : (0, 0)
41 : (0, 0)
44 : (0, 0)
45 : (0, 0)
46 : (0, 9)
47 : (9, 0)
52 : (2, 0)
53 : (0, 2)
54 : (1, 0)
55 : (0, 1)
56 : (0, 0)
57 : (0, 0)
64 : (0, 0)
65 : (0, 0)
66 : (0, 6)
67 : (6, 0)
70 : (1, 1)
71 : (1, 1)
72 : (0, 3)
73 : (3, 0)
74 : (0, 0)
75 : (0, 0)
76 : (0, 1)
77 : (1, 0)
78 : (0, 3)
79 : (3, 0)
80 : (0, 2)
81 : (2, 0)
82 : (0, 0)
83 : (0, 0)
84 : (3, 1)
85 : (1, 3)
86 : (0, 0)
87 : (0, 0)
94 : (0, 0)
95 : (0, 0)
2 : (7, 4)
3 : (4, 7)
8 : (10, 1)
9 : (1, 10)
10 : (0, 2)
11 : (2, 0)
12 : (2, 1)
13 : (1, 2)
14 : (2, 0)
15 : (0, 2)
16 : (7, 0)
17 : (0, 7)
18 : (0, 3)
19 : (3, 0)
24 : (0, 0)
25 : (0, 0)
34 : (5, 5)
35 : (5, 5)
36 : (1, 1)
37 : (1, 1)
38 : (0, 1)
39 : (1, 0)
46 : (5, 6)
47 : (6, 5)
48 : (0, 0)
49 : (0, 0)
52 : (3, 0)
53 : (0, 3)
54 : (1, 7)
55 : (7, 1)
56 : (0, 0)
57 : (0, 0)
58 : (1, 1)
59 : (1, 1)
64 : (6, 1)
65 : (1, 6)
66 : (0, 7)
67 : (7, 0)
72 : (0, 0)
73 : (0, 0)
74 : (1, 1)
75 : (1, 1)
80 : (5, 0)
81 : (0, 5)
82 : (0, 5)
83 : (5, 0)
88 : (0, 1)
89 : (1, 0)
90 : (4, 0)
91 : (0, 4)
92 : (1, 1)
93 : (1, 1)
94 : (3, 0)
95 : (0, 3)
0 : (9, 0)
1 : (0, 9)
2 : (0, 4)
3 : (4, 0)
4 : (7, 3)
5 : (3, 7)
6 : (4, 7)
7 : (7, 4)
12 : (0, 15)
13 : (15, 0)
14 : (0, 3)
15 : (3, 0)
16 : (3, 8)
17 : (8, 3)
18 : (4, 1)
19 : (1, 4)
20 : (5, 1)
21 : (1, 5)
22 : (3, 0)
23 : (0, 3)
24 : (4, 4)
25 : (4, 4)
26 : (10, 4)
27 : (4, 10)
34 : (6, 0)
35 : (0, 6)
36 : (3, 2)
37 : (2, 3)
38 : (6, 3)
39 : (3, 6)
40 : (7, 5)
41 : (5, 7)
42 : (9, 3)
43 : (3, 9)
44 : (2, 0)
45 : (0, 2)
46 : (3, 2)
47 : (2, 3)
48 : (0, 4)
49 : (4, 0)
50 : (4, 11)
51 : (11, 4)
52 : (2, 0)
53 : (0, 2)
54 : (5, 6)
55 : (6, 5)
60 : (6, 3)
61 : (3, 6)
62 : (6, 6)
63 : (6, 6)
64 : (0, 1)
65 : (1, 0)
66 : (0, 3)
67 : (3, 0)
82 : (7, 1)
83 : (1, 7)
84 : (0, 2)
85 : (2, 0)
86 : (3, 0)
87 : (0, 3)
96 : (1, 2)
97 : (2, 1)
98 : (13, 7)
99 : (7, 13)
0 : (1, 4)
1 : (4, 1)
2 : (2, 2)
3 : (2, 2)
4 : (6, 0)
5 : (0, 6)
6 : (8, 0)
7 : (0, 8)
12 : (5, 6)
13 : (6, 5)
14 : (5, 1)
15 : (1, 5)
18 : (3, 1)
19 : (1, 3)
20 : (2, 5)
21 : (5, 2)
28 : (5, 2)
29 : (2, 5)
30 : (4, 2)
31 : (2, 4)
32 : (4, 3)
33 : (3, 4)
34 : (4, 2)
35 : (2, 4)
48 : (7, 9)
49 : (9, 7)
50 : (7, 7)
51 : (7, 7)
56 : (2, 3)
57 : (3, 2)
58 : (5, 3)
59 : (3, 5)
60 : (1, 3)
61 : (3, 1)
62 : (2, 8)
63 : (8, 2)
64 : (1, 2)
65 : (2, 1)
66 : (2, 3)
67 : (3, 2)
74 : (0, 0)
75 : (0, 0)
76 : (1, 1)
77 : (1, 1)
78 : (0, 7)
79 : (7, 0)
84 : (2, 5)
85 : (5, 2)
88 : (0, 1)
89 : (1, 0)
90 : (2, 3)
91 : (3, 2)
92 : (1, 1)
93 : (1, 1)
94 : (4, 2)
95 : (2, 4)
0 : (0, 3)
1 : (3, 0)
2 : (3, 1)
3 : (1, 3)
4 : (4, 5)
5 : (5, 4)
6 : (1, 1)
7 : (1, 1)
8 : (5, 6)
9 : (6, 5)
10 : (2, 0)
11 : (0, 2)
12 : (6, 5)
13 : (5, 6)
14 : (7, 6)
15 : (6, 7)
20 : (4, 1)
21 : (1, 4)
22 : (5, 4)
23 : (4, 5)
24 : (2, 5)
25 : (5, 2)
26 : (3, 2)
27 : (2, 3)
32 : (1, 5)
33 : (5, 1)
34 : (8, 6)
35 : (6, 8)
38 : (0, 0)
39 : (0, 0)
44 : (6, 2)
45 : (2, 6)
46 : (0, 5)
47 : (5, 0)
48 : (1, 0)
49 : (0, 1)
50 : (5, 2)
51 : (2, 5)
52 : (2, 2)
53 : (2, 2)
54 : (3, 1)
55 : (1, 3)
58 : (1, 2)
59 : (2, 1)
64 : (7, 0)
65 : (0, 7)
66 : (1, 0)
67 : (0, 1)
70 : (5, 1)
71 : (1, 5)
72 : (6, 5)
73 : (5, 6)
74 : (6, 3)
75 : (3, 6)
76 : (6, 3)
77 : (3, 6)
88 : (6, 6)
89 : (6, 6)
90 : (1, 0)
91 : (0, 1)
96 : (9, 2)
97 : (2, 9)
98 : (2, 0)
99 : (0, 2)
0 : (0, 4)
1 : (4, 0)
2 : (8, 3)
3 : (3, 8)
4 : (5, 2)
5 : (2, 5)
6 : (2, 1)
7 : (1, 2)
8 : (7, 3)
9 : (3, 7)
10 : (5, 5)
11 : (5, 5)
12 : (3, 1)
13 : (1, 3)
14 : (6, 0)
15 : (0, 6)
26 : (3, 4)
27 : (4, 3)
28 : (3, 4)
29 : (4, 3)
30 : (4, 3)
31 : (3, 4)
32 : (2, 1)
33 : (1, 2)
34 : (1, 1)
35 : (1, 1)
38 : (1, 1)
39 : (1, 1)
40 : (1, 1)
41 : (1, 1)
42 : (0, 0)
43 : (0, 0)
44 : (2, 7)
45 : (7, 2)
46 : (2, 1)
47 : (1, 2)
48 : (2, 4)
49 : (4, 2)
50 : (3, 0)
51 : (0, 3)
52 : (8, 3)
53 : (3, 8)
54 : (1, 1)
55 : (1, 1)
56 : (6, 9)
57 : (9, 6)
58 : (5, 5)
59 : (5, 5)
68 : (3, 6)
69 : (6, 3)
70 : (4, 0)
71 : (0, 4)
88 : (0, 4)
89 : (4, 0)
90 : (0, 2)
91 : (2, 0)
96 : (4, 2)
97 : (2, 4)
98 : (2, 6)
99 : (6, 2)
0 : (7, 5)
1 : (5, 7)
2 : (6, 6)
3 : (6, 6)
8 : (4, 0)
9 : (0, 4)
10 : (1, 0)
11 : (0, 1)
28 : (1, 3)
29 : (3, 1)
36 : (4, 1)
37 : (1, 4)
38 : (2, 2)
39 : (2, 2)
40 : (3, 0)
41 : (0, 3)
42 : (4, 7)
43 : (7, 4)
44 : (1, 0)
45 : (0, 1)
46 : (4, 3)
47 : (3, 4)
50 : (3, 1)
51 : (1, 3)
52 : (1, 8)
53 : (8, 1)
54 : (6, 0)
55 : (0, 6)
56 : (2, 0)
57 : (0, 2)
58 : (9, 3)
59 : (3, 9)
60 : (1, 6)
61 : (6, 1)
62 : (0, 2)
63 : (2, 0)
72 : (4, 2)
73 : (2, 4)
74 : (3, 9)
75 : (9, 3)
82 : (1, 4)
83 : (4, 1)
86 : (7, 3)
87 : (3, 7)
90 : (5, 1)
91 : (1, 5)
92 : (0, 1)
93 : (1, 0)
94 : (5, 1)
95 : (1, 5)
0 : (5, 4)
1 : (4, 5)
2 : (1, 1)
3 : (1, 1)
4 : (3, 7)
5 : (7, 3)
6 : (2, 7)
7 : (7, 2)
10 : (2, 0)
11 : (0, 2)
12 : (3, 5)
13 : (5, 3)
14 : (4, 6)
15 : (6, 4)
16 : (6, 0)
17 : (0, 6)
18 : (3, 1)
19 : (1, 3)
22 : (0, 1)
23 : (1, 0)
32 : (2, 0)
33 : (0, 2)
34 : (7, 0)
35 : (0, 7)
36 : (1, 0)
37 : (0, 1)
38 : (0, 0)
39 : (0, 0)
40 : (0, 0)
41 : (0, 0)
42 : (2, 2)
43 : (2, 2)
46 : (1, 0)
47 : (0, 1)
52 : (3, 0)
53 : (0, 3)
54 : (5, 2)
55 : (2, 5)
56 : (2, 0)
57 : (0, 2)
58 : (1, 0)
59 : (0, 1)
64 : (1, 0)
65 : (0, 1)
66 : (2, 4)
67 : (4, 2)
72 : (0, 2)
73 : (2, 0)
74 : (0, 3)
75 : (3, 0)
76 : (1, 1)
77 : (1, 1)
78 : (3, 1)
79 : (1, 3)
80 : (0, 0)
81 : (0, 0)
82 : (0, 1)
83 : (1, 0)
84 : (1, 2)
85 : (2, 1)
86 : (5, 2)
87 : (2, 5)
0 : (3, 1)
1 : (1, 3)
2 : (0, 0)
3 : (0, 0)
4 : (5, 1)
5 : (1, 5)
6 : (2, 2)
7 : (2, 2)
10 : (3, 2)
11 : (2, 3)
12 : (6, 8)
13 : (8, 6)
14 : (5, 1)
15 : (1, 5)
16 : (0, 1)
17 : (1, 0)
18 : (6, 6)
19 : (6, 6)
20 : (1, 0)
21 : (0, 1)
22 : (0, 2)
23 : (2, 0)
36 : (2, 2)
37 : (2, 2)
38 : (0, 3)
39 : (3, 0)
40 : (2, 2)
41 : (2, 2)
42 : (1, 1)
43 : (1, 1)
50 : (1, 5)
51 : (5, 1)
60 : (0, 1)
61 : (1, 0)
62 : (4, 0)
63 : (0, 4)
64 : (0, 1)
65 : (1, 0)
66 : (2, 1)
67 : (1, 2)
68 : (7, 2)
69 : (2, 7)
70 : (4, 2)
71 : (2, 4)
72 : (0, 7)
73 : (7, 0)
74 : (4, 0)
75 : (0, 4)
76 : (3, 2)
77 : (2, 3)
78 : (2, 2)
79 : (2, 2)
80 : (5, 0)
81 : (0, 5)
82 : (1, 1)
83 : (1, 1)
92 : (1, 3)
93 : (3, 1)
94 : (2, 0)
95 : (0, 2)
96 : (1, 5)
97 : (5, 1)
98 : (2, 3)
99 : (3, 2)
6 : (5, 2)
7 : (2, 5)
12 : (4, 0)
13 : (0, 4)
14 : (0, 3)
15 : (3, 0)
24 : (2, 1)
25 : (1, 2)
26 : (8, 1)
27 : (1, 8)
28 : (3, 2)
29 : (2, 3)
30 : (5, 0)
31 : (0, 5)
32 : (5, 2)
33 : (2, 5)
34 : (3, 1)
35 : (1, 3)
36 : (6, 1)
37 : (1, 6)
38 : (2, 4)
39 : (4, 2)
40 : (0, 4)
41 : (4, 0)
42 : (1, 1)
43 : (1, 1)
48 : (0, 1)
49 : (1, 0)
52 : (2, 4)
53 : (4, 2)
54 : (2, 1)
55 : (1, 2)
56 : (1, 1)
57 : (1, 1)
58 : (1, 0)
59 : (0, 1)
72 : (1, 2)
73 : (2, 1)
74 : (0, 2)
75 : (2, 0)
88 : (1, 4)
89 : (4, 1)
90 : (1, 4)
91 : (4, 1)
0 : (3, 0)
1 : (0, 3)
2 : (4, 0)
3 : (0, 4)
4 : (6, 1)
5 : (1, 6)
6 : (1, 2)
7 : (2, 1)
8 : (2, 4)
9 : (4, 2)
10 : (3, 2)
11 : (2, 3)
12 : (1, 2)
13 : (2, 1)
14 : (1, 1)
15 : (1, 1)
16 : (0, 1)
17 : (1, 0)
18 : (1, 1)
19 : (1, 1)
20 : (1, 1)
21 : (1, 1)
22 : (1, 4)
23 : (4, 1)
26 : (4, 2)
27 : (2, 4)
28 : (1, 2)
29 : (2, 1)
30 : (0, 2)
31 : (2, 0)
32 : (4, 0)
33 : (0, 4)
34 : (1, 3)
35 : (3, 1)
36 : (9, 2)
37 : (2, 9)
38 : (1, 5)
39 : (5, 1)
40 : (0, 2)
41 : (2, 0)
42 : (0, 5)
43 : (5, 0)
44 : (0, 0)
45 : (0, 0)
48 : (6, 1)
49 : (1, 6)
50 : (1, 3)
51 : (3, 1)
52 : (2, 2)
53 : (2, 2)
54 : (0, 1)
55 : (1, 0)
56 : (1, 2)
57 : (2, 1)
58 : (2, 2)
59 : (2, 2)
64 : (3, 0)
65 : (0, 3)
66 : (2, 2)
67 : (2, 2)
68 : (2, 1)
69 : (0, 2)
70 : (1, 3)
71 : (3, 1)
72 : (1, 4)
73 : (4, 1)
80 : (5, 5)
81 : (5, 5)
82 : (1, 2)
83 : (2, 1)
84 : (3, 1)
85 : (1, 3)
90 : (7, 1)
91 : (1, 7)
0 : (1, 0)
1 : (0, 1)
2 : (1, 3)
3 : (3, 1)
4 : (1, 4)
5 : (4, 1)
8 : (0, 0)
9 : (0, 0)
10 : (3, 1)
11 : (1, 3)
12 : (5, 0)
13 : (0, 5)
16 : (6, 0)
17 : (0, 6)
18 : (3, 1)
19 : (1, 3)
20 : (0, 9)
21 : (9, 0)
22 : (4, 0)
23 : (0, 4)
24 : (2, 3)
25 : (3, 2)
26 : (2, 3)
27 : (3, 2)
28 : (3, 5)
29 : (5, 3)
30 : (0, 3)
31 : (3, 0)
36 : (4, 2)
37 : (2, 4)
38 : (4, 4)
39 : (4, 4)
40 : (2, 0)
41 : (0, 2)
42 : (2, 3)
43 : (3, 2)
44 : (0, 3)
45 : (3, 0)
50 : (0, 4)
51 : (4, 0)
56 : (1, 4)
57 : (4, 1)
58 : (3, 0)
59 : (0, 3)
68 : (4, 0)
69 : (0, 4)
70 : (0, 0)
71 : (0, 0)
76 : (0, 2)
77 : (2, 0)
78 : (0, 1)
79 : (1, 0)
92 : (3, 2)
93 : (2, 3)
94 : (3, 1)
95 : (1, 3)
4 : (1, 1)
5 : (1, 1)
6 : (0, 2)
7 : (2, 0)
12 : (3, 2)
13 : (2, 3)
14 : (2, 5)
15 : (5, 2)
16 : (3, 2)
17 : (2, 3)
18 : (6, 0)
19 : (0, 6)
20 : (0, 2)
21 : (2, 0)
22 : (2, 2)
23 : (2, 2)
28 : (3, 3)
29 : (3, 3)
30 : (3, 2)
31 : (2, 3)
40 : (7, 0)
41 : (0, 7)
48 : (3, 1)
49 : (1, 3)
50 : (3, 2)
51 : (2, 3)
52 : (1, 2)
53 : (2, 1)
54 : (1, 4)
55 : (4, 1)
56 : (3, 1)
57 : (1, 3)
58 : (2, 5)
59 : (5, 2)
64 : (0, 2)
65 : (2, 0)
66 : (1, 1)
67 : (1, 1)
68 : (2, 4)
69 : (4, 2)
70 : (2, 4)
71 : (4, 2)
72 : (0, 2)
73 : (2, 0)
74 : (1, 3)
75 : (3, 1)
88 : (3, 1)
89 : (1, 3)
90 : (1, 3)
91 : (3, 1)
92 : (3, 2)
93 : (2, 3)
94 : (0, 5)
95 : (5, 0)
96 : (0, 9)
97 : (9, 0)
98 : (7, 1)
99 : (1, 7)
0 : (2, 2)
1 : (2, 2)
2 : (0, 0)
3 : (0, 0)
4 : (2, 0)
5 : (0, 2)
6 : (2, 2)
7 : (2, 2)
8 : (3, 2)
9 : (2, 3)
10 : (3, 4)
11 : (4, 3)
12 : (2, 2)
13 : (2, 2)
14 : (2, 3)
15 : (3, 2)
16 : (2, 3)
17 : (3, 2)
18 : (2, 1)
19 : (1, 2)
20 : (0, 0)
21 : (0, 0)
22 : (1, 3)
23 : (3, 1)
28 : (2, 2)
29 : (2, 2)
30 : (1, 0)
31 : (0, 1)
32 : (3, 0)
33 : (0, 3)
34 : (1, 3)
35 : (3, 1)
36 : (1, 3)
37 : (3, 1)
38 : (0, 6)
39 : (6, 0)
40 : (4, 1)
41 : (1, 4)
42 : (0, 1)
43 : (1, 0)
48 : (2, 3)
49 : (3, 2)
50 : (0, 3)
51 : (3, 0)
52 : (2, 1)
53 : (1, 2)
54 : (3, 1)
55 : (1, 3)
56 : (1, 2)
57 : (2, 1)
60 : (0, 1)
61 : (1, 0)
62 : (0, 0)
63 : (0, 0)
64 : (3, 0)
65 : (0, 3)
66 : (6, 1)
67 : (1, 6)
68 : (0, 4)
69 : (4, 0)
70 : (2, 2)
71 : (2, 2)
76 : (2, 8)
77 : (8, 2)
78 : (1, 2)
79 : (2, 1)
82 : (0, 2)
83 : (2, 0)
88 : (3, 0)
89 : (0, 3)
90 : (3, 3)
91 : (3, 3)
0 : (2, 2)
1 : (2, 2)
2 : (0, 4)
3 : (4, 0)
8 : (3, 1)
9 : (1, 3)
10 : (2, 1)
11 : (1, 2)
12 : (6, 0)
13 : (0, 6)
14 : (2, 3)
15 : (3, 2)
20 : (2, 2)
21 : (1, 2)
22 : (1, 1)
23 : (1, 1)
24 : (2, 1)
25 : (1, 2)
26 : (1, 3)
27 : (3, 1)
28 : (0, 0)
29 : (0, 0)
30 : (2, 2)
31 : (2, 2)
32 : (1, 3)
33 : (3, 1)
34 : (1, 3)
35 : (3, 1)
36 : (0, 5)
37 : (5, 0)
38 : (1, 1)
39 : (1, 1)
44 : (1, 3)
45 : (3, 1)
46 : (4, 2)
47 : (2, 4)
56 : (3, 0)
57 : (0, 3)
68 : (1, 5)
69 : (5, 1)
70 : (9, 1)
71 : (1, 9)
72 : (9, 0)
73 : (0, 9)
74 : (2, 1)
75 : (1, 2)
80 : (1, 1)
81 : (1, 1)
82 : (0, 1)
83 : (1, 0)
84 : (3, 5)
85 : (5, 3)
86 : (5, 2)
87 : (2, 5)
88 : (1, 3)
89 : (3, 1)
90 : (1, 2)
91 : (2, 1)
92 : (1, 3)
93 : (3, 1)
94 : (3, 4)
95 : (4, 3)
0 : (0, 6)
1 : (6, 0)
2 : (4, 1)
3 : (1, 4)
4 : (3, 1)
5 : (1, 3)
6 : (1, 2)
7 : (2, 1)
8 : (4, 2)
9 : (2, 4)
10 : (5, 2)
11 : (2, 5)
12 : (0, 3)
13 : (3, 0)
14 : (3, 2)
15 : (2, 3)
16 : (1, 2)
17 : (2, 1)
18 : (0, 0)
19 : (0, 0)
20 : (4, 3)
21 : (3, 4)
22 : (6, 1)
23 : (1, 6)
24 : (1, 3)
25 : (3, 1)
26 : (2, 4)
27 : (4, 2)
32 : (5, 0)
33 : (0, 5)
34 : (0, 0)
35 : (0, 0)
40 : (8, 0)
41 : (0, 8)
42 : (5, 0)
43 : (0, 5)
44 : (2, 1)
45 : (1, 2)
46 : (5, 0)
47 : (0, 5)
48 : (1, 2)
49 : (2, 1)
50 : (3, 2)
51 : (1, 3)
52 : (5, 1)
53 : (1, 5)
54 : (2, 1)
55 : (1, 2)
60 : (5, 0)
61 : (0, 5)
64 : (4, 2)
65 : (2, 4)
66 : (6, 1)
67 : (1, 6)
76 : (1, 3)
77 : (3, 1)
78 : (1, 2)
79 : (2, 1)
80 : (1, 1)
81 : (1, 1)
82 : (7, 2)
83 : (2, 7)
88 : (7, 3)
89 : (3, 7)
92 : (5, 2)
93 : (2, 5)
94 : (1, 0)
95 : (0, 1)
0 : (4, 0)
1 : (0, 4)
2 : (4, 0)
3 : (0, 4)
4 : (3, 1)
5 : (1, 3)
6 : (0, 1)
7 : (1, 0)
8 : (3, 0)
9 : (0, 3)
10 : (1, 2)
11 : (2, 1)
12 : (4, 2)
13 : (2, 4)
14 : (0, 3)
15 : (3, 0)
16 : (1, 5)
17 : (5, 1)
18 : (0, 3)
19 : (3, 0)
24 : (2, 3)
25 : (3, 2)
26 : (1, 1)
27 : (1, 1)
28 : (3, 0)
29 : (0, 3)
30 : (2, 4)
31 : (4, 2)
32 : (1, 2)
33 : (2, 1)
34 : (0, 1)
35 : (1, 0)
36 : (3, 1)
37 : (1, 3)
38 : (3, 3)
39 : (3, 3)
40 : (10, 0)
41 : (0, 10)
42 : (2, 1)
43 : (1, 2)
52 : (1, 2)
53 : (2, 1)
54 : (2, 1)
55 : (1, 2)
56 : (6, 0)
57 : (0, 6)
58 : (2, 1)
59 : (1, 2)
60 : (4, 2)
61 : (2, 4)
62 : (5, 0)
63 : (0, 5)
68 : (0, 0)
69 : (0, 0)
70 : (4, 0)
71 : (0, 4)
72 : (0, 3)
73 : (3, 0)
74 : (2, 5)
75 : (5, 2)
76 : (8, 2)
77 : (2, 8)
78 : (4, 0)
79 : (0, 4)
80 : (2, 2)
81 : (2, 2)
82 : (0, 3)
83 : (3, 0)
84 : (1, 7)
85 : (7, 1)
86 : (5, 0)
87 : (0, 5)
88 : (1, 3)
89 : (3, 1)
90 : (2, 1)
91 : (1, 2)
92 : (4, 0)
93 : (0, 4)
94 : (7, 3)
95 : (3, 7)
0 : (2, 0)
1 : (0, 2)
8 : (1, 5)
9 : (5, 1)
10 : (3, 3)
11 : (3, 3)
12 : (0, 1)
13 : (1, 0)
14 : (4, 0)
15 : (0, 4)
16 : (1, 3)
17 : (3, 1)
18 : (2, 3)
19 : (3, 2)
20 : (2, 3)
21 : (3, 2)
22 : (7, 0)
23 : (0, 7)
28 : (3, 1)
29 : (1, 3)
30 : (2, 5)
31 : (5, 2)
32 : (2, 2)
33 : (2, 2)
34 : (4, 1)
35 : (1, 4)
44 : (0, 4)
45 : (4, 0)
46 : (2, 1)
47 : (1, 2)
48 : (0, 1)
49 : (1, 0)
50 : (3, 2)
51 : (2, 3)
52 : (2, 1)
53 : (1, 2)
54 : (5, 0)
55 : (0, 5)
60 : (0, 2)
61 : (2, 0)
62 : (0, 1)
63 : (1, 0)
72 : (2, 2)
73 : (2, 2)
74 : (1, 2)
75 : (2, 1)
88 : (2, 2)
89 : (2, 2)
90 : (2, 2)
91 : (2, 2)
92 : (3, 2)
93 : (2, 3)
94 : (1, 2)
95 : (2, 1)
0 : (1, 1)
1 : (1, 1)
2 : (1, 4)
3 : (4, 1)
4 : (2, 3)
5 : (3, 2)
6 : (2, 1)
7 : (1, 2)
8 : (2, 0)
9 : (0, 2)
10 : (1, 0)
11 : (0, 1)
12 : (2, 3)
13 : (3, 2)
14 : (3, 0)
15 : (0, 3)
16 : (1, 2)
17 : (2, 1)
18 : (2, 2)
19 : (2, 2)
20 : (1, 3)
21 : (3, 1)
22 : (0, 5)
23 : (5, 0)
28 : (6, 0)
29 : (0, 6)
30 : (0, 2)
31 : (2, 0)
34 : (1, 0)
35 : (0, 1)
40 : (0, 3)
41 : (3, 0)
42 : (2, 1)
43 : (1, 2)
44 : (1, 3)
45 : (3, 1)
46 : (2, 0)
47 : (0, 2)
48 : (1, 1)
49 : (1, 1)
50 : (3, 0)
51 : (0, 3)
60 : (1, 4)
61 : (4, 1)
62 : (1, 1)
63 : (1, 1)
72 : (0, 3)
73 : (3, 0)
74 : (1, 3)
75 : (3, 1)
80 : (1, 1)
81 : (1, 1)
82 : (1, 2)
83 : (2, 1)
88 : (5, 1)
89 : (1, 5)
92 : (2, 1)
93 : (1, 2)
94 : (0, 5)
95 : (5, 0)
96 : (4, 2)
97 : (2, 4)
98 : (4, 2)
99 : (2, 4)
   	          entropy          	                  diff                 	       kills       
   	---------------------------	---------------------------------------	-------------------
gen	min	avg     	max	min     	avg     	max    	min	avg 	max
0  	0  	0.164668	2  	0.688062	1.09166 	1.55651	0  	2.52	11 
1  	0  	0.405768	2  	0.858927	1.19796 	1.83747	0  	3.54	11 
2  	0  	0.888401	2  	0.883016	1.15585 	1.83747	0  	5.2 	11 
3  	0  	1.14623 	2  	0.580121	1.10308 	1.83747	1  	6.62	20 
4  	0  	1.68282 	2  	0.580121	0.989497	1.33826	0  	6.78	16 
5  	0  	1.53539 	2  	0.36396 	0.93622 	1.35449	0  	6.6 	14 
6  	0  	1.64857 	2  	0.356567	0.985635	1.44171	0  	5.8 	15 
7  	0  	1.55177 	2  	0.464266	1.09616 	1.356  	1  	5.08	12 
8  	0  	1.2693  	2  	0.580121	1.14138 	1.36082	0  	3.94	12 
9  	0  	1.41804 	2  	0.809518	1.19094 	1.36082	0  	3.74	14 
10 	0  	1.61704 	2  	0.910651	1.23291 	1.47941	1  	3.68	14 
11 	0  	1.38432 	2  	0.496926	1.24596 	1.35877	0  	3.66	11 
12 	0  	1.29877 	2  	0.496926	1.25188 	1.38372	0  	3.78	10 
13 	0  	1.56124 	2  	1.09185 	1.28675 	1.37522	2  	4.44	9  
14 	0  	1.34289 	2  	1.20583 	1.29849 	1.41383	0  	3.94	10 
15 	0  	1.57977 	2  	1.24532 	1.304   	1.41383	0  	4.78	10 
16 	0  	1.4469  	2  	1.25535 	1.30904 	1.3639 	0  	4.86	10 
17 	0  	1.09802 	2  	1.18603 	1.31255 	1.39104	0  	4.6 	10 
18 	0  	1.47412 	2  	1.18603 	1.30673 	1.40484	1  	4.32	10 
19 	0  	1.4224  	2  	1.22562 	1.30532 	1.38791	1  	3.74	6  