Gen : 0
0 : (1, 39, 0.2644, 22.0346, 1.0)
1 : (39, 1, 0.0, 343.0308, 31.0)
2 : (3, 11, 1.1151, 60.2336, 1.0)
3 : (11, 3, 0.0, 206.8873, 2.5)
4 : (5, 35, 1.0909, 47.6625, 1.0)
5 : (35, 5, 0.0, 284.0344, 5.2)
6 : (2, 39, 0.9636, 24.4788, 1.0)
7 : (38, 2, 0.0, 390.183, 18.0)
8 : (3, 37, 2.2334, 83.1537, 1.0)
9 : (37, 3, 0.0, 336.8604, 8.3333)
10 : (1, 39, 2.1281, 66.4237, 1.0)
11 : (39, 1, 0.0, 371.173, 37.0)
12 : (9, 31, 0.9153, 42.7322, 1.2857)
13 : (31, 9, 0.0, 419.4967, 4.8333)
14 : (3, 37, 2.2604, 65.898, 1.0)
15 : (37, 3, 0.0, 367.3853, 8.0)
16 : (3, 24, 1.5595, 80.3192, 1.0)
17 : (24, 3, 0.0, 269.8219, 7.3333)
18 : (1, 39, 1.35, 49.8477, 1.0)
19 : (39, 1, 0.0, 365.3265, 0.0)
20 : (1, 27, 1.8874, 81.551, 1.0)
21 : (27, 1, 0.0, 436.0361, 22.0)
22 : (0, 40, 0.0, 0.0, 0.0)
23 : (40, 0, 0.0, 432.2798, 0.0)
24 : (3, 37, 0.8039, 41.64, 1.5)
25 : (37, 3, 0.0, 317.3703, 8.0)
26 : (1, 27, 0.7375, 32.6189, 1.0)
27 : (27, 1, 0.0048, 355.8526, 9.0)
28 : (2, 38, 0.466, 60.9973, 1.0)
29 : (38, 2, 0.0, 383.8123, 6.0)
30 : (3, 37, 1.4642, 42.8473, 1.5)
31 : (37, 3, 0.0, 399.0192, 16.0)
32 : (2, 26, 0.0, 25.8324, 1.0)
33 : (26, 2, 0.0, 328.6855, 4.0)
34 : (4, 36, 1.2816, 80.7092, 1.3333)
35 : (36, 4, 0.0, 315.4741, 11.3333)
36 : (5, 14, 1.3719, 67.1835, 2.0)
37 : (11, 5, 0.0, 135.7797, 3.6667)
38 : (2, 11, 0.8872, 54.0598, 2.0)
39 : (11, 2, 0.0, 258.2394, 8.0)
40 : (2, 38, 2.1006, 44.8816, 1.0)
41 : (38, 2, 0.0, 333.6261, 4.0)
42 : (6, 34, 1.2951, 62.7571, 1.5)
43 : (34, 7, 0.0, 303.113, 5.2)
44 : (2, 38, 1.8931, 60.5395, 1.0)
45 : (38, 2, 0.0, 344.2827, 7.5)
46 : (1, 39, 0.557, 11.3225, 1.0)
47 : (39, 1, 0.0, 341.7357, 0.0)
48 : (1, 39, 0.639, 51.5569, 1.0)
49 : (39, 1, 0.0, 347.152, 34.0)
50 : (2, 38, 0.0, 10.7833, 1.0)
51 : (38, 2, 0.0, 382.2662, 18.5)
52 : (0, 12, 0.0, 0.0, 0.0)
53 : (12, 0, 0.0, 180.9441, 0.0)
54 : (2, 38, 0.9901, 22.1768, 1.0)
55 : (38, 3, 0.0, 138.664, 3.0)
56 : (3, 39, 1.7273, 113.4516, 1.0)
57 : (37, 5, 0.0, 266.1994, 9.25)
58 : (3, 40, 1.8685, 106.8399, 1.5)
59 : (37, 5, 0.0, 313.4373, 9.6667)
60 : (1, 19, 1.9663, 121.9076, 1.0)
61 : (18, 1, 0.0, 288.9222, 14.0)
62 : (4, 35, 1.0108, 74.1703, 2.0)
63 : (34, 4, 0.0, 336.8004, 4.5)
64 : (5, 19, 1.4208, 36.7368, 1.0)
65 : (19, 5, 0.0, 182.6032, 3.4)
66 : (5, 35, 2.2729, 116.7685, 1.0)
67 : (35, 5, 0.0, 381.4044, 6.6)
68 : (1, 3, 1.3584, 27.2376, 1.0)
69 : (3, 1, 0.0, 478.484, 0.0)
70 : (1, 14, 1.6016, 48.3382, 1.0)
71 : (14, 1, 0.0, 408.0045, 0.0)
72 : (6, 34, 1.9704, 58.141, 1.0)
73 : (34, 6, 0.0036, 193.1187, 6.4)
74 : (2, 38, 1.6914, 37.4029, 1.0)
75 : (38, 2, 0.0, 414.9028, 8.5)
76 : (6, 34, 2.006, 69.9696, 1.2)
77 : (34, 7, 0.0, 335.7932, 5.2)
78 : (0, 40, 2.1764, 123.95, 0.0)
79 : (40, 0, 0.0, 378.8135, 0.0)
80 : (4, 36, 0.877, 48.894, 1.0)
81 : (36, 4, 0.0, 153.6547, 7.5)
82 : (4, 36, 1.0771, 56.127, 1.0)
83 : (36, 4, 0.0, 360.1106, 10.0)
84 : (6, 34, 1.3956, 63.5334, 1.5)
85 : (34, 6, 0.0, 258.3763, 8.25)
86 : (10, 30, 0.6959, 70.0542, 1.4286)
87 : (30, 11, 0.0, 297.5038, 3.5)
88 : (8, 32, 0.0, 180.1755, 1.0)
89 : (32, 9, 0.0, 405.5864, 3.375)
90 : (4, 31, 0.6068, 22.7717, 1.0)
91 : (31, 4, 0.0, 295.5395, 7.0)
92 : (5, 16, 1.0673, 63.862, 1.25)
93 : (16, 6, 0.0, 269.344, 3.0)
94 : (10, 31, 1.049, 40.8598, 1.125)
95 : (30, 11, 0.0034, 317.9471, 3.0)
96 : (1, 39, 1.9102, 107.6131, 1.0)
97 : (39, 1, 0.0, 335.6628, 9.0)
98 : (2, 22, 1.0513, 87.0587, 1.0)
99 : (22, 2, 0.0, 336.3308, 16.0)
100 : (10, 30, 0.9793, 51.4599, 1.8)
101 : (30, 10, 0.0, 324.8658, 5.0)
102 : (3, 37, 0.4298, 31.4497, 1.0)
103 : (37, 3, 0.0, 357.8401, 10.6667)
104 : (0, 2, 0.0, 0.0, 0.0)
105 : (2, 0, 0.0, 462.4652, 0.0)
106 : (3, 37, 0.6882, 48.8941, 1.0)
107 : (37, 3, 0.0, 221.7672, 8.3333)
108 : (2, 11, 2.4121, 82.793, 1.0)
109 : (11, 2, 0.0, 216.4269, 4.5)
110 : (6, 25, 0.3215, 24.1782, 1.3333)
111 : (25, 7, 0.0, 331.1602, 5.0)
112 : (5, 35, 0.6131, 55.6115, 1.0)
113 : (35, 5, 0.0, 393.3916, 11.6667)
114 : (4, 23, 1.4325, 34.2664, 1.3333)
115 : (23, 4, 0.0, 382.345, 6.6667)
116 : (1, 39, 0.0, 35.6339, 1.0)
117 : (39, 1, 0.0, 379.3343, 20.0)
118 : (8, 32, 1.1375, 51.3298, 1.3333)
119 : (32, 8, 0.0, 307.1986, 4.6667)
120 : (4, 38, 1.3004, 94.0245, 1.0)
121 : (36, 4, 0.0, 362.7878, 7.5)
122 : (4, 27, 1.8664, 63.352, 2.0)
123 : (27, 4, 0.0, 310.1232, 11.5)
124 : (5, 35, 1.6775, 128.9911, 1.0)
125 : (35, 5, 0.0, 390.3203, 4.4)
126 : (7, 33, 1.2393, 42.5289, 1.4)
127 : (33, 7, 0.0, 254.4942, 5.2)
128 : (3, 17, 1.8287, 92.2777, 1.5)
129 : (15, 3, 0.0073, 201.4446, 7.0)
130 : (10, 30, 1.0099, 54.523, 1.25)
131 : (30, 10, 0.0, 197.4555, 2.75)
132 : (12, 28, 0.7601, 51.9623, 1.3333)
133 : (28, 12, 0.0, 298.9309, 3.375)
134 : (9, 31, 0.0, 334.7332, 1.125)
135 : (31, 9, 0.0, 258.9432, 3.375)
136 : (15, 25, 0.6893, 55.9448, 1.6667)
137 : (25, 15, 0.0, 376.7574, 3.5714)
138 : (2, 2, 1.2958, 80.8962, 0.0)
139 : (2, 2, 0.0, 512.4316, 2.0)
140 : (2, 8, 0.7024, 33.3493, 1.0)
141 : (8, 2, 0.0, 307.0198, 1.0)
142 : (2, 38, 1.2491, 35.9569, 1.0)
143 : (38, 2, 0.0, 284.6775, 9.0)
144 : (8, 32, 1.1666, 57.411, 1.4)
145 : (32, 8, 0.0, 201.3428, 5.3333)
146 : (6, 34, 1.4698, 78.6373, 1.2)
147 : (34, 6, 0.0, 340.4071, 5.2)
148 : (16, 24, 0.6222, 41.0661, 1.5556)
149 : (24, 16, 0.0, 333.6513, 2.6667)
150 : (0, 3, 0.0, 0.0, 0.0)
151 : (3, 0, 0.0, 315.8904, 0.0)
152 : (0, 1, 0.0, 0.0, 0.0)
153 : (1, 0, 0.0, 66.2928, 0.0)
154 : (18, 22, 0.9113, 72.6335, 1.5455)
155 : (22, 18, 0.0, 194.7745, 1.8333)
156 : (5, 35, 1.8029, 64.2896, 1.0)
157 : (35, 5, 0.0221, 218.9895, 8.75)
158 : (7, 17, 1.6412, 95.9428, 1.0)
159 : (17, 7, 0.0, 56.7076, 2.4286)
160 : (7, 33, 0.0, 234.9329, 1.1667)
161 : (33, 7, 0.0, 385.4201, 5.3333)
162 : (13, 27, 0.1293, 45.8993, 2.0)
163 : (27, 13, 0.0, 354.4582, 3.8571)
164 : (17, 23, 0.9137, 50.9439, 1.5455)
165 : (23, 18, 0.0, 280.6634, 1.8182)
166 : (10, 30, 1.0471, 69.1155, 1.5)
167 : (30, 10, 0.0, 325.0329, 4.2857)
168 : (10, 30, 0.7991, 59.432, 1.25)
169 : (30, 10, 0.0, 318.4964, 4.1429)
170 : (4, 37, 0.6067, 30.5181, 1.0)
171 : (36, 4, 0.0, 407.9049, 6.0)
172 : (2, 0, 0.0, 39.1693, 0.0)
173 : (0, 2, 0.0, 0.0, 0.0)
174 : (17, 23, 0.8155, 61.2862, 2.125)
175 : (23, 17, 0.0, 330.4795, 2.8571)
176 : (12, 28, 0.8538, 57.4354, 1.2222)
177 : (28, 12, 0.0, 320.3978, 2.8)
178 : (13, 28, 0.7974, 58.3132, 1.1818)
179 : (27, 13, 0.0, 314.2289, 2.4)
180 : (6, 9, 0.0491, 33.5933, 1.5)
181 : (9, 6, 0.0, 319.3044, 1.75)
182 : (10, 31, 0.972, 56.4845, 1.25)
183 : (30, 10, 0.0, 331.5388, 4.0)
184 : (8, 31, 0.504, 26.3891, 2.0)
185 : (31, 10, 0.0, 286.1067, 7.0)
186 : (0, 1, 0.0, 0.0, 0.0)
187 : (1, 0, 0.0, 211.6714, 0.0)
188 : (13, 27, 0.766, 49.7683, 1.1818)
189 : (27, 13, 0.0, 372.0975, 2.3636)
190 : (12, 28, 0.3111, 40.2794, 1.2)
191 : (28, 14, 0.0, 409.4085, 2.3636)
192 : (4, 10, 0.8483, 42.0817, 1.3333)
193 : (10, 4, 0.0, 351.5482, 1.3333)
194 : (12, 28, 0.8173, 62.619, 1.3333)
195 : (28, 13, 0.0, 333.306, 3.0)
196 : (2, 6, 1.3569, 48.7042, 2.0)
197 : (6, 2, 0.0, 228.068, 3.0)
198 : (11, 29, 1.0691, 52.6465, 1.375)
199 : (29, 11, 0.0, 375.7119, 4.0)
200 : (4, 38, 1.323, 246.8758, 1.0)
201 : (28, 11, 0.0, 239.6523, 3.375)
202 : (0, 40, 1.3454, 163.5477, 0.0)
203 : (40, 2, 0.0, 436.4077, 10.0)
204 : (0, 40, 1.0396, 168.2291, 0.0)
205 : (40, 3, 0.0, 334.5194, 11.6667)
206 : (1, 39, 1.3538, 183.041, 1.0)
207 : (39, 3, 0.0, 331.8603, 10.3333)
208 : (0, 20, 2.4285, 266.8087, 0.0)
209 : (20, 3, 0.0, 256.73, 9.5)
210 : (0, 40, 0.9945, 263.0944, 0.0)
211 : (40, 2, 0.0, 341.7059, 27.0)
212 : (0, 40, 0.2656, 110.029, 0.0)
213 : (40, 1, 0.0, 373.6584, 17.0)
214 : (7, 38, 0.1878, 262.8866, 1.1667)
215 : (33, 7, 0.0, 354.4875, 4.0)
216 : (0, 20, 0.9273, 186.8123, 0.0)
217 : (16, 1, 0.0, 351.8415, 2.0)
218 : (0, 36, 0.862, 323.8354, 0.0)
219 : (36, 2, 0.0, 384.1783, 13.5)
220 : (1, 39, 0.9637, 159.0876, 1.0)
221 : (39, 4, 0.0, 377.0895, 9.25)
222 : (0, 0, 0.0, 0.0, 0.0)
223 : (0, 0, 0.0, 857.3246, 0.0)
224 : (0, 40, 1.4806, 275.0879, 0.0)
225 : (40, 5, 0.0, 412.2421, 7.6)
226 : (0, 37, 1.1578, 223.8595, 0.0)
227 : (36, 10, 0.0, 339.512, 4.0)
228 : (0, 25, 0.734, 158.1342, 0.0)
229 : (25, 5, 0.0, 403.559, 2.0)
230 : (0, 40, 1.4648, 290.8097, 0.0)
231 : (40, 2, 0.0014, 471.1815, 12.5)
232 : (0, 17, 0.75, 194.4478, 0.0)
233 : (11, 0, 0.0085, 529.5159, 0.0)
234 : (0, 40, 3.1412, 213.1687, 0.0)
235 : (40, 0, 0.0, 412.0973, 0.0)
236 : (0, 40, 2.8578, 185.3842, 0.0)
237 : (40, 0, 0.0, 416.5123, 0.0)
238 : (1, 29, 0.8581, 114.9005, 0.0)
239 : (27, 1, 0.0, 372.4839, 27.0)
240 : (2, 3, 0.3906, 133.9029, 1.0)
241 : (3, 3, 0.0, 242.7866, 1.5)
242 : (3, 37, 1.1598, 125.1382, 1.0)
243 : (31, 3, 0.0, 297.5435, 7.3333)
244 : (6, 37, 1.1894, 197.9165, 1.0)
245 : (25, 9, 0.0032, 362.2095, 4.0)
246 : (4, 54, 1.1276, 205.6377, 1.0)
247 : (36, 7, 0.0, 346.1209, 3.8571)
248 : (4, 26, 0.9781, 188.0109, 1.3333)
249 : (24, 9, 0.0, 382.1256, 3.2857)
250 : (4, 48, 0.6682, 152.4275, 1.0)
251 : (36, 6, 0.0, 354.6834, 6.0)
252 : (7, 33, 0.7485, 127.4324, 1.75)
253 : (33, 7, 0.0, 403.6544, 6.0)
254 : (10, 47, 0.7531, 154.8535, 1.1111)
255 : (30, 11, 0.0, 537.2837, 3.7143)
256 : (6, 34, 1.5198, 208.7193, 1.5)
257 : (34, 6, 0.0, 455.2278, 5.75)
258 : (4, 43, 1.2673, 117.9684, 1.0)
259 : (36, 5, 0.0, 317.5405, 8.75)
260 : (5, 40, 0.1719, 234.8556, 1.0)
261 : (35, 5, 0.0, 404.5368, 6.75)
262 : (4, 38, 0.3395, 353.9872, 1.0)
263 : (36, 4, 0.0, 444.2174, 8.0)
264 : (4, 36, 0.3289, 107.6204, 1.0)
265 : (36, 8, 0.0, 324.9429, 5.0)
266 : (2, 38, 0.6319, 151.0991, 1.0)
267 : (38, 7, 0.0, 254.9492, 2.7143)
268 : (4, 39, 0.52, 192.5122, 1.3333)
269 : (36, 4, 0.0, 367.4482, 9.6667)
270 : (0, 2, 1.552, 177.2761, 0.0)
271 : (2, 0, 0.0, 281.0018, 0.0)
272 : (20, 21, 0.4972, 213.6524, 1.9)
273 : (20, 20, 0.0, 352.3561, 2.0)
274 : (6, 39, 1.0463, 214.8492, 1.5)
275 : (34, 6, 0.0, 404.1715, 2.5)
276 : (1, 40, 0.5053, 206.4696, 1.0)
277 : (39, 4, 0.0, 410.3134, 10.3333)
278 : (2, 39, 0.1824, 131.0591, 1.0)
279 : (38, 5, 0.0, 402.9616, 6.2)
280 : (8, 37, 0.7093, 84.7714, 1.4)
281 : (32, 8, 0.0, 369.0819, 5.3333)
282 : (0, 0, 0.3203, 112.1419, 0.0)
283 : (0, 0, 0.0, 0.0, 0.0)
284 : (5, 51, 0.8902, 176.0616, 1.0)
285 : (35, 7, 0.0, 383.799, 5.2)
286 : (1, 15, 1.5809, 245.4292, 1.0)
287 : (10, 2, 0.0089, 366.5009, 1.0)
288 : (10, 34, 0.2966, 38.0178, 1.6667)
289 : (30, 10, 0.0547, 399.7318, 14.5)
290 : (2, 42, 0.1289, 312.6517, 1.0)
291 : (38, 3, 0.0, 357.3068, 4.6667)
292 : (1, 39, 0.6324, 66.1955, 1.0)
293 : (39, 1, 0.0172, 304.2632, 31.0)
294 : (0, 8, 0.7995, 185.7385, 0.0)
295 : (8, 0, 0.0, 568.7727, 0.0)
296 : (2, 39, 1.1748, 248.6002, 1.0)
297 : (38, 4, 0.0, 295.9725, 9.25)
298 : (10, 32, 0.2773, 381.631, 1.4286)
299 : (30, 10, 0.0, 442.6593, 3.5714)
300 : (6, 40, 1.0468, 163.8349, 1.0)
301 : (34, 10, 0.0, 393.6715, 3.7778)
302 : (0, 4, 1.1369, 227.0351, 0.0)
303 : (2, 0, 0.0, 371.4077, 0.0)
304 : (10, 28, 0.8977, 160.6388, 1.5)
305 : (28, 10, 0.0, 384.75, 4.0)
306 : (2, 38, 1.3516, 416.2952, 1.0)
307 : (38, 2, 0.0, 511.6996, 8.0)
308 : (10, 30, 0.5635, 118.7021, 2.5)
309 : (30, 10, 0.0, 340.336, 7.25)
310 : (9, 40, 0.6752, 92.6586, 1.125)
311 : (29, 11, 0.0, 360.7964, 3.8571)
312 : (22, 34, 0.5925, 89.9689, 1.4)
313 : (18, 24, 0.0, 370.3371, 1.8)
314 : (1, 23, 1.4441, 229.5366, 1.0)
315 : (22, 2, 0.0, 418.2659, 7.0)
316 : (8, 32, 0.4711, 105.856, 1.6)
317 : (32, 8, 0.0, 437.1669, 5.6)
318 : (12, 13, 0.7707, 157.8766, 1.7143)
319 : (7, 12, 0.0, 451.2601, 1.25)
320 : (7, 34, 0.251, 322.1021, 1.0)
321 : (33, 7, 0.0, 472.1494, 4.7143)
322 : (5, 15, 0.5388, 70.4542, 1.0)
323 : (15, 5, 0.0, 391.8842, 5.0)
324 : (6, 34, 0.0, 247.8724, 1.0)
325 : (34, 6, 0.0, 387.4643, 6.0)
326 : (11, 29, 0.2119, 344.4424, 1.8333)
327 : (29, 11, 0.0, 431.1073, 4.1667)
328 : (9, 31, 0.275, 421.9126, 1.2857)
329 : (31, 9, 0.0, 362.41, 3.5714)
330 : (8, 18, 0.3065, 432.4239, 1.2)
331 : (18, 8, 0.0, 329.5309, 3.6)
332 : (13, 28, 0.4254, 204.4185, 1.625)
333 : (27, 13, 0.0, 428.4373, 3.25)
334 : (1, 2, 0.0, 6.1756, 1.0)
335 : (2, 1, 0.0, 244.2103, 1.0)
336 : (10, 34, 0.4726, 188.6966, 1.25)
337 : (30, 11, 0.0, 438.0148, 3.2857)
338 : (16, 26, 0.0, 290.9505, 1.5)
339 : (24, 16, 0.0242, 286.7009, 2.6667)
340 : (11, 36, 0.4816, 317.4712, 1.0)
341 : (28, 12, 0.0, 360.3431, 2.2)
342 : (7, 36, 0.7087, 161.4817, 1.5)
343 : (33, 7, 0.0, 391.1055, 6.6)
344 : (17, 25, 0.5469, 123.9512, 1.5455)
345 : (23, 22, 0.0, 187.0213, 1.5714)
346 : (4, 41, 1.0368, 138.1808, 1.0)
347 : (36, 4, 0.0, 396.9624, 4.0)
348 : (12, 28, 0.1546, 134.276, 1.3333)
349 : (28, 12, 0.0, 336.7353, 3.0)
350 : (9, 31, 0.3127, 352.4647, 1.2857)
351 : (31, 13, 0.0, 329.1927, 2.6364)
352 : (1, 7, 0.1465, 109.6991, 1.0)
353 : (7, 1, 0.0, 186.8645, 2.0)
354 : (2, 25, 1.1845, 180.2631, 1.0)
355 : (24, 3, 0.0, 403.4162, 3.0)
356 : (16, 28, 0.0749, 266.5847, 1.75)
357 : (24, 17, 0.0, 350.265, 2.6667)
358 : (9, 12, 0.7186, 214.2385, 1.8)
359 : (10, 9, 0.0, 109.8184, 2.5)
360 : (6, 24, 0.8449, 139.9536, 1.2)
361 : (24, 6, 0.0, 326.4862, 4.25)
362 : (1, 8, 0.7109, 124.922, 1.0)
363 : (8, 1, 0.0, 316.3763, 4.0)
364 : (2, 24, 0.7291, 193.7037, 1.0)
365 : (20, 2, 0.0, 440.3127, 11.0)
366 : (17, 26, 0.0208, 326.5821, 1.7778)
367 : (23, 17, 0.0, 311.999, 2.875)
368 : (9, 31, 0.7854, 281.0246, 2.3333)
369 : (31, 9, 0.0, 498.3646, 7.75)
370 : (9, 32, 0.6929, 268.2638, 1.5)
371 : (31, 9, 0.0, 477.3196, 4.3333)
372 : (19, 21, 0.0, 423.0478, 2.5714)
373 : (21, 19, 0.0185, 349.0099, 3.0)
374 : (11, 29, 0.3698, 188.6474, 1.375)
375 : (29, 12, 0.0, 423.2708, 3.25)
376 : (16, 24, 0.2547, 157.9545, 1.4444)
377 : (24, 20, 0.0106, 423.7085, 2.1818)
378 : (7, 33, 0.7228, 131.1535, 1.1667)
379 : (33, 7, 0.0, 334.6421, 5.6)
380 : (16, 25, 0.1308, 132.147, 2.0)
381 : (24, 18, 0.0027, 366.7434, 2.3)
382 : (12, 28, 0.3467, 106.4994, 1.3333)
383 : (28, 15, 0.0, 370.0156, 2.4545)
384 : (18, 25, 0.0226, 306.479, 1.4167)
385 : (22, 18, 0.0, 283.2559, 2.0)
386 : (10, 27, 0.3495, 88.8283, 1.2857)
387 : (26, 10, 0.0, 417.9012, 3.25)
388 : (11, 25, 0.5893, 198.0465, 1.8333)
389 : (24, 11, 0.0, 145.3924, 3.5)
390 : (13, 22, 0.8265, 200.8075, 1.8571)
391 : (21, 13, 0.0, 158.6983, 2.5)
392 : (14, 26, 0.0, 422.4544, 1.5556)
393 : (26, 14, 0.0, 415.004, 2.2222)
394 : (6, 34, 0.0824, 315.8224, 2.0)
395 : (34, 7, 0.0, 491.5541, 10.6667)
396 : (9, 31, 0.3717, 192.483, 1.5)
397 : (31, 9, 0.0, 430.2268, 4.8333)
398 : (11, 29, 0.2142, 184.1699, 1.8333)
399 : (29, 11, 0.0, 438.3408, 3.8333)
400 : (4, 42, 0.8298, 255.194, 1.3333)
401 : (36, 4, 0.0, 218.8981, 10.3333)
402 : (3, 34, 1.7639, 357.8809, 1.5)
403 : (30, 3, 0.0, 275.1729, 14.5)
404 : (0, 13, 1.8411, 548.1434, 0.0)
405 : (13, 0, 0.0, 203.4902, 0.0)
406 : (3, 28, 1.0228, 279.887, 1.0)
407 : (28, 3, 0.0, 192.002, 7.0)
408 : (1, 40, 1.4096, 323.6755, 1.0)
409 : (39, 1, 0.004, 569.1665, 20.0)
410 : (0, 40, 2.8008, 534.5267, 0.0)
411 : (40, 0, 0.0215, 453.7633, 0.0)
412 : (1, 40, 0.2566, 134.4087, 1.0)
413 : (39, 1, 0.0, 357.3324, 12.0)
414 : (1, 39, 1.4658, 388.6073, 1.0)
415 : (39, 1, 0.0188, 413.6534, 2.0)
416 : (1, 41, 1.0332, 290.3384, 1.0)
417 : (39, 3, 0.0, 433.38, 12.0)
418 : (2, 38, 1.6029, 373.2166, 1.0)
419 : (38, 2, 0.0172, 505.715, 14.0)
420 : (0, 2, 0.0, 0.0, 0.0)
421 : (2, 0, 0.0, 342.54, 0.0)
422 : (4, 42, 1.2442, 285.9571, 1.3333)
423 : (36, 4, 0.0237, 413.572, 9.0)
424 : (1, 42, 1.3197, 295.4894, 1.0)
425 : (39, 1, 0.0297, 432.0985, 25.0)
426 : (1, 39, 0.0, 2.6558, 1.0)
427 : (39, 1, 0.0037, 434.2325, 33.0)
428 : (0, 40, 0.7842, 298.2354, 0.0)
429 : (40, 0, 0.0228, 524.0895, 0.0)
430 : (0, 40, 0.0, 0.0, 0.0)
431 : (40, 0, 0.0229, 535.9019, 0.0)
432 : (0, 42, 2.0495, 363.4908, 0.0)
433 : (40, 1, 0.0108, 511.5106, 14.0)
434 : (1, 45, 0.7085, 197.7256, 1.0)
435 : (39, 1, 0.0675, 543.8145, 30.0)
436 : (5, 35, 0.1369, 176.4742, 1.25)
437 : (35, 6, 0.0444, 456.6976, 6.6)
438 : (5, 42, 1.1543, 318.5101, 1.0)
439 : (35, 5, 0.0034, 339.4066, 5.6)
440 : (2, 38, 0.9609, 352.9015, 1.0)
441 : (38, 2, 0.0, 495.7449, 19.0)
442 : (3, 27, 1.1931, 293.5838, 1.5)
443 : (26, 3, 0.0186, 385.0437, 3.5)
444 : (1, 39, 0.3984, 237.4495, 1.0)
445 : (39, 1, 0.0221, 552.0129, 29.0)
446 : (2, 39, 0.8993, 244.0461, 1.0)
447 : (38, 2, 0.0, 408.2344, 12.5)
448 : (0, 41, 1.4063, 327.3554, 0.0)
449 : (40, 0, 0.0, 508.733, 0.0)
450 : (4, 41, 0.4942, 194.4536, 1.0)
451 : (36, 5, 0.0, 375.8558, 5.6)
452 : (4, 46, 0.4952, 205.425, 1.3333)
453 : (36, 4, 0.0, 270.4601, 11.3333)
454 : (1, 39, 1.6953, 403.4743, 1.0)
455 : (39, 1, 0.0031, 614.567, 30.0)
456 : (0, 40, 0.0, 0.0, 0.0)
457 : (40, 0, 0.0152, 559.8336, 0.0)
458 : (1, 39, 2.1641, 671.4296, 1.0)
459 : (39, 1, 0.0, 511.0262, 15.0)
460 : (1, 39, 0.1641, 140.5899, 1.0)
461 : (39, 2, 0.0, 522.6841, 9.0)
462 : (6, 42, 0.8579, 226.3661, 1.2)
463 : (34, 6, 0.0, 466.5919, 5.6)
464 : (4, 42, 0.4763, 146.1073, 1.0)
465 : (36, 7, 0.0027, 481.5272, 7.0)
466 : (4, 31, 0.2495, 113.6705, 1.0)
467 : (27, 5, 0.0, 549.6678, 4.6)
468 : (4, 42, 1.0909, 287.5651, 2.0)
469 : (36, 6, 0.0, 256.7353, 6.75)
470 : (1, 6, 0.7843, 259.2611, 1.0)
471 : (5, 1, 0.0, 205.7295, 1.0)
472 : (7, 35, 0.6361, 238.0904, 1.4)
473 : (33, 8, 0.004, 460.8985, 6.0)
474 : (0, 43, 1.4674, 342.0992, 0.0)
475 : (40, 0, 0.0383, 570.3842, 0.0)
476 : (13, 32, 0.5343, 308.6799, 1.3)
477 : (27, 14, 0.0, 450.8057, 2.6)
478 : (0, 40, 1.1927, 297.4858, 0.0)
479 : (40, 2, 0.0103, 503.671, 9.5)
480 : (1, 39, 0.0, 2.2268, 1.0)
481 : (39, 1, 0.0307, 593.8926, 1.0)
482 : (5, 36, 0.1541, 81.7194, 1.0)
483 : (35, 5, 0.0489, 525.8198, 6.6)
484 : (1, 39, 0.332, 235.7284, 1.0)
485 : (39, 1, 0.015, 499.1853, 0.0)
486 : (1, 25, 0.4742, 225.9867, 1.0)
487 : (24, 2, 0.0, 489.1907, 5.0)
488 : (7, 33, 0.5024, 164.8491, 1.2)
489 : (33, 7, 0.0078, 435.969, 5.5)
490 : (3, 37, 0.3688, 207.3468, 1.5)
491 : (37, 4, 0.0, 496.1436, 16.5)
492 : (2, 40, 1.7995, 296.0552, 1.0)
493 : (38, 2, 0.0, 632.866, 19.0)
494 : (3, 42, 0.8994, 188.9792, 1.0)
495 : (37, 4, 0.0, 471.4169, 6.0)
496 : (6, 41, 1.0533, 202.848, 1.2)
497 : (34, 7, 0.0112, 301.4922, 5.5)
498 : (1, 9, 1.9015, 369.3143, 1.0)
499 : (6, 3, 0.0, 191.6736, 2.5)
500 : (3, 43, 0.992, 221.6635, 1.0)
501 : (37, 3, 0.0125, 395.8291, 10.6667)
502 : (1, 39, 0.3984, 9.3954, 1.0)
503 : (39, 1, 0.0, 517.0873, 9.0)
504 : (6, 17, 1.2419, 294.6029, 1.2)
505 : (17, 7, 0.0091, 278.281, 1.6)
506 : (5, 30, 0.6667, 222.7482, 1.6667)
507 : (30, 6, 0.0049, 238.7014, 6.5)
508 : (1, 1, 0.2969, 201.9187, 0.0)
509 : (1, 1, 0.0, 146.9678, 1.0)
510 : (2, 38, 1.5993, 405.5479, 2.0)
511 : (38, 2, 0.0313, 319.3085, 16.0)
512 : (3, 42, 1.5086, 327.4726, 1.0)
513 : (37, 3, 0.0034, 463.1802, 14.5)
514 : (8, 32, 0.9838, 254.438, 1.1429)
515 : (32, 8, 0.0504, 441.5255, 2.7143)
516 : (3, 38, 0.6699, 168.1339, 1.0)
517 : (37, 3, 0.0112, 566.1976, 11.5)
518 : (3, 38, 0.587, 193.7458, 1.0)
519 : (37, 4, 0.0072, 484.1734, 7.6667)
520 : (0, 40, 0.0, 0.0, 0.0)
521 : (40, 0, 0.0029, 623.9686, 0.0)
522 : (7, 49, 1.1317, 300.2332, 1.1667)
523 : (33, 7, 0.0318, 397.1823, 7.5)
524 : (7, 50, 1.4817, 121.9688, 1.0)
525 : (33, 7, 0.014, 340.5644, 5.3333)
526 : (8, 50, 1.2566, 213.2017, 1.0)
527 : (32, 9, 0.0, 474.619, 6.4)
528 : (4, 46, 1.0503, 210.9487, 1.3333)
529 : (36, 5, 0.017, 468.0673, 11.6667)
530 : (4, 35, 1.0977, 175.0722, 1.0)
531 : (26, 4, 0.0, 424.7134, 6.0)
532 : (5, 35, 0.7907, 234.0934, 1.0)
533 : (35, 6, 0.0, 500.4603, 3.8333)
534 : (4, 36, 0.109, 150.646, 2.0)
535 : (36, 4, 0.0, 470.9659, 6.5)
536 : (3, 38, 0.2201, 171.5527, 1.0)
537 : (37, 3, 0.0029, 475.2036, 18.5)
538 : (6, 31, 0.2825, 203.3096, 1.5)
539 : (31, 6, 0.0076, 434.2112, 5.3333)
540 : (3, 37, 0.6275, 179.523, 1.0)
541 : (37, 3, 0.0, 235.4628, 6.0)
542 : (2, 39, 0.0, 48.4811, 1.0)
543 : (38, 2, 0.0, 468.8767, 8.0)
544 : (5, 18, 0.2844, 139.9772, 1.25)
545 : (18, 6, 0.0, 383.0262, 4.25)
546 : (15, 25, 0.2426, 112.047, 2.0)
547 : (25, 15, 0.0, 229.8987, 3.125)
548 : (5, 19, 0.8773, 160.1805, 1.0)
549 : (19, 5, 0.0, 255.0256, 3.0)
550 : (5, 39, 0.769, 230.8354, 1.3333)
551 : (35, 5, 0.0566, 439.7967, 8.75)
552 : (6, 41, 1.0599, 238.3373, 1.25)
553 : (34, 6, 0.0, 381.0295, 6.8)
554 : (5, 40, 0.9924, 239.248, 1.0)
555 : (35, 5, 0.0, 371.6215, 6.4)
556 : (3, 37, 0.9922, 304.1324, 1.0)
557 : (37, 3, 0.0213, 486.5607, 8.0)
558 : (5, 12, 0.4632, 163.1789, 1.6667)
559 : (12, 8, 0.044, 347.8183, 2.4)
560 : (1, 26, 0.0, 143.6708, 1.0)
561 : (26, 1, 0.0455, 483.7528, 9.0)
562 : (5, 27, 0.6454, 169.3604, 1.0)
563 : (27, 5, 0.0, 231.1804, 5.4)
564 : (1, 21, 0.8359, 210.7415, 1.0)
565 : (21, 1, 0.0, 307.7578, 17.0)
566 : (3, 41, 0.4794, 147.6643, 1.0)
567 : (37, 3, 0.0077, 386.5926, 8.3333)
568 : (20, 20, 0.4494, 279.6744, 2.0)
569 : (20, 20, 0.0373, 518.8341, 1.7)
570 : (25, 15, 0.4243, 279.6386, 2.875)
571 : (15, 27, 0.0, 222.6971, 1.6667)
572 : (34, 6, 0.3934, 278.3464, 7.75)
573 : (6, 34, 0.0, 239.4889, 1.2)
574 : (6, 34, 0.3849, 220.6725, 1.2)
575 : (34, 6, 0.0496, 545.3798, 6.5)
576 : (13, 27, 0.2702, 165.0175, 2.1667)
577 : (27, 13, 0.0089, 467.8068, 4.1667)
578 : (6, 15, 0.8211, 164.2542, 1.2)
579 : (11, 6, 0.0, 284.0659, 1.75)
580 : (13, 20, 0.4678, 199.509, 2.0)
581 : (20, 15, 0.0, 419.9858, 2.5)
582 : (10, 30, 0.6131, 148.6996, 1.4286)
583 : (30, 10, 0.0243, 328.0084, 4.1429)
584 : (0, 15, 0.0, 0.0, 0.0)
585 : (15, 0, 0.0583, 542.8396, 0.0)
586 : (9, 38, 0.8189, 269.4569, 1.3333)
587 : (31, 9, 0.0, 275.7227, 4.4286)
588 : (20, 20, 0.4426, 135.3017, 2.2222)
589 : (20, 20, 0.0, 307.3416, 1.8889)
590 : (11, 29, 0.5803, 148.6949, 2.75)
591 : (29, 11, 0.0, 314.4923, 4.75)
592 : (15, 25, 0.5903, 173.6159, 1.3636)
593 : (25, 15, 0.0, 294.6023, 2.3)
594 : (16, 24, 0.2848, 241.5168, 1.5556)
595 : (24, 16, 0.0159, 478.6409, 2.4)
596 : (16, 12, 0.4579, 261.0725, 2.0)
597 : (12, 16, 0.0, 326.9002, 1.5714)
598 : (15, 9, 0.3242, 223.1469, 3.0)
599 : (9, 16, 0.0, 222.1234, 1.4)
600 : (4, 36, 0.0, 35.0139, 1.0)
601 : (36, 4, 0.0035, 216.6782, 7.0)
602 : (1, 5, 0.0, 2.0244, 0.0)
603 : (5, 1, 0.0, 436.2445, 5.0)
604 : (4, 43, 1.2745, 123.9813, 1.0)
605 : (36, 4, 0.0067, 406.7092, 6.5)
606 : (2, 38, 1.6038, 116.8242, 1.0)
607 : (38, 2, 0.0103, 330.1846, 2.5)
608 : (8, 39, 2.6715, 183.8088, 1.4)
609 : (32, 9, 0.0, 339.5544, 5.3333)
610 : (12, 28, 1.0216, 92.9441, 2.4)
611 : (28, 12, 0.0093, 550.7863, 5.75)
612 : (1, 39, 2.8016, 151.8018, 1.0)
613 : (39, 1, 0.0, 330.6521, 31.0)
614 : (5, 35, 0.9837, 114.8418, 1.0)
615 : (35, 5, 0.0, 344.4449, 6.8)
616 : (3, 37, 0.0, 44.7912, 1.5)
617 : (37, 3, 0.027, 501.831, 17.5)
618 : (9, 31, 1.2177, 84.3557, 1.2857)
619 : (31, 10, 0.0476, 499.0392, 3.2857)
620 : (4, 36, 1.0547, 97.5738, 1.3333)
621 : (36, 4, 0.0478, 488.2188, 9.6667)
622 : (0, 40, 0.0, 0.0, 0.0)
623 : (40, 0, 0.058, 501.8867, 0.0)
624 : (6, 33, 2.2294, 114.3828, 1.2)
625 : (28, 8, 0.0, 308.7886, 4.1667)
626 : (9, 25, 1.9854, 70.592, 1.3333)
627 : (25, 9, 0.0, 184.7199, 4.1667)
628 : (6, 36, 1.447, 100.4885, 1.2)
629 : (34, 6, 0.0036, 331.1836, 4.8)
630 : (8, 36, 3.3915, 192.7708, 1.1429)
631 : (32, 8, 0.0, 308.8096, 4.0)
632 : (0, 12, 3.1875, 219.9898, 0.0)
633 : (12, 0, 0.0, 340.9548, 0.0)
634 : (5, 35, 1.5691, 176.4998, 1.0)
635 : (35, 5, 0.0, 340.5212, 4.6)
636 : (15, 27, 1.4901, 90.948, 2.5)
637 : (25, 15, 0.0, 287.287, 5.75)
638 : (9, 31, 2.0005, 85.5856, 1.0)
639 : (31, 9, 0.0, 280.0514, 3.875)
640 : (3, 37, 0.0, 68.6081, 1.0)
641 : (37, 3, 0.0, 307.9216, 11.6667)
642 : (13, 30, 2.0876, 103.3618, 1.4444)
643 : (19, 14, 0.0127, 211.8122, 1.7)
644 : (5, 24, 2.6952, 128.1428, 1.25)
645 : (16, 5, 0.0, 216.6938, 4.6667)
646 : (10, 45, 2.3637, 170.9887, 1.0)
647 : (30, 10, 0.0, 206.2684, 3.3333)
648 : (12, 44, 2.5521, 157.4768, 1.2)
649 : (28, 12, 0.0, 308.4872, 3.0)
650 : (5, 37, 0.1897, 100.8525, 1.25)
651 : (35, 5, 0.0, 222.2722, 8.5)
652 : (4, 36, 0.9651, 149.8739, 4.0)
653 : (36, 4, 0.0076, 317.9657, 17.0)
654 : (3, 37, 1.2474, 162.2089, 1.0)
655 : (37, 3, 0.0042, 259.8447, 11.6667)
656 : (1, 3, 1.9297, 88.4427, 1.0)
657 : (3, 1, 0.0, 155.2445, 1.0)
658 : (3, 37, 2.7674, 162.8809, 1.5)
659 : (37, 3, 0.0037, 344.7309, 9.0)
660 : (3, 37, 2.3628, 128.3375, 1.0)
661 : (37, 3, 0.0, 389.1404, 3.0)
662 : (2, 38, 2.2357, 100.8138, 1.0)
663 : (38, 2, 0.0029, 502.6246, 18.5)
664 : (0, 40, 1.7656, 105.1941, 0.0)
665 : (40, 0, 0.0, 357.6328, 0.0)
666 : (0, 7, 3.3359, 104.2191, 0.0)
667 : (6, 0, 0.0, 339.2271, 0.0)
668 : (7, 33, 1.0806, 100.678, 1.0)
669 : (33, 7, 0.0, 391.2561, 4.1667)
670 : (4, 40, 2.144, 128.5863, 1.3333)
671 : (36, 4, 0.0, 365.5934, 3.3333)
672 : (12, 28, 1.9292, 137.5237, 1.7143)
673 : (28, 12, 0.0, 331.2974, 3.5714)
674 : (11, 32, 1.1522, 57.3517, 1.1)
675 : (29, 11, 0.0, 238.77, 3.0)
676 : (3, 24, 3.4387, 115.3926, 1.0)
677 : (23, 3, 0.0054, 271.1825, 5.6667)
678 : (0, 0, 0.0, 0.0, 0.0)
679 : (0, 0, 0.0, 295.0933, 0.0)
680 : (10, 32, 0.5078, 28.5447, 1.6667)
681 : (30, 10, 0.0491, 425.5717, 5.0)
682 : (4, 36, 0.4283, 73.9817, 1.0)
683 : (36, 4, 0.0, 274.2919, 6.0)
684 : (1, 40, 1.7305, 95.9242, 1.0)
685 : (39, 1, 0.034, 434.5054, 16.0)
686 : (2, 38, 1.2569, 80.2437, 1.0)
687 : (38, 2, 0.0189, 386.7761, 18.0)
688 : (10, 32, 0.8187, 45.708, 1.6667)
689 : (30, 10, 0.027, 432.8501, 3.5)
690 : (6, 34, 1.0459, 111.4257, 1.5)
691 : (34, 7, 0.0, 267.7253, 6.0)
692 : (1, 7, 0.0, 68.3344, 1.0)
693 : (7, 2, 0.0, 326.7734, 1.0)
694 : (3, 37, 0.6836, 44.0443, 1.5)
695 : (37, 3, 0.0367, 353.787, 17.5)
696 : (8, 33, 1.9075, 93.9804, 1.6)
697 : (32, 8, 0.0, 231.3518, 4.25)
698 : (0, 11, 2.1406, 260.2152, 0.0)
699 : (11, 0, 0.0, 400.8964, 0.0)
700 : (6, 42, 2.2754, 101.6281, 1.2)
701 : (34, 7, 0.0, 258.8356, 5.3333)
702 : (11, 32, 3.3524, 148.7161, 1.1)
703 : (29, 11, 0.0, 348.2764, 2.7)
704 : (0, 1, 3.875, 145.1451, 0.0)
705 : (0, 0, 0.0, 0.0, 0.0)
706 : (7, 38, 2.8406, 128.8165, 1.1667)
707 : (29, 7, 0.0, 235.1607, 3.3333)
708 : (10, 34, 3.1192, 138.2301, 1.25)
709 : (30, 10, 0.0, 298.6247, 3.0)
710 : (2, 7, 3.1922, 115.9656, 1.0)
711 : (3, 2, 0.0, 131.019, 1.0)
712 : (9, 15, 0.169, 137.6761, 1.8)
713 : (15, 9, 0.0189, 577.1016, 3.5)
714 : (3, 11, 0.1113, 99.9133, 1.0)
715 : (11, 3, 0.0173, 638.7062, 3.3333)
716 : (13, 27, 0.0933, 96.3086, 2.1667)
717 : (27, 13, 0.0055, 575.4828, 5.2)
718 : (10, 30, 1.9111, 107.726, 1.25)
719 : (30, 11, 0.0, 271.2686, 2.8889)
720 : (10, 30, 1.4411, 103.5221, 1.2857)
721 : (30, 10, 0.0, 290.0638, 3.75)
722 : (10, 30, 1.3174, 58.9428, 1.6667)
723 : (30, 10, 0.0, 330.0093, 5.6)
724 : (16, 25, 1.4355, 99.1779, 2.1429)
725 : (24, 16, 0.0, 167.3694, 3.0)
726 : (7, 33, 3.3133, 130.2941, 1.0)
727 : (33, 7, 0.0, 261.6842, 4.1429)
728 : (5, 44, 2.3485, 108.8381, 1.0)
729 : (35, 5, 0.0, 362.6519, 8.25)
730 : (5, 35, 0.1882, 146.4229, 1.25)
731 : (35, 5, 0.0048, 394.5922, 7.75)
732 : (13, 28, 1.3939, 79.9647, 1.4444)
733 : (27, 13, 0.0, 263.937, 2.8889)
734 : (4, 20, 1.2383, 80.5398, 1.3333)
735 : (20, 4, 0.0, 402.174, 6.0)
736 : (9, 32, 0.6359, 76.5847, 1.2857)
737 : (31, 9, 0.0034, 328.2945, 4.5)
738 : (0, 0, 0.0, 0.0, 0.0)
739 : (0, 0, 0.0, 0.0, 0.0)
740 : (1, 8, 0.6992, 58.5024, 1.0)
741 : (7, 1, 0.0, 188.1041, 3.0)
742 : (10, 22, 0.9849, 72.0137, 1.6667)
743 : (22, 11, 0.0065, 274.6328, 3.5)
744 : (6, 28, 0.7752, 136.9562, 1.25)
745 : (25, 6, 0.0, 390.4066, 5.0)
746 : (12, 29, 1.8213, 122.8249, 1.5714)
747 : (28, 12, 0.0, 171.3827, 4.0)
748 : (4, 36, 1.4278, 107.5328, 1.0)
749 : (34, 4, 0.0, 357.1858, 7.25)
750 : (9, 34, 0.9991, 48.656, 1.5)
751 : (31, 9, 0.0, 327.652, 4.1667)
752 : (7, 33, 1.3116, 77.2341, 1.1667)
753 : (33, 7, 0.0, 237.2073, 5.0)
754 : (17, 23, 0.5833, 82.762, 2.8333)
755 : (23, 17, 0.0, 187.0029, 3.1667)
756 : (10, 30, 0.5449, 79.147, 1.1429)
757 : (30, 10, 0.0072, 305.8136, 4.2857)
758 : (5, 35, 1.0035, 113.2279, 1.25)
759 : (35, 5, 0.0042, 464.9048, 6.75)
760 : (4, 36, 1.0553, 89.8127, 1.3333)
761 : (36, 4, 0.0133, 327.8814, 8.3333)
762 : (12, 9, 0.0, 148.144, 3.3333)
763 : (9, 12, 0.0189, 541.1942, 2.25)
764 : (12, 28, 0.9298, 91.1576, 1.7143)
765 : (28, 12, 0.0294, 448.5321, 3.8571)
766 : (8, 32, 1.094, 65.088, 1.0)
767 : (32, 9, 0.0, 329.1873, 3.1111)
768 : (6, 34, 1.4165, 53.1865, 1.0)
769 : (34, 6, 0.0, 235.1697, 6.4)
770 : (3, 37, 2.1064, 181.2284, 1.0)
771 : (37, 3, 0.0, 290.4568, 18.5)
772 : (3, 37, 3.1301, 185.319, 1.0)
773 : (37, 3, 0.0208, 436.134, 12.3333)
774 : (4, 21, 0.3763, 111.6643, 1.0)
775 : (21, 4, 0.0, 339.1637, 7.0)
776 : (16, 24, 0.1392, 92.4862, 1.3636)
777 : (24, 17, 0.0, 290.191, 2.0)
778 : (18, 18, 0.1825, 62.1985, 1.7778)
779 : (18, 18, 0.0, 335.3147, 1.8)
780 : (8, 33, 0.8377, 51.1293, 1.75)
781 : (32, 8, 0.0093, 394.5138, 6.4)
782 : (17, 23, 0.0, 137.615, 1.0909)
783 : (23, 17, 0.0, 342.5514, 2.0909)
784 : (16, 24, 0.0, 424.4981, 1.3636)
785 : (24, 16, 0.024, 317.7397, 2.0)
786 : (20, 20, 0.0, 473.2093, 2.1111)
787 : (20, 20, 0.0264, 288.3057, 2.2222)
788 : (11, 29, 0.0458, 210.0014, 1.2222)
789 : (29, 11, 0.0046, 445.0006, 3.125)
790 : (18, 22, 0.0068, 118.9367, 1.6)
791 : (22, 18, 0.0068, 401.7316, 2.0)
792 : (15, 25, 0.1607, 127.3089, 1.3636)
793 : (25, 15, 0.0, 340.4723, 2.1818)
794 : (10, 12, 1.0066, 83.4196, 1.6667)
795 : (7, 10, 0.0, 193.2846, 1.4)
796 : (10, 30, 0.6628, 87.3063, 1.5)
797 : (30, 10, 0.0, 331.0703, 5.0)
798 : (14, 14, 0.5237, 75.0006, 2.0)
799 : (14, 14, 0.0, 185.3301, 2.3333)
800 : (2, 39, 1.7697, 106.6907, 1.0)
801 : (38, 10, 0.0086, 370.1441, 5.4286)
802 : (0, 11, 0.0, 0.0, 0.0)
803 : (11, 0, 0.0, 328.5153, 0.0)
804 : (1, 27, 5.369, 125.3241, 1.0)
805 : (27, 2, 0.0, 563.3297, 13.0)
806 : (0, 41, 2.8391, 147.2751, 0.0)
807 : (40, 6, 0.0, 458.0374, 9.75)
808 : (0, 41, 2.6132, 142.7926, 0.0)
809 : (40, 8, 0.0019, 292.5452, 5.1667)
810 : (0, 40, 0.7121, 128.4738, 0.0)
811 : (40, 7, 0.0082, 481.9189, 5.1429)
812 : (0, 41, 1.107, 177.7836, 0.0)
813 : (40, 10, 0.0033, 459.9893, 5.0)
814 : (0, 40, 3.3857, 157.5271, 0.0)
815 : (40, 0, 0.0, 328.0052, 0.0)
816 : (3, 37, 2.2911, 113.2063, 1.0)
817 : (37, 3, 0.0, 348.4319, 11.3333)
818 : (0, 40, 2.0006, 211.9198, 0.0)
819 : (40, 0, 0.0, 363.9606, 0.0)
820 : (1, 40, 2.4437, 202.2635, 1.0)
821 : (39, 1, 0.0, 360.9963, 36.0)
822 : (4, 40, 3.6807, 91.7635, 1.0)
823 : (36, 4, 0.0, 406.5164, 6.25)
824 : (0, 6, 6.1406, 111.7403, 0.0)
825 : (6, 0, 0.0, 450.6449, 0.0)
826 : (1, 40, 3.2615, 92.7921, 1.0)
827 : (39, 1, 0.0044, 424.2982, 33.0)
828 : (0, 1, 0.625, 90.6341, 0.0)
829 : (0, 0, 0.0, 0.0, 0.0)
830 : (1, 39, 3.8192, 136.5927, 1.0)
831 : (39, 1, 0.0, 473.7091, 37.0)
832 : (4, 40, 3.874, 117.7981, 1.0)
833 : (36, 11, 0.0041, 424.8708, 5.0)
834 : (0, 42, 4.0641, 155.6666, 0.0)
835 : (40, 8, 0.0, 374.8485, 5.2857)
836 : (2, 26, 3.442, 102.5906, 1.0)
837 : (22, 2, 0.0, 349.3855, 11.0)
838 : (1, 29, 4.9766, 111.4284, 1.0)
839 : (28, 1, 0.0, 407.8934, 1.0)
840 : (0, 0, 0.0, 0.0, 0.0)
841 : (0, 0, 0.0, 0.0, 0.0)
842 : (0, 2, 0.9964, 170.5428, 0.0)
843 : (0, 0, 0.0, 535.6279, 0.0)
844 : (3, 39, 3.6744, 149.8547, 1.0)
845 : (37, 3, 0.0, 312.6858, 13.5)
846 : (1, 40, 4.2906, 108.3454, 1.0)
847 : (39, 1, 0.0, 503.7801, 37.0)
848 : (1, 27, 4.1723, 126.1668, 1.0)
849 : (27, 1, 0.0, 390.7476, 26.0)
850 : (4, 28, 3.3824, 145.9283, 1.0)
851 : (25, 4, 0.0132, 533.6954, 6.0)
852 : (2, 21, 3.5737, 121.331, 1.0)
853 : (19, 2, 0.0, 326.689, 5.0)
854 : (4, 37, 2.549, 144.2396, 1.3333)
855 : (36, 4, 0.0, 456.9075, 8.6667)
856 : (3, 38, 2.3597, 96.5614, 1.5)
857 : (37, 3, 0.0, 319.9137, 5.5)
858 : (0, 1, 0.0, 0.0, 0.0)
859 : (1, 0, 0.0, 108.5023, 0.0)
860 : (1, 42, 2.3599, 127.2279, 1.0)
861 : (39, 10, 0.0, 268.5832, 5.4286)
862 : (3, 39, 1.5781, 81.1702, 1.5)
863 : (37, 5, 0.0084, 491.0932, 8.6667)
864 : (3, 39, 2.4345, 129.1264, 1.0)
865 : (37, 3, 0.0, 407.7588, 5.0)
866 : (0, 40, 1.0722, 111.5323, 0.0)
867 : (40, 0, 0.0078, 409.2321, 0.0)
868 : (0, 1, 8.6992, 199.0416, 0.0)
869 : (1, 0, 0.0, 88.3455, 0.0)
870 : (2, 38, 3.1867, 138.6868, 1.0)
871 : (38, 2, 0.0, 292.8055, 19.0)
872 : (1, 40, 2.3915, 117.0776, 1.0)
873 : (39, 1, 0.0, 331.8512, 22.0)
874 : (1, 39, 2.4907, 97.3639, 1.0)
875 : (39, 1, 0.0, 318.07, 36.0)
876 : (5, 35, 1.2722, 43.3527, 2.0)
877 : (35, 5, 0.009, 458.4445, 11.6667)
878 : (2, 38, 2.8638, 92.4167, 1.0)
879 : (38, 2, 0.0, 428.1056, 16.5)
880 : (5, 42, 2.6972, 142.0743, 1.25)
881 : (35, 5, 0.0047, 451.2224, 11.0)
882 : (2, 5, 0.2708, 55.7996, 1.0)
883 : (3, 2, 0.0, 103.9349, 0.0)
884 : (0, 25, 2.0833, 100.4889, 0.0)
885 : (24, 0, 0.0, 479.8451, 0.0)
886 : (3, 40, 2.5279, 91.9793, 1.0)
887 : (37, 3, 0.0, 404.2458, 11.0)
888 : (0, 40, 1.6674, 151.2466, 0.0)
889 : (40, 0, 0.0, 362.5623, 0.0)
890 : (3, 37, 1.6021, 106.9749, 1.5)
891 : (37, 3, 0.0, 353.5334, 14.5)
892 : (5, 10, 0.6469, 51.0181, 1.25)
893 : (9, 5, 0.0, 398.4518, 2.3333)
894 : (10, 32, 1.0641, 68.7924, 1.6667)
895 : (30, 10, 0.0, 362.0636, 4.8333)
896 : (6, 18, 1.2475, 91.6033, 1.2)
897 : (17, 6, 0.0, 218.3192, 3.75)
898 : (15, 26, 0.6907, 61.8934, 1.8333)
899 : (25, 15, 0.0, 273.8308, 4.1667)
900 : (12, 30, 1.1063, 67.5539, 1.1111)
901 : (28, 12, 0.0, 327.8931, 3.5)
902 : (4, 43, 1.7918, 124.3156, 1.0)
903 : (36, 4, 0.0, 352.3236, 8.75)
904 : (2, 38, 5.3118, 124.7114, 1.0)
905 : (38, 2, 0.0041, 475.5105, 3.0)
906 : (2, 41, 1.6117, 84.8652, 1.0)
907 : (38, 2, 0.0083, 430.5385, 2.0)
908 : (1, 0, 2.4598, 142.6025, 0.0)
909 : (0, 1, 0.0, 0.0, 0.0)
910 : (0, 41, 4.0, 136.3353, 0.0)
911 : (40, 0, 0.0045, 363.6563, 0.0)
912 : (3, 37, 1.4288, 142.552, 1.0)
913 : (37, 3, 0.0038, 504.1565, 18.0)
914 : (2, 4, 0.0, 15.5756, 1.0)
915 : (4, 2, 0.0, 303.5217, 1.5)
916 : (4, 38, 1.1423, 76.0296, 1.3333)
917 : (36, 4, 0.0087, 481.8782, 14.0)
918 : (1, 40, 3.4414, 96.5921, 0.0)
919 : (39, 6, 0.0014, 449.2779, 6.5)
920 : (1, 41, 3.5986, 119.5399, 1.0)
921 : (39, 10, 0.0, 417.0022, 5.6667)
922 : (3, 22, 2.2233, 112.9166, 1.0)
923 : (22, 3, 0.0, 297.1541, 1.3333)
924 : (3, 37, 1.2365, 90.7461, 1.0)
925 : (37, 3, 0.0, 277.273, 9.3333)
926 : (9, 35, 1.0993, 123.3896, 1.4)
927 : (31, 9, 0.025, 541.5874, 6.2)
928 : (4, 39, 2.382, 163.6302, 1.3333)
929 : (36, 4, 0.0135, 450.6967, 4.5)
930 : (0, 40, 3.4939, 108.5878, 0.0)
931 : (40, 0, 0.0045, 420.4931, 0.0)
932 : (8, 34, 2.0188, 122.9155, 1.1429)
933 : (32, 8, 0.0, 202.9536, 5.1667)
934 : (3, 13, 0.8555, 143.2847, 1.5)
935 : (12, 3, 0.0, 342.1932, 10.0)
936 : (3, 38, 2.6719, 102.4416, 1.5)
937 : (37, 3, 0.0, 434.783, 14.0)
938 : (0, 9, 0.0, 0.0, 0.0)
939 : (9, 0, 0.0421, 554.417, 0.0)
940 : (0, 40, 0.6647, 108.2044, 0.0)
941 : (40, 0, 0.0147, 617.9838, 0.0)
942 : (5, 39, 1.8031, 108.223, 1.25)
943 : (35, 5, 0.0, 350.1654, 6.6667)
944 : (1, 4, 0.9414, 55.7015, 1.0)
945 : (4, 1, 0.0, 114.5056, 0.0)
946 : (2, 38, 0.2539, 33.5051, 1.0)
947 : (38, 2, 0.0, 420.1119, 35.0)
948 : (10, 35, 1.4066, 116.4137, 1.6667)
949 : (30, 10, 0.0052, 550.4004, 4.8)
950 : (7, 36, 1.8482, 81.9245, 1.1667)
951 : (33, 7, 0.0, 371.9504, 5.1667)
952 : (2, 41, 3.6271, 93.8464, 1.0)
953 : (38, 2, 0.007, 366.3692, 22.0)
954 : (1, 39, 1.4102, 80.7447, 1.0)
955 : (39, 2, 0.004, 435.5096, 22.0)
956 : (7, 33, 0.6211, 53.4567, 1.5)
957 : (33, 7, 0.0, 301.7531, 6.6)
958 : (0, 21, 0.0, 0.0, 0.0)
959 : (21, 0, 0.0, 349.642, 0.0)
960 : (2, 40, 2.9939, 93.0347, 1.0)
961 : (38, 2, 0.0049, 500.5287, 13.5)
962 : (6, 18, 1.421, 72.2556, 1.5)
963 : (18, 6, 0.0, 213.3607, 2.25)
964 : (2, 38, 2.2548, 106.6261, 1.0)
965 : (38, 2, 0.0, 295.8673, 11.0)
966 : (5, 35, 1.3983, 61.2463, 1.3333)
967 : (35, 5, 0.0, 344.1266, 8.75)
968 : (9, 39, 1.9959, 112.9358, 1.0)
969 : (31, 9, 0.0, 332.0336, 4.2857)
970 : (9, 25, 0.5345, 35.1561, 1.8)
971 : (25, 9, 0.0, 203.9375, 5.5)
972 : (0, 33, 3.8684, 162.1108, 0.0)
973 : (33, 0, 0.0074, 581.4824, 0.0)
974 : (7, 25, 1.1864, 100.1188, 1.4)
975 : (25, 7, 0.0, 328.8516, 3.2)
976 : (2, 9, 2.75, 100.9385, 2.0)
977 : (9, 2, 0.0, 291.8491, 8.0)
978 : (12, 28, 2.0868, 93.5266, 1.8333)
979 : (28, 12, 0.0, 257.7968, 4.0)
980 : (3, 8, 1.1042, 53.0083, 1.5)
981 : (8, 3, 0.0, 435.5377, 3.5)
982 : (9, 31, 0.9983, 81.2247, 1.1667)
983 : (31, 9, 0.0, 304.9153, 5.1667)
984 : (0, 0, 0.0, 32.366, 0.0)
985 : (0, 0, 0.0, 0.0, 0.0)
986 : (3, 37, 2.4178, 94.274, 1.0)
987 : (37, 3, 0.0124, 382.9057, 9.6667)
988 : (16, 29, 1.4408, 69.4647, 1.6)
989 : (24, 22, 0.0, 247.8251, 1.8)
990 : (11, 31, 1.3371, 78.7892, 1.1)
991 : (29, 13, 0.0023, 353.1198, 2.7)
992 : (4, 6, 0.5825, 51.5765, 1.3333)
993 : (5, 4, 0.0, 187.8573, 1.0)
994 : (10, 33, 1.0055, 75.5589, 1.2857)
995 : (30, 10, 0.0, 296.1403, 4.2857)
996 : (6, 34, 0.3465, 74.7476, 1.5)
997 : (34, 6, 0.0039, 477.5481, 5.0)
998 : (5, 35, 0.1563, 48.3128, 1.6667)
999 : (35, 5, 0.0134, 533.415, 5.6667)
1000 : (1, 39, 0.0, 4.1307, 1.0)
1001 : (39, 2, 0.0, 343.1477, 8.0)
1002 : (3, 38, 1.3885, 95.7108, 1.0)
1003 : (37, 5, 0.0, 301.0042, 7.0)
1004 : (0, 40, 6.5156, 125.4769, 0.0)
1005 : (40, 1, 0.0, 271.8197, 3.0)
1006 : (0, 40, 4.3771, 181.9652, 0.0)
1007 : (40, 0, 0.0, 363.8343, 0.0)
1008 : (0, 40, 5.4531, 137.1574, 0.0)
1009 : (40, 1, 0.0, 331.2475, 0.0)
1010 : (0, 31, 7.3477, 122.166, 0.0)
1011 : (31, 4, 0.0, 298.9442, 4.5)
1012 : (1, 15, 0.0, 4.8978, 1.0)
1013 : (15, 1, 0.0, 273.0655, 3.0)
1014 : (0, 40, 2.7352, 94.7269, 0.0)
1015 : (40, 2, 0.0, 357.2555, 14.5)
1016 : (0, 5, 0.0, 0.0, 0.0)
1017 : (5, 0, 0.0, 279.7498, 0.0)
1018 : (2, 20, 0.6435, 50.6778, 1.0)
1019 : (19, 3, 0.0145, 383.1354, 3.3333)
1020 : (1, 39, 1.2217, 83.7161, 1.0)
1021 : (39, 1, 0.0, 389.8525, 28.0)
1022 : (1, 39, 1.0534, 85.7108, 1.0)
1023 : (39, 4, 0.0032, 356.5729, 9.5)
1024 : (0, 40, 0.0, 0.0, 0.0)
1025 : (40, 0, 0.0, 434.899, 0.0)
1026 : (1, 39, 4.6605, 134.9686, 1.0)
1027 : (39, 4, 0.0, 273.6186, 8.0)
1028 : (0, 40, 10.0, 167.9324, 0.0)
1029 : (40, 0, 0.0074, 391.3582, 0.0)
1030 : (0, 40, 7.4063, 185.4792, 0.0)
1031 : (40, 2, 0.0032, 331.9978, 16.0)
1032 : (3, 20, 1.6473, 61.6513, 1.0)
1033 : (17, 4, 0.023, 383.6772, 4.25)
1034 : (0, 40, 0.2969, 90.1152, 0.0)
1035 : (40, 1, 0.0, 315.1873, 25.0)
1036 : (1, 41, 2.7211, 139.7185, 1.0)
1037 : (39, 1, 0.0, 311.4496, 36.0)
1038 : (0, 18, 0.0, 4.9598, 0.0)
1039 : (18, 1, 0.026, 350.4684, 17.0)
1040 : (5, 35, 3.8356, 126.7176, 1.25)
1041 : (35, 5, 0.0, 321.4096, 8.6667)
1042 : (1, 34, 7.5714, 121.654, 1.0)
1043 : (34, 1, 0.0, 353.9904, 6.0)
1044 : (1, 41, 1.8555, 148.9842, 1.0)
1045 : (39, 1, 0.0, 352.865, 0.0)
1046 : (4, 38, 3.155, 88.4467, 1.0)
1047 : (36, 4, 0.0, 332.6752, 8.5)
1048 : (3, 37, 0.0, 39.4085, 1.5)
1049 : (37, 3, 0.0, 176.4645, 15.0)
1050 : (1, 39, 3.8625, 190.7038, 1.0)
1051 : (39, 1, 0.0, 401.4395, 14.0)
1052 : (0, 40, 5.3906, 340.4505, 0.0)
1053 : (40, 0, 0.0, 360.5935, 0.0)
1054 : (2, 38, 4.75, 98.3792, 1.0)
1055 : (38, 2, 0.0, 275.2307, 11.5)
1056 : (0, 40, 0.0, 0.0, 0.0)
1057 : (40, 0, 0.0, 357.4646, 0.0)
1058 : (0, 42, 2.0625, 217.6422, 0.0)
1059 : (40, 0, 0.0, 347.9561, 0.0)
1060 : (1, 23, 3.2866, 116.7335, 1.0)
1061 : (23, 4, 0.0, 273.5657, 5.25)
1062 : (0, 40, 4.8125, 150.134, 0.0)
1063 : (40, 1, 0.0024, 367.1821, 5.0)
1064 : (0, 19, 4.9219, 127.7899, 0.0)
1065 : (19, 0, 0.0174, 327.1147, 0.0)
1066 : (2, 38, 6.1436, 136.7639, 1.0)
1067 : (38, 2, 0.0208, 520.7321, 18.5)
1068 : (2, 32, 4.8084, 130.1846, 1.0)
1069 : (30, 2, 0.0, 439.8444, 9.5)
1070 : (0, 41, 4.5677, 157.4933, 0.0)
1071 : (40, 0, 0.0, 482.7134, 0.0)
1072 : (2, 38, 3.4094, 118.2398, 1.0)
1073 : (38, 2, 0.0048, 464.2312, 19.0)
1074 : (1, 40, 2.9952, 107.7745, 1.0)
1075 : (39, 1, 0.004, 427.1162, 29.0)
1076 : (2, 38, 4.6671, 129.6367, 1.0)
1077 : (38, 2, 0.0, 450.8705, 18.0)
1078 : (0, 18, 3.25, 108.0641, 0.0)
1079 : (17, 0, 0.0, 306.4957, 0.0)
1080 : (5, 35, 0.0, 125.215, 1.25)
1081 : (35, 5, 0.0718, 244.633, 7.3333)
1082 : (0, 3, 0.0, 0.0, 0.0)
1083 : (3, 0, 0.2168, 378.7032, 0.0)
1084 : (9, 32, 0.0, 267.2815, 1.125)
1085 : (31, 9, 0.0621, 243.6872, 3.625)
1086 : (8, 32, 0.0, 176.9259, 1.6)
1087 : (32, 8, 0.0, 400.6604, 4.8)
1088 : (4, 34, 0.0, 98.8112, 1.0)
1089 : (34, 4, 0.0575, 232.7105, 8.5)
1090 : (2, 5, 0.0, 286.0505, 1.0)
1091 : (5, 2, 0.1224, 219.4579, 1.5)
1092 : (2, 26, 0.0, 127.1128, 1.0)
1093 : (26, 2, 0.0199, 238.3994, 9.0)
1094 : (0, 40, 0.0, 7.1055, 0.0)
1095 : (40, 0, 0.0036, 419.0868, 0.0)
1096 : (0, 41, 4.3438, 148.8532, 0.0)
1097 : (40, 1, 0.0, 258.6941, 29.0)
1098 : (1, 28, 3.3467, 118.7422, 1.0)
1099 : (27, 1, 0.0, 433.206, 25.0)
1100 : (1, 9, 0.4271, 74.9408, 1.0)
1101 : (8, 2, 0.0, 249.3275, 3.5)
1102 : (2, 40, 2.6884, 93.1143, 1.0)
1103 : (38, 2, 0.0, 234.0759, 6.0)
1104 : (2, 39, 3.5932, 78.6769, 1.0)
1105 : (38, 6, 0.0, 258.7015, 4.0)
1106 : (1, 39, 10.2813, 177.5532, 1.0)
1107 : (39, 1, 0.0, 244.2287, 30.0)
1108 : (2, 38, 2.4922, 59.9724, 1.0)
1109 : (38, 2, 0.0111, 325.8004, 12.5)
1110 : (4, 39, 2.5655, 102.7762, 1.3333)
1111 : (36, 4, 0.0036, 498.0678, 11.3333)
1112 : (11, 29, 1.114, 73.1366, 1.5714)
1113 : (29, 12, 0.0, 365.3669, 3.7143)
1114 : (2, 38, 0.0, 11.9599, 1.0)
1115 : (38, 2, 0.0, 320.7536, 14.5)
1116 : (7, 33, 0.5082, 71.6058, 1.75)
1117 : (33, 8, 0.0069, 312.6559, 6.75)
1118 : (8, 32, 0.895, 116.2068, 2.6667)
1119 : (32, 8, 0.0, 464.2489, 5.0)
1120 : (3, 41, 2.7831, 142.392, 1.5)
1121 : (37, 3, 0.0, 365.732, 15.0)
1122 : (1, 41, 0.7656, 100.4312, 1.0)
1123 : (39, 1, 0.0, 356.2128, 13.0)
1124 : (1, 40, 5.1272, 309.9934, 1.0)
1125 : (39, 5, 0.0, 231.8617, 9.0)
1126 : (2, 14, 1.1844, 84.1284, 2.0)
1127 : (14, 2, 0.0, 339.1239, 9.0)
1128 : (3, 41, 3.2453, 139.355, 1.0)
1129 : (37, 4, 0.0, 250.5703, 7.75)
1130 : (0, 42, 0.3066, 135.5858, 0.0)
1131 : (40, 0, 0.0, 410.9677, 0.0)
1132 : (0, 2, 0.0, 0.0, 0.0)
1133 : (2, 0, 0.0, 428.4152, 0.0)
1134 : (2, 31, 4.2906, 144.2924, 1.0)
1135 : (31, 2, 0.0, 353.9685, 7.0)
1136 : (0, 41, 4.4375, 112.9592, 0.0)
1137 : (40, 0, 0.0, 310.3625, 0.0)
1138 : (5, 19, 0.3344, 33.0362, 2.5)
1139 : (19, 6, 0.0, 311.6363, 8.5)
1140 : (7, 36, 1.9933, 79.8646, 1.1667)
1141 : (33, 7, 0.0, 466.1809, 4.4)
1142 : (0, 40, 2.9531, 167.2458, 0.0)
1143 : (40, 0, 0.0, 327.8253, 0.0)
1144 : (5, 35, 0.9014, 34.0275, 1.3333)
1145 : (35, 5, 0.0, 378.6776, 8.75)
1146 : (1, 35, 0.0, 2.5387, 0.0)
1147 : (35, 2, 0.0, 504.096, 17.5)
1148 : (8, 32, 1.0454, 60.069, 1.3333)
1149 : (32, 8, 0.0041, 582.3802, 4.5)
1150 : (9, 31, 1.3702, 104.68, 1.8)
1151 : (31, 9, 0.0429, 617.3369, 5.4)
1152 : (0, 11, 4.6823, 209.7269, 0.0)
1153 : (11, 0, 0.0085, 467.9523, 0.0)
1154 : (8, 24, 0.0, 11.6374, 1.1429)
1155 : (24, 8, 0.0058, 441.2386, 3.0)
1156 : (2, 31, 0.0812, 23.3397, 1.0)
1157 : (29, 2, 0.0, 315.35, 9.0)
1158 : (16, 18, 1.7287, 77.9147, 2.1667)
1159 : (18, 16, 0.0, 343.6456, 3.0)
1160 : (5, 27, 1.8694, 107.5702, 1.0)
1161 : (27, 7, 0.0, 288.4248, 6.5)
1162 : (12, 28, 1.1613, 55.9697, 1.5714)
1163 : (28, 12, 0.0072, 472.6895, 3.5)
1164 : (12, 28, 1.3083, 66.1479, 2.0)
1165 : (28, 13, 0.0, 479.9359, 3.7143)
1166 : (20, 20, 0.9007, 60.2693, 2.0)
1167 : (20, 20, 0.0, 330.4874, 2.1111)
1168 : (0, 0, 0.6094, 89.4487, 0.0)
1169 : (0, 0, 0.0, 0.0, 0.0)
1170 : (14, 26, 0.8488, 71.6465, 2.0)
1171 : (26, 14, 0.0, 345.6598, 3.7143)
1172 : (4, 36, 0.1594, 48.7819, 1.0)
1173 : (36, 4, 0.0, 370.006, 3.6667)
1174 : (10, 25, 1.3964, 74.4443, 1.25)
1175 : (25, 10, 0.0, 304.2527, 3.4286)
1176 : (2, 3, 0.3984, 61.8839, 2.0)
1177 : (3, 2, 0.0, 568.9622, 0.0)
1178 : (14, 26, 0.7661, 49.4745, 3.5)
1179 : (26, 14, 0.0146, 529.1518, 3.5)
1180 : (5, 35, 1.6116, 75.6978, 1.0)
1181 : (35, 5, 0.0271, 563.9584, 6.0)
1182 : (8, 32, 0.7995, 84.6857, 1.3333)
1183 : (32, 8, 0.0232, 463.2639, 6.2)
1184 : (13, 29, 1.0511, 83.3122, 1.625)
1185 : (27, 13, 0.0, 289.1678, 3.2857)
1186 : (8, 33, 0.2491, 54.8166, 1.6)
1187 : (32, 13, 0.0, 480.1159, 1.625)
1188 : (17, 23, 0.9101, 78.1713, 2.8333)
1189 : (23, 17, 0.0, 413.7325, 3.2)
1190 : (11, 29, 1.8287, 82.7288, 1.8333)
1191 : (29, 11, 0.0, 295.2344, 4.2)
1192 : (0, 0, 0.0, 0.0, 0.0)
1193 : (0, 0, 0.0, 0.0, 0.0)
1194 : (7, 10, 1.6191, 59.5036, 3.0)
1195 : (10, 7, 0.0, 527.1254, 5.0)
1196 : (4, 36, 3.095, 145.1266, 1.0)
1197 : (36, 4, 0.0087, 438.4301, 7.6667)
1198 : (18, 11, 1.1616, 82.4405, 4.0)
1199 : (11, 18, 0.0, 143.3896, 2.75)
1200 : (6, 45, 2.3269, 150.2864, 1.0)
1201 : (34, 9, 0.0, 340.2169, 3.625)
1202 : (0, 10, 5.5681, 146.3739, 0.0)
1203 : (9, 1, 0.0, 460.5856, 6.0)
1204 : (2, 43, 2.0642, 118.1002, 1.0)
1205 : (38, 5, 0.0, 368.7107, 6.0)
1206 : (1, 4, 3.888, 180.9366, 1.0)
1207 : (3, 4, 0.0, 207.1574, 1.0)
1208 : (4, 36, 1.4863, 42.3074, 1.3333)
1209 : (36, 4, 0.0, 367.3836, 4.0)
1210 : (2, 38, 2.5352, 31.6056, 1.0)
1211 : (38, 2, 0.0, 343.1208, 10.0)
1212 : (2, 38, 1.0438, 17.5953, 1.0)
1213 : (38, 2, 0.003, 396.5039, 2.0)
1214 : (3, 37, 0.1328, 42.5264, 1.0)
1215 : (37, 3, 0.0, 374.4353, 5.0)
1216 : (0, 40, 3.4305, 117.6117, 0.0)
1217 : (40, 2, 0.0, 414.7089, 10.5)
1218 : (0, 15, 3.2309, 92.8867, 0.0)
1219 : (15, 0, 0.0, 394.7364, 0.0)
1220 : (0, 40, 0.0, 0.0, 0.0)
1221 : (40, 1, 0.0, 507.541, 31.0)
1222 : (0, 40, 0.0, 0.0, 0.0)
1223 : (40, 1, 0.0, 393.8056, 34.0)
1224 : (0, 10, 5.5156, 206.8501, 0.0)
1225 : (10, 0, 0.0, 479.2513, 0.0)
1226 : (7, 42, 2.4516, 98.7849, 1.0)
1227 : (33, 9, 0.0, 346.1787, 4.8333)
1228 : (5, 38, 3.2608, 87.899, 1.0)
1229 : (35, 5, 0.0082, 575.6237, 4.8)
1230 : (9, 36, 2.7284, 126.2008, 1.0)
1231 : (31, 9, 0.0, 420.1766, 3.0)
1232 : (3, 14, 3.3516, 183.4443, 1.0)
1233 : (10, 5, 0.0, 419.5571, 1.8)
1234 : (1, 24, 5.2344, 118.6837, 1.0)
1235 : (24, 1, 0.0, 525.7288, 23.0)
1236 : (0, 40, 0.0, 0.0, 0.0)
1237 : (40, 0, 0.0, 500.2838, 0.0)
1238 : (5, 34, 1.9466, 67.8736, 1.0)
1239 : (31, 5, 0.0074, 543.1395, 5.5)
1240 : (2, 38, 2.084, 40.7881, 1.0)
1241 : (38, 2, 0.0, 422.5118, 12.0)
1242 : (9, 38, 3.2175, 100.9299, 1.2857)
1243 : (31, 9, 0.0, 416.5705, 5.2)
1244 : (0, 1, 0.0, 0.0, 0.0)
1245 : (1, 0, 0.0, 165.4577, 0.0)
1246 : (7, 17, 4.3342, 143.6297, 1.1667)
1247 : (15, 7, 0.0, 358.4857, 2.6)
1248 : (4, 38, 1.5331, 150.127, 1.0)
1249 : (36, 4, 0.003, 450.79, 4.0)
1250 : (8, 35, 3.3422, 102.2974, 1.0)
1251 : (32, 10, 0.0, 411.1029, 3.625)
1252 : (3, 33, 3.0799, 163.2729, 1.5)
1253 : (31, 4, 0.0102, 403.2567, 14.5)
1254 : (2, 41, 3.1172, 153.0509, 1.0)
1255 : (38, 4, 0.0, 437.8203, 12.0)
1256 : (0, 0, 0.0, 0.0, 0.0)
1257 : (0, 0, 0.0, 0.0, 0.0)
1258 : (8, 16, 1.1016, 212.6377, 1.6)
1259 : (14, 8, 0.0, 403.2305, 2.75)
1260 : (1, 16, 0.4063, 37.9371, 0.0)
1261 : (16, 1, 0.0, 688.999, 16.0)
1262 : (3, 18, 2.4391, 71.2364, 1.0)
1263 : (16, 4, 0.0, 442.5243, 1.75)
1264 : (7, 37, 2.4632, 90.7561, 1.1667)
1265 : (33, 7, 0.0, 442.5214, 5.3333)
1266 : (4, 39, 2.6574, 103.3776, 1.0)
1267 : (36, 4, 0.0, 526.3391, 6.3333)
1268 : (1, 20, 0.0, 2.4732, 0.0)
1269 : (20, 1, 0.0, 553.1906, 20.0)
1270 : (3, 10, 0.9171, 112.5193, 1.0)
1271 : (10, 3, 0.0, 387.1039, 2.0)
1272 : (4, 39, 3.6917, 92.7607, 1.0)
1273 : (36, 4, 0.0, 492.7694, 8.5)
1274 : (7, 39, 2.8256, 107.7241, 1.0)
1275 : (33, 8, 0.0, 537.3865, 5.3333)
1276 : (10, 34, 2.9182, 89.4938, 1.0)
1277 : (26, 10, 0.0, 379.1154, 2.875)
1278 : (12, 29, 0.106, 165.9722, 1.3333)
1279 : (28, 12, 0.0, 441.6615, 2.875)
1280 : (12, 29, 0.1271, 171.6131, 1.2)
1281 : (28, 12, 0.0, 470.1357, 3.0)
1282 : (4, 37, 1.4705, 105.1801, 1.0)
1283 : (36, 4, 0.0, 520.7264, 7.0)
1284 : (11, 29, 1.185, 71.7549, 1.4286)
1285 : (29, 13, 0.0, 380.4583, 4.1429)
1286 : (1, 40, 1.409, 180.8828, 1.0)
1287 : (39, 1, 0.0076, 568.624, 1.0)
1288 : (5, 35, 1.9296, 182.208, 1.0)
1289 : (35, 5, 0.0, 457.8108, 7.0)
1290 : (1, 37, 2.1402, 208.2092, 1.0)
1291 : (37, 1, 0.0, 404.0503, 4.0)
1292 : (4, 36, 0.5898, 67.2132, 1.3333)
1293 : (36, 4, 0.0, 373.9067, 7.6667)
1294 : (10, 30, 0.6012, 55.5003, 1.1667)
1295 : (30, 10, 0.0, 283.8707, 4.2857)
1296 : (5, 39, 2.7506, 119.651, 1.25)
1297 : (34, 5, 0.0, 411.4712, 4.0)
1298 : (9, 35, 3.3183, 89.737, 1.125)
1299 : (31, 10, 0.0, 479.986, 3.0)
1300 : (5, 37, 2.8083, 119.8119, 1.0)
1301 : (35, 6, 0.0, 540.8608, 6.6)
1302 : (10, 31, 0.9615, 203.1818, 1.25)
1303 : (30, 10, 0.0062, 463.7457, 2.2857)
1304 : (3, 37, 1.431, 260.7833, 1.0)
1305 : (37, 3, 0.0073, 439.2088, 18.5)
1306 : (7, 33, 1.1801, 40.6844, 1.1667)
1307 : (33, 7, 0.0, 303.0914, 6.2)
1308 : (9, 37, 1.9529, 81.4876, 1.2857)
1309 : (31, 9, 0.0, 525.484, 3.6667)
1310 : (16, 40, 1.3719, 128.0139, 1.0667)
1311 : (24, 16, 0.0059, 509.3367, 1.9091)
1312 : (5, 35, 0.5904, 20.8453, 1.6667)
1313 : (35, 5, 0.0, 341.3289, 10.0)
1314 : (7, 29, 0.0995, 30.1888, 1.75)
1315 : (29, 7, 0.0, 414.9776, 6.25)
1316 : (6, 38, 0.6617, 245.4098, 1.2)
1317 : (34, 6, 0.0, 383.8586, 6.6)
1318 : (8, 27, 0.1265, 33.9524, 2.0)
1319 : (27, 8, 0.0, 319.8405, 1.75)
1320 : (3, 15, 3.4919, 100.2822, 1.0)
1321 : (15, 3, 0.0, 310.8514, 4.6667)
1322 : (9, 38, 2.9083, 91.5197, 1.1429)
1323 : (31, 9, 0.0, 469.4193, 4.4286)
1324 : (4, 7, 1.8264, 78.4558, 1.0)
1325 : (3, 4, 0.0, 186.9537, 1.0)
1326 : (7, 38, 2.7771, 118.4899, 1.0)
1327 : (33, 7, 0.0061, 405.4931, 3.2857)
1328 : (9, 36, 3.0673, 80.7236, 1.125)
1329 : (28, 10, 0.0, 393.1004, 4.6667)
1330 : (10, 19, 1.0224, 214.4569, 1.6667)
1331 : (19, 10, 0.0, 391.7183, 2.8)
1332 : (10, 30, 0.0, 306.5481, 1.8)
1333 : (30, 10, 0.0, 343.6877, 5.0)
1334 : (9, 31, 0.0, 195.4311, 1.5)
1335 : (31, 10, 0.0, 291.8544, 3.0)
1336 : (14, 26, 0.0, 193.5519, 2.0)
1337 : (26, 15, 0.0, 350.326, 3.25)
1338 : (12, 28, 0.9757, 42.1515, 2.0)
1339 : (28, 12, 0.0, 428.6989, 4.0)
1340 : (4, 36, 1.119, 49.7498, 1.0)
1341 : (36, 4, 0.0, 377.5738, 8.0)
1342 : (6, 39, 3.1891, 86.466, 1.2)
1343 : (34, 8, 0.0, 465.8752, 4.8)
1344 : (9, 5, 1.0086, 90.7072, 1.5)
1345 : (5, 9, 0.0, 161.0064, 1.25)
1346 : (7, 35, 2.6751, 76.1394, 1.0)
1347 : (33, 8, 0.0, 426.1353, 3.3333)
1348 : (12, 28, 0.4392, 79.4991, 1.3333)
1349 : (28, 13, 0.0, 379.6633, 2.875)
1350 : (3, 37, 2.0875, 68.1091, 1.5)
1351 : (37, 3, 0.0, 453.1143, 9.0)
1352 : (3, 28, 1.2363, 31.7835, 1.5)
1353 : (28, 3, 0.0, 648.8404, 21.0)
1354 : (7, 14, 1.805, 51.1511, 1.75)
1355 : (11, 7, 0.0, 293.0557, 2.25)
1356 : (11, 34, 2.0915, 70.0591, 1.25)
1357 : (29, 12, 0.0, 328.9022, 3.625)
1358 : (17, 18, 1.2265, 218.3509, 1.7778)
1359 : (14, 17, 0.0, 334.8031, 2.0)
1360 : (4, 19, 1.3225, 243.0776, 1.3333)
1361 : (17, 4, 0.0, 318.0916, 3.3333)
1362 : (7, 33, 0.3906, 53.8462, 1.4)
1363 : (33, 7, 0.0, 377.5511, 2.5)
1364 : (4, 36, 1.4081, 100.7979, 1.0)
1365 : (36, 4, 0.0, 470.6613, 7.0)
1366 : (2, 8, 1.4543, 203.3557, 1.0)
1367 : (7, 2, 0.0, 562.2325, 2.0)
1368 : (9, 31, 0.9063, 39.4767, 1.125)
1369 : (31, 12, 0.0, 287.9319, 4.2857)
1370 : (6, 34, 1.8245, 51.2121, 1.0)
1371 : (34, 6, 0.0, 401.6511, 2.4)
1372 : (8, 32, 1.1019, 219.4015, 1.0)
1373 : (32, 8, 0.0, 415.4532, 3.875)
1374 : (15, 27, 0.5391, 52.5992, 2.1429)
1375 : (25, 15, 0.0056, 467.444, 4.0)
1376 : (8, 15, 0.7679, 42.5902, 2.6667)
1377 : (15, 8, 0.0, 530.72, 3.6667)
1378 : (12, 28, 0.7137, 39.2335, 1.7143)
1379 : (28, 13, 0.0, 391.7632, 3.5714)
1380 : (2, 15, 1.8375, 170.24, 2.0)
1381 : (15, 2, 0.0, 335.4296, 6.0)
1382 : (9, 32, 0.7003, 289.9491, 1.2857)
1383 : (31, 9, 0.0, 459.3234, 4.2857)
1384 : (24, 19, 0.6037, 161.0669, 2.0909)
1385 : (16, 25, 0.0028, 311.1703, 1.3333)
1386 : (0, 7, 0.3313, 259.4317, 0.0)
1387 : (7, 0, 0.0, 317.8232, 0.0)
1388 : (12, 28, 0.9889, 53.8016, 1.5714)
1389 : (28, 12, 0.0, 429.0134, 3.5)
1390 : (12, 28, 0.8169, 263.5606, 1.5)
1391 : (28, 12, 0.0, 474.2624, 3.0)
1392 : (13, 29, 0.665, 259.8937, 1.1818)
1393 : (27, 13, 0.0, 448.5731, 2.1818)
1394 : (14, 30, 0.5442, 222.6286, 1.2727)
1395 : (26, 14, 0.0, 371.1089, 2.5)
1396 : (14, 26, 1.3485, 51.6961, 1.3333)
1397 : (26, 14, 0.0, 405.9639, 2.8889)
1398 : (8, 26, 1.2019, 233.744, 1.3333)
1399 : (25, 8, 0.0, 514.6378, 3.6667)
1400 : (2, 39, 0.457, 217.3815, 2.0)
1401 : (38, 2, 0.0, 346.9375, 31.0)
1402 : (5, 26, 0.8047, 274.5461, 1.25)
1403 : (26, 5, 0.0, 317.8687, 4.75)
1404 : (4, 36, 0.0, 89.7061, 1.3333)
1405 : (36, 4, 0.0, 296.2441, 9.6667)
1406 : (4, 36, 0.0877, 178.6927, 1.3333)
1407 : (36, 4, 0.0, 406.457, 11.0)
1408 : (4, 29, 0.2491, 235.3166, 1.3333)
1409 : (29, 4, 0.0, 324.9663, 9.3333)
1410 : (2, 38, 0.2917, 179.2848, 1.0)
1411 : (38, 2, 0.0056, 505.4514, 17.5)
1412 : (1, 39, 0.1797, 170.5031, 1.0)
1413 : (39, 1, 0.0016, 488.1039, 1.0)
1414 : (2, 38, 0.3125, 231.7395, 1.0)
1415 : (38, 2, 0.0036, 543.575, 18.0)
1416 : (3, 39, 1.5672, 322.8228, 1.0)
1417 : (37, 3, 0.0022, 482.3243, 8.3333)
1418 : (4, 40, 1.695, 323.303, 1.3333)
1419 : (36, 4, 0.0018, 631.0719, 8.5)
1420 : (0, 40, 0.0, 0.0, 0.0)
1421 : (40, 0, 0.0077, 577.3925, 0.0)
1422 : (1, 43, 0.832, 220.5987, 1.0)
1423 : (39, 1, 0.0, 362.6844, 1.0)
1424 : (7, 41, 0.9269, 222.4602, 1.0)
1425 : (33, 7, 0.0, 292.0889, 4.7143)
1426 : (3, 4, 0.5703, 192.6607, 2.0)
1427 : (4, 3, 0.0, 514.3878, 2.0)
1428 : (3, 37, 0.3464, 196.8278, 1.5)
1429 : (37, 3, 0.0018, 542.5391, 14.0)
1430 : (8, 32, 0.3359, 174.1309, 1.3333)
1431 : (32, 8, 0.0, 304.7015, 4.6667)
1432 : (8, 32, 0.4375, 155.4595, 1.1667)
1433 : (32, 8, 0.0, 258.7516, 5.3333)
1434 : (8, 32, 0.4663, 198.9793, 1.1429)
1435 : (32, 8, 0.002, 428.4923, 4.0)
1436 : (0, 40, 1.5156, 370.5805, 0.0)
1437 : (40, 0, 0.0037, 455.5838, 0.0)
1438 : (8, 40, 0.931, 231.7301, 1.1429)
1439 : (32, 8, 0.0089, 466.639, 5.6)
1440 : (7, 33, 0.3995, 170.2026, 1.4)
1441 : (33, 7, 0.0115, 537.795, 6.2)
1442 : (1, 39, 0.4844, 205.3951, 1.0)
1443 : (39, 1, 0.0038, 441.7368, 35.0)
1444 : (3, 37, 0.6875, 220.2533, 1.0)
1445 : (37, 3, 0.0, 349.4487, 8.0)
1446 : (7, 33, 0.3353, 200.531, 1.4)
1447 : (33, 7, 0.0, 325.0556, 5.8)
1448 : (9, 31, 0.5931, 242.9819, 1.3333)
1449 : (31, 9, 0.0, 419.5517, 4.4286)
1450 : (3, 17, 0.2009, 99.9811, 1.0)
1451 : (17, 3, 0.0, 352.1035, 5.6667)
1452 : (2, 3, 0.475, 178.1299, 2.0)
1453 : (3, 2, 0.0, 341.6379, 0.0)
1454 : (5, 35, 0.5188, 181.8303, 1.25)
1455 : (35, 5, 0.0, 405.0136, 1.6667)
1456 : (2, 38, 0.0, 40.4099, 1.0)
1457 : (38, 2, 0.0, 424.0419, 13.5)
1458 : (6, 34, 0.2482, 167.1946, 1.2)
1459 : (34, 6, 0.0036, 452.1066, 5.0)
1460 : (5, 35, 0.6025, 204.9984, 1.25)
1461 : (35, 5, 0.0021, 424.7922, 4.25)
1462 : (4, 36, 0.4543, 169.1892, 1.0)
1463 : (36, 4, 0.0092, 459.2303, 7.5)
1464 : (9, 31, 0.2485, 216.4178, 1.5)
1465 : (31, 9, 0.0, 485.7504, 4.4)
1466 : (5, 4, 0.112, 140.1938, 2.5)
1467 : (4, 5, 0.0, 624.6968, 3.0)
1468 : (11, 30, 0.644, 232.4287, 1.375)
1469 : (29, 11, 0.0, 321.5953, 2.0)
1470 : (6, 34, 0.1857, 151.4767, 1.2)
1471 : (34, 6, 0.002, 506.5789, 5.0)
1472 : (10, 34, 1.2514, 252.7734, 1.3333)
1473 : (30, 14, 0.0, 329.5374, 3.0)
1474 : (10, 38, 0.6792, 193.2189, 1.25)
1475 : (30, 14, 0.0, 356.4254, 3.7143)
1476 : (13, 31, 0.9381, 234.1794, 1.625)
1477 : (27, 13, 0.0, 347.3491, 4.3333)
1478 : (4, 21, 0.4861, 197.1529, 2.0)
1479 : (21, 4, 0.0194, 477.9923, 7.5)
1480 : (4, 36, 1.0047, 230.0631, 1.3333)
1481 : (36, 4, 0.0, 354.049, 4.3333)
1482 : (5, 35, 0.5826, 121.8453, 1.25)
1483 : (35, 5, 0.0, 423.7234, 5.75)
1484 : (9, 31, 0.1655, 150.3246, 1.1429)
1485 : (31, 10, 0.0, 442.7953, 3.4444)
1486 : (1, 39, 0.2281, 196.4987, 1.0)
1487 : (39, 1, 0.0016, 404.2372, 36.0)
1488 : (8, 9, 0.3906, 177.5587, 3.0)
1489 : (9, 8, 0.0, 510.3083, 4.5)
1490 : (5, 23, 0.1514, 111.1616, 1.0)
1491 : (23, 5, 0.0, 469.2225, 5.75)
1492 : (4, 14, 0.806, 107.64, 1.3333)
1493 : (14, 4, 0.0, 352.9246, 3.6667)
1494 : (8, 32, 0.6891, 189.9095, 1.3333)
1495 : (32, 8, 0.0, 442.0557, 3.6667)
1496 : (11, 29, 0.3252, 226.9747, 1.125)
1497 : (29, 11, 0.0022, 407.6455, 3.625)
1498 : (10, 30, 0.4206, 204.4211, 2.0)
1499 : (30, 10, 0.0, 420.911, 4.0)
1500 : (3, 37, 0.9631, 260.4113, 1.0)
1501 : (37, 3, 0.0, 319.4307, 16.5)
1502 : (4, 37, 0.2127, 105.2133, 1.0)
1503 : (36, 4, 0.0, 330.4204, 7.5)
1504 : (16, 33, 0.6453, 189.0029, 1.2308)
1505 : (24, 20, 0.0, 395.437, 2.0)
1506 : (4, 36, 1.4483, 374.9623, 1.0)
1507 : (36, 4, 0.0018, 490.9561, 6.0)
1508 : (4, 36, 0.4219, 202.3304, 1.3333)
1509 : (36, 4, 0.0068, 610.8565, 11.6667)
1510 : (11, 29, 0.2642, 143.6962, 1.5714)
1511 : (29, 12, 0.0044, 455.4137, 3.0)
1512 : (5, 35, 0.3808, 197.2735, 1.0)
1513 : (35, 5, 0.0018, 475.4901, 6.0)
1514 : (7, 27, 0.7432, 233.8079, 1.4)
1515 : (27, 7, 0.0117, 512.2612, 5.75)
1516 : (11, 29, 0.7807, 127.3401, 1.25)
1517 : (29, 11, 0.0, 350.2949, 3.2222)
1518 : (6, 34, 0.5674, 216.4569, 1.5)
1519 : (34, 6, 0.0108, 522.8897, 7.0)
1520 : (4, 36, 0.3854, 171.5427, 1.3333)
1521 : (36, 4, 0.002, 425.605, 7.0)
1522 : (6, 34, 1.0381, 307.178, 1.5)
1523 : (34, 7, 0.0172, 516.2303, 8.0)
1524 : (6, 30, 1.0078, 229.563, 1.25)
1525 : (30, 6, 0.0, 308.5167, 6.0)
1526 : (7, 35, 0.6406, 192.6768, 1.1667)
1527 : (33, 7, 0.0, 300.3169, 5.3333)
1528 : (13, 24, 0.2732, 196.7494, 1.4444)
1529 : (24, 13, 0.0, 423.8814, 2.625)
1530 : (1, 39, 0.0, 143.0775, 1.0)
1531 : (39, 1, 0.0046, 478.0577, 14.0)
1532 : (3, 37, 0.3203, 209.3975, 1.0)
1533 : (37, 3, 0.0037, 560.2886, 10.3333)
1534 : (17, 23, 0.1942, 190.6684, 2.125)
1535 : (23, 17, 0.0, 476.8877, 2.0)
1536 : (17, 23, 0.3843, 97.9292, 2.2857)
1537 : (23, 17, 0.0, 319.1001, 2.875)
1538 : (16, 24, 0.7829, 354.5207, 2.0)
1539 : (24, 16, 0.0, 471.0299, 2.875)
1540 : (15, 25, 0.5541, 289.6852, 1.25)
1541 : (25, 15, 0.0, 418.9433, 1.6667)
1542 : (11, 29, 0.5978, 314.2384, 1.1)
1543 : (29, 11, 0.0051, 526.2038, 3.1111)
1544 : (12, 7, 0.0, 209.9781, 2.4)
1545 : (7, 12, 0.0, 269.118, 1.5)
1546 : (29, 11, 0.2803, 38.6303, 3.6)
1547 : (11, 29, 0.0, 325.2706, 1.8333)
1548 : (12, 28, 0.2987, 181.8251, 2.2)
1549 : (28, 12, 0.0055, 551.6096, 4.6667)
1550 : (16, 24, 0.5162, 246.9264, 1.875)
1551 : (24, 16, 0.0, 391.2965, 3.0)
1552 : (27, 13, 0.3626, 195.4442, 2.8889)
1553 : (13, 27, 0.0, 443.363, 1.4444)
1554 : (31, 9, 0.398, 196.9557, 4.8333)
1555 : (9, 31, 0.0, 421.4075, 1.5)
1556 : (15, 26, 0.5189, 184.2868, 1.5)
1557 : (25, 15, 0.0, 181.8346, 2.4)
1558 : (10, 33, 0.5373, 148.0515, 1.25)
1559 : (30, 10, 0.0, 252.6645, 3.625)
1560 : (6, 34, 0.1656, 180.6269, 1.0)
1561 : (34, 6, 0.0078, 520.7955, 2.8333)
1562 : (3, 37, 0.5859, 322.0123, 1.5)
1563 : (37, 3, 0.0055, 516.3317, 18.0)
1564 : (8, 32, 0.2181, 208.84, 1.3333)
1565 : (32, 8, 0.0038, 438.089, 2.6667)
1566 : (14, 26, 0.2513, 179.7059, 1.5556)
1567 : (26, 14, 0.0, 307.2915, 2.7778)
1568 : (18, 22, 0.0, 193.4625, 1.8)
1569 : (22, 18, 0.0771, 498.233, 1.9)
1570 : (17, 23, 0.0, 228.3634, 2.6667)
1571 : (23, 17, 0.069, 420.5522, 3.2857)
1572 : (7, 33, 0.1238, 129.9791, 1.1667)
1573 : (33, 7, 0.0193, 499.1797, 5.3333)
1574 : (2, 40, 1.0341, 281.1582, 1.0)
1575 : (38, 2, 0.0228, 674.1494, 6.0)
1576 : (3, 4, 0.1629, 146.9388, 1.0)
1577 : (4, 3, 0.0, 433.9916, 1.3333)
1578 : (18, 22, 0.4764, 216.5411, 2.25)
1579 : (22, 18, 0.0, 360.2932, 2.7143)
1580 : (19, 21, 0.3288, 165.0905, 2.5714)
1581 : (21, 19, 0.0, 341.3658, 2.625)
1582 : (14, 28, 0.6662, 235.3923, 1.3333)
1583 : (26, 14, 0.0047, 252.3435, 2.6)
1584 : (13, 29, 0.3428, 167.5071, 1.3333)
1585 : (27, 13, 0.0, 204.2219, 2.7)
1586 : (13, 27, 0.468, 254.4455, 1.625)
1587 : (27, 13, 0.0, 301.8351, 2.7143)
1588 : (11, 29, 0.5758, 200.784, 2.2)
1589 : (29, 11, 0.0, 417.7961, 2.4)
1590 : (16, 24, 0.3778, 218.9758, 1.4444)
1591 : (24, 16, 0.0, 296.3951, 2.6667)
1592 : (18, 22, 0.3659, 233.5559, 2.25)
1593 : (22, 18, 0.0, 399.6064, 2.375)
1594 : (17, 23, 0.1973, 167.7264, 1.4167)
1595 : (23, 17, 0.0, 303.6855, 1.8333)
1596 : (17, 23, 0.4618, 182.1784, 2.125)
1597 : (23, 17, 0.0, 324.3363, 2.625)
1598 : (16, 24, 0.5953, 326.654, 1.1538)
1599 : (24, 16, 0.0, 409.3102, 1.8462)
1600 : (3, 40, 0.5447, 187.0712, 1.0)
1601 : (37, 23, 0.015, 354.988, 2.25)
1602 : (1, 42, 0.3581, 202.5411, 1.0)
1603 : (39, 15, 0.0029, 417.168, 3.4545)
1604 : (3, 40, 0.024, 40.3257, 1.0)
1605 : (37, 28, 0.0057, 257.447, 1.8947)
1606 : (1, 39, 1.4163, 426.8934, 1.0)
1607 : (39, 12, 0.0018, 341.2669, 4.75)
1608 : (0, 41, 1.1696, 308.1684, 0.0)
1609 : (40, 8, 0.0017, 372.1442, 4.8333)
1610 : (0, 20, 1.4844, 460.3439, 0.0)
1611 : (20, 9, 0.0, 308.8814, 2.5)
1612 : (1, 41, 0.5, 220.5691, 1.0)
1613 : (39, 11, 0.0, 364.7941, 2.5)
1614 : (2, 42, 0.3574, 192.614, 1.0)
1615 : (38, 14, 0.0108, 392.4641, 3.3636)
1616 : (2, 43, 0.5099, 236.6889, 1.0)
1617 : (38, 11, 0.0076, 420.663, 4.2222)
1618 : (3, 44, 0.4173, 179.5868, 1.0)
1619 : (37, 22, 0.0, 289.0895, 2.2667)
1620 : (2, 44, 0.5273, 268.8322, 1.0)
1621 : (38, 19, 0.0, 299.7312, 2.3571)
1622 : (1, 41, 0.6888, 240.4878, 0.0)
1623 : (39, 19, 0.0022, 342.785, 2.4375)
1624 : (2, 42, 0.5667, 145.7885, 1.0)
1625 : (38, 2, 0.0044, 464.3734, 6.5)
1626 : (0, 41, 0.3796, 183.6264, 0.0)
1627 : (40, 1, 0.0, 494.3861, 1.0)
1628 : (0, 3, 3.9875, 225.8481, 0.0)
1629 : (1, 0, 0.0, 40.3082, 0.0)
1630 : (0, 42, 0.4531, 118.7663, 0.0)
1631 : (40, 0, 0.0051, 521.902, 0.0)
1632 : (1, 45, 0.7572, 304.9811, 1.0)
1633 : (39, 1, 0.0, 460.2464, 21.0)
1634 : (0, 42, 1.5, 233.9449, 0.0)
1635 : (40, 0, 0.0, 412.7952, 0.0)
1636 : (1, 42, 1.983, 220.3428, 1.0)
1637 : (39, 1, 0.0047, 479.9929, 34.0)
1638 : (0, 41, 1.5182, 207.3528, 0.0)
1639 : (40, 0, 0.004, 482.6845, 0.0)
1640 : (2, 42, 1.7649, 197.5266, 1.0)
1641 : (38, 3, 0.0159, 532.9839, 5.3333)
1642 : (4, 39, 1.5803, 217.85, 1.0)
1643 : (36, 4, 0.0252, 396.6524, 6.25)
1644 : (1, 43, 0.7257, 124.2145, 1.0)
1645 : (39, 1, 0.0, 455.4186, 35.0)
1646 : (5, 45, 1.0029, 188.9222, 1.0)
1647 : (35, 5, 0.0, 357.6904, 5.2)
1648 : (2, 43, 2.0557, 236.0193, 1.0)
1649 : (38, 2, 0.0036, 406.0268, 6.5)
1650 : (0, 20, 2.5257, 325.3017, 0.0)
1651 : (20, 0, 0.0058, 389.6024, 0.0)
1652 : (2, 48, 1.2388, 186.4985, 1.0)
1653 : (38, 2, 0.0032, 314.0483, 24.0)
1654 : (1, 50, 1.7428, 261.3457, 1.0)
1655 : (39, 1, 0.0036, 330.5511, 24.0)
1656 : (6, 34, 0.0, 320.905, 1.2)
1657 : (34, 6, 0.0101, 448.7922, 6.6)
1658 : (7, 33, 0.0, 277.6525, 1.1667)
1659 : (33, 7, 0.0045, 380.0047, 5.0)
1660 : (9, 31, 0.0, 388.0451, 1.2857)
1661 : (31, 9, 0.0047, 357.0728, 4.8333)
1662 : (15, 25, 0.0, 333.5535, 1.7143)
1663 : (25, 15, 0.0102, 443.8878, 3.5714)
1664 : (15, 25, 0.0, 293.8794, 1.875)
1665 : (25, 15, 0.0, 313.3752, 2.8571)
1666 : (4, 36, 0.5144, 91.0191, 1.3333)
1667 : (36, 4, 0.0, 443.1476, 8.3333)
1668 : (0, 40, 0.3867, 70.3244, 0.0)
1669 : (40, 0, 0.0067, 357.6188, 0.0)
1670 : (3, 42, 1.7821, 277.0658, 1.0)
1671 : (37, 3, 0.0, 420.6665, 11.3333)
1672 : (1, 45, 1.9797, 231.2097, 1.0)
1673 : (39, 1, 0.0, 441.6423, 36.0)
1674 : (4, 39, 1.5621, 179.39, 1.3333)
1675 : (36, 4, 0.004, 342.0578, 7.0)
1676 : (0, 43, 1.7101, 319.4563, 0.0)
1677 : (40, 0, 0.0, 408.4865, 0.0)
1678 : (0, 11, 2.0938, 318.8593, 0.0)
1679 : (10, 0, 0.025, 519.7136, 0.0)
1680 : (2, 42, 0.9024, 227.7264, 1.0)
1681 : (38, 2, 0.0, 487.6407, 8.0)
1682 : (2, 42, 1.1847, 229.5561, 1.0)
1683 : (38, 2, 0.013, 437.7577, 10.0)
1684 : (3, 39, 1.1236, 259.4922, 1.0)
1685 : (37, 3, 0.0, 490.9752, 6.6667)
1686 : (0, 7, 1.1042, 193.8714, 0.0)
1687 : (7, 0, 0.0, 309.9051, 0.0)
1688 : (4, 38, 0.5656, 198.4685, 1.0)
1689 : (36, 4, 0.0, 496.1404, 7.25)
1690 : (0, 6, 2.5031, 399.4689, 0.0)
1691 : (6, 0, 0.0, 236.4689, 0.0)
1692 : (2, 41, 2.1858, 303.5047, 1.0)
1693 : (38, 2, 0.0083, 440.0995, 18.5)
1694 : (1, 46, 1.432, 180.7402, 1.0)
1695 : (39, 1, 0.0038, 463.1035, 37.0)
1696 : (6, 38, 1.7777, 238.0111, 1.2)
1697 : (27, 7, 0.0, 249.8544, 5.4)
1698 : (1, 39, 0.1042, 24.9423, 1.0)
1699 : (39, 1, 0.0064, 433.6856, 6.0)
1700 : (2, 38, 0.1354, 77.6189, 1.0)
1701 : (38, 2, 0.0, 466.7179, 6.0)
1702 : (0, 14, 0.0, 0.0, 0.0)
1703 : (14, 0, 0.0, 455.1353, 0.0)
1704 : (1, 39, 0.2031, 45.6225, 1.0)
1705 : (39, 1, 0.0, 406.7934, 1.0)
1706 : (1, 39, 0.6563, 98.1101, 1.0)
1707 : (39, 1, 0.0042, 294.0438, 4.0)
1708 : (2, 39, 1.7321, 85.9604, 1.0)
1709 : (38, 2, 0.015, 439.3694, 16.5)
1710 : (2, 38, 1.793, 136.8129, 1.0)
1711 : (38, 2, 0.0158, 394.1218, 11.0)
1712 : (4, 38, 2.4021, 202.5935, 1.0)
1713 : (36, 4, 0.0171, 444.8925, 4.25)
1714 : (2, 39, 0.8151, 169.7427, 1.0)
1715 : (38, 2, 0.0099, 585.2568, 15.0)
1716 : (1, 39, 2.554, 270.353, 1.0)
1717 : (39, 1, 0.0106, 564.3109, 35.0)
1718 : (3, 44, 1.3111, 236.2317, 1.0)
1719 : (37, 3, 0.0, 364.3912, 8.0)
1720 : (0, 41, 0.9766, 176.3873, 0.0)
1721 : (40, 0, 0.0106, 627.9616, 0.0)
1722 : (11, 30, 0.0, 256.1425, 1.2222)
1723 : (29, 11, 0.0138, 393.9481, 1.875)
1724 : (15, 25, 0.0048, 360.2929, 1.6667)
1725 : (25, 15, 0.0068, 412.8816, 3.0)
1726 : (10, 30, 0.0, 215.9784, 1.1111)
1727 : (30, 10, 0.0, 287.5132, 3.2222)
1728 : (1, 0, 0.8062, 121.4494, 0.0)
1729 : (0, 1, 0.0, 423.658, 0.0)
1730 : (3, 37, 0.5427, 87.9385, 1.0)
1731 : (37, 3, 0.0, 381.2411, 9.0)
1732 : (4, 17, 0.8737, 148.6283, 1.0)
1733 : (11, 4, 0.0, 239.914, 2.5)
1734 : (10, 30, 0.4849, 100.2654, 1.0)
1735 : (30, 10, 0.0, 227.9174, 1.8)
1736 : (6, 34, 0.4072, 110.6785, 2.0)
1737 : (34, 6, 0.0, 469.8456, 2.5)
1738 : (2, 38, 1.5992, 147.564, 1.0)
1739 : (35, 2, 0.0, 239.661, 29.0)
1740 : (6, 28, 1.9158, 170.2136, 1.0)
1741 : (22, 6, 0.0, 395.7049, 2.6)
1742 : (2, 42, 2.4128, 164.5398, 1.0)
1743 : (38, 2, 0.0256, 444.5763, 18.5)
1744 : (3, 14, 0.0, 67.8316, 1.5)
1745 : (13, 3, 0.0, 422.5564, 1.5)
1746 : (6, 33, 1.5593, 166.2149, 1.0)
1747 : (23, 6, 0.0, 268.9518, 5.75)
1748 : (6, 36, 1.8248, 180.7056, 1.0)
1749 : (34, 6, 0.0, 248.4103, 5.1667)
1750 : (2, 40, 1.6865, 166.4699, 1.0)
1751 : (33, 3, 0.0, 413.9167, 9.6667)
1752 : (9, 40, 1.4038, 144.5698, 1.0)
1753 : (31, 10, 0.0, 191.2244, 4.4286)
1754 : (11, 29, 0.0, 371.6688, 2.5)
1755 : (29, 11, 0.0342, 319.4357, 5.8)
1756 : (17, 23, 0.0, 423.9028, 1.5455)
1757 : (23, 18, 0.0507, 253.8232, 2.2)
1758 : (18, 23, 0.0, 391.52, 1.7778)
1759 : (22, 18, 0.0, 347.9845, 2.4444)
1760 : (9, 31, 0.46, 108.2811, 1.5)
1761 : (31, 10, 0.0045, 270.4221, 3.8571)
1762 : (4, 36, 0.7309, 81.3007, 1.3333)
1763 : (36, 4, 0.0, 248.8564, 4.3333)
1764 : (1, 39, 1.7148, 120.4143, 1.0)
1765 : (39, 1, 0.0, 341.5311, 18.0)
1766 : (5, 38, 1.5701, 135.3261, 1.0)
1767 : (35, 5, 0.0, 397.1467, 4.0)
1768 : (6, 42, 1.4006, 119.032, 1.2)
1769 : (34, 6, 0.0, 301.1403, 7.25)
1770 : (21, 21, 0.0, 386.4662, 1.875)
1771 : (19, 25, 0.0038, 378.3869, 2.1111)
1772 : (15, 25, 0.0, 265.9743, 1.2)
1773 : (25, 15, 0.0012, 336.3398, 2.2727)
1774 : (17, 24, 0.0107, 441.2899, 1.7)
1775 : (23, 22, 0.0595, 471.7909, 1.8333)
1776 : (15, 25, 0.0, 312.0114, 2.1429)
1777 : (25, 16, 0.0, 455.3031, 2.625)
1778 : (3, 23, 0.0339, 54.8989, 1.0)
1779 : (23, 4, 0.0, 254.0699, 9.0)
1780 : (8, 32, 0.7318, 79.8739, 1.75)
1781 : (32, 8, 0.0092, 381.1982, 6.4)
1782 : (9, 31, 0.7943, 94.69, 1.125)
1783 : (31, 9, 0.0, 360.6408, 3.125)
1784 : (11, 29, 0.223, 77.4145, 1.1)
1785 : (29, 11, 0.0, 267.0923, 2.7)
1786 : (11, 29, 1.1516, 108.5539, 1.2222)
1787 : (29, 11, 0.0, 335.9052, 3.0)
1788 : (14, 26, 0.0, 394.412, 1.5556)
1789 : (26, 14, 0.0, 552.8068, 2.875)
1790 : (2, 9, 0.4097, 67.7727, 1.0)
1791 : (9, 3, 0.0, 165.9768, 4.5)
1792 : (0, 3, 0.0, 0.0, 0.0)
1793 : (3, 0, 0.0, 337.8135, 0.0)
1794 : (16, 24, 0.4572, 74.1681, 1.4545)
1795 : (24, 18, 0.0, 334.2447, 1.6364)
1796 : (20, 20, 0.5227, 115.8979, 1.8182)
1797 : (20, 20, 0.016, 378.8912, 1.6364)
1798 : (13, 40, 1.454, 128.1463, 1.4444)
1799 : (27, 13, 0.0077, 291.8912, 3.25)
1800 : (2, 30, 0.4118, 144.2993, 1.0)
1801 : (28, 3, 0.0038, 310.0967, 1.5)
1802 : (3, 40, 0.501, 276.0016, 1.0)
1803 : (37, 3, 0.0, 233.3443, 12.0)
1804 : (0, 42, 0.525, 308.2755, 0.0)
1805 : (40, 11, 0.0, 298.1928, 4.125)
1806 : (0, 41, 0.6583, 325.9297, 0.0)
1807 : (40, 24, 0.0, 294.6881, 2.4667)
1808 : (4, 44, 0.3558, 167.7803, 1.0)
1809 : (36, 4, 0.0, 387.0074, 7.25)
1810 : (2, 43, 0.0491, 65.2617, 1.0)
1811 : (38, 20, 0.0014, 264.1113, 2.7692)
1812 : (0, 41, 0.6068, 261.2772, 0.0)
1813 : (40, 1, 0.0, 464.1843, 1.0)
1814 : (0, 41, 0.3103, 309.0698, 0.0)
1815 : (40, 0, 0.0, 391.3511, 0.0)
1816 : (1, 44, 0.3269, 132.6892, 1.0)
1817 : (39, 1, 0.0, 399.1709, 38.0)
1818 : (0, 41, 0.4665, 133.7922, 0.0)
1819 : (40, 0, 0.004, 419.5818, 0.0)
1820 : (6, 34, 0.8553, 294.7146, 1.2)
1821 : (34, 7, 0.0201, 321.7478, 6.4)
1822 : (4, 61, 0.5527, 313.9538, 1.0)
1823 : (36, 4, 0.0114, 506.2301, 8.25)
1824 : (2, 38, 0.4033, 235.176, 1.0)
1825 : (38, 3, 0.0044, 385.6468, 9.6667)
1826 : (1, 41, 0.0923, 194.4207, 1.0)
1827 : (39, 1, 0.0171, 455.6499, 10.0)
1828 : (4, 42, 0.2549, 149.4753, 1.0)
1829 : (36, 5, 0.0, 429.3523, 12.0)
1830 : (6, 37, 0.2646, 274.2161, 1.0)
1831 : (28, 6, 0.0, 467.5617, 4.6667)
1832 : (5, 51, 0.2271, 198.9765, 1.25)
1833 : (35, 5, 0.0, 371.5923, 5.0)
1834 : (4, 36, 0.2458, 238.3611, 1.3333)
1835 : (36, 4, 0.0218, 405.4713, 11.6667)
1836 : (1, 39, 0.2688, 293.4958, 0.0)
1837 : (39, 1, 0.0036, 465.3897, 39.0)
1838 : (2, 39, 0.152, 199.1473, 1.0)
1839 : (38, 2, 0.0041, 458.9656, 18.5)
1840 : (2, 38, 0.0893, 183.7706, 1.0)
1841 : (38, 2, 0.01, 404.6726, 13.0)
1842 : (3, 44, 0.2367, 275.1636, 1.0)
1843 : (37, 3, 0.0097, 379.3184, 11.6667)
1844 : (1, 39, 0.1563, 279.735, 1.0)
1845 : (39, 1, 0.003, 339.473, 29.0)
1846 : (1, 40, 0.6429, 345.1553, 1.0)
1847 : (39, 1, 0.037, 586.5447, 16.0)
1848 : (10, 30, 0.1437, 239.5536, 1.4286)
1849 : (30, 10, 0.0, 413.2728, 4.0)
1850 : (0, 43, 0.3016, 321.1207, 0.0)
1851 : (40, 0, 0.024, 580.0778, 0.0)
1852 : (4, 42, 0.1995, 187.3022, 1.0)
1853 : (36, 4, 0.0139, 416.3294, 8.75)
1854 : (9, 44, 0.3533, 247.1567, 1.125)
1855 : (31, 10, 0.0249, 360.6781, 3.7143)
1856 : (2, 13, 0.3649, 222.1077, 1.0)
1857 : (10, 2, 0.0111, 305.431, 8.0)
1858 : (7, 33, 0.0349, 237.4463, 1.1667)
1859 : (33, 7, 0.0, 345.6804, 5.1667)
1860 : (7, 33, 0.2156, 289.0424, 1.4)
1861 : (33, 7, 0.0055, 393.2309, 5.6)
1862 : (3, 37, 0.4531, 416.7745, 1.0)
1863 : (37, 3, 0.0093, 467.9178, 11.3333)
1864 : (7, 33, 0.244, 243.8522, 1.0)
1865 : (33, 7, 0.0047, 355.3339, 4.7143)
1866 : (10, 30, 0.375, 227.5815, 2.0)
1867 : (30, 10, 0.0, 353.0974, 5.2)
1868 : (4, 40, 0.1476, 194.2813, 1.0)
1869 : (36, 5, 0.0033, 314.3011, 7.75)
1870 : (1, 41, 0.8479, 578.269, 1.0)
1871 : (39, 3, 0.008, 391.3337, 6.0)
1872 : (8, 32, 0.2364, 217.2563, 1.6)
1873 : (32, 8, 0.0, 388.4544, 5.0)
1874 : (2, 38, 0.7121, 277.4865, 1.0)
1875 : (38, 4, 0.0032, 277.618, 6.5)
1876 : (3, 37, 0.401, 356.6324, 1.0)
1877 : (37, 3, 0.0271, 484.2629, 11.6667)
1878 : (1, 39, 0.0, 211.0091, 1.0)
1879 : (39, 1, 0.0191, 526.9706, 33.0)
1880 : (0, 40, 0.0, 0.0, 0.0)
1881 : (40, 0, 0.0401, 593.0588, 0.0)
1882 : (3, 26, 0.3207, 297.5865, 1.0)
1883 : (23, 3, 0.0, 342.2809, 3.6667)
1884 : (1, 40, 0.2882, 266.9683, 1.0)
1885 : (39, 1, 0.0, 408.8436, 17.0)
1886 : (5, 35, 0.375, 347.9551, 1.0)
1887 : (35, 5, 0.0, 335.7905, 5.8)
1888 : (7, 35, 0.3063, 434.3425, 1.1667)
1889 : (33, 7, 0.0226, 389.8599, 4.5)
1890 : (6, 37, 0.071, 220.9185, 1.2)
1891 : (34, 6, 0.0103, 379.7536, 6.4)
1892 : (0, 39, 0.0833, 84.878, 0.0)
1893 : (38, 0, 0.0027, 271.6206, 0.0)
1894 : (9, 36, 0.1997, 341.8462, 1.2857)
1895 : (31, 9, 0.0191, 281.91, 4.6667)
1896 : (18, 23, 0.1782, 217.3419, 1.7)
1897 : (22, 18, 0.0192, 281.6011, 2.2)
1898 : (4, 36, 0.1932, 191.3974, 2.0)
1899 : (36, 4, 0.0097, 450.4974, 6.0)
1900 : (2, 38, 0.1696, 235.8131, 1.0)
1901 : (38, 2, 0.0, 388.7287, 19.0)
1902 : (4, 33, 0.1411, 283.6524, 1.3333)
1903 : (33, 4, 0.0, 340.9636, 9.3333)
1904 : (3, 37, 0.1289, 98.4732, 1.5)
1905 : (37, 3, 0.037, 625.854, 15.5)
1906 : (3, 37, 0.0859, 135.0842, 1.0)
1907 : (37, 3, 0.0431, 510.5202, 12.3333)
1908 : (5, 35, 0.1158, 198.5216, 1.0)
1909 : (35, 5, 0.0046, 351.8632, 6.2)
1910 : (2, 38, 0.4031, 325.8131, 1.0)
1911 : (38, 2, 0.0, 463.7915, 3.0)
1912 : (11, 39, 0.4656, 432.1972, 1.25)
1913 : (29, 11, 0.0359, 374.6846, 3.2222)
1914 : (11, 36, 0.2923, 337.8291, 1.5714)
1915 : (29, 11, 0.0243, 412.7208, 4.8)
1916 : (2, 39, 0.4914, 290.927, 1.0)
1917 : (38, 2, 0.0042, 424.4794, 16.5)
1918 : (3, 42, 0.4081, 279.6154, 1.0)
1919 : (37, 3, 0.0037, 358.2245, 11.0)
1920 : (8, 34, 0.3834, 335.049, 1.3333)
1921 : (32, 8, 0.0064, 459.6852, 5.8)
1922 : (12, 28, 0.1815, 208.3912, 2.0)
1923 : (28, 12, 0.0249, 560.5524, 4.5)
1924 : (10, 32, 0.1382, 244.7035, 1.1111)
1925 : (30, 10, 0.0158, 373.1509, 2.6667)
1926 : (11, 29, 0.2617, 258.3536, 1.8333)
1927 : (29, 11, 0.0, 239.5672, 4.3333)
1928 : (29, 11, 0.2711, 232.7539, 3.5)
1929 : (11, 29, 0.0, 250.315, 1.375)
1930 : (14, 26, 0.27, 188.2983, 1.2)
1931 : (26, 14, 0.0, 243.1227, 2.3636)
1932 : (23, 25, 0.2434, 227.3625, 1.6923)
1933 : (17, 23, 0.0, 236.7103, 1.7)
1934 : (24, 19, 0.5043, 325.8635, 1.8333)
1935 : (16, 24, 0.0, 269.631, 1.6)
1936 : (18, 23, 0.4849, 319.7377, 1.6667)
1937 : (17, 18, 0.0, 190.5449, 2.125)
1938 : (5, 38, 0.1005, 256.9608, 1.0)
1939 : (35, 5, 0.0, 323.2486, 6.5)
1940 : (5, 35, 0.2617, 382.7497, 1.0)
1941 : (35, 5, 0.0246, 563.4714, 6.8)
1942 : (3, 37, 0.3409, 414.5273, 1.0)
1943 : (37, 3, 0.0211, 507.8416, 10.0)
1944 : (4, 6, 0.0, 62.7541, 1.3333)
1945 : (6, 4, 0.0, 386.1361, 1.5)
1946 : (12, 29, 0.2627, 313.3326, 1.2222)
1947 : (28, 12, 0.0, 356.5165, 2.8)
1948 : (8, 33, 0.3256, 341.1623, 2.0)
1949 : (32, 8, 0.0061, 433.4418, 7.5)
1950 : (10, 30, 0.2027, 288.8246, 1.25)
1951 : (30, 10, 0.0052, 261.9537, 3.25)
1952 : (11, 29, 0.2003, 294.8128, 2.2)
1953 : (29, 11, 0.0048, 252.6116, 4.0)
1954 : (19, 21, 0.2754, 313.8621, 2.1111)
1955 : (21, 20, 0.0, 338.831, 1.5)
1956 : (8, 32, 0.251, 245.7498, 1.1429)
1957 : (32, 9, 0.0147, 324.5237, 3.625)
1958 : (19, 21, 0.2007, 331.5577, 3.0)
1959 : (21, 19, 0.0263, 580.3285, 3.5)
1960 : (7, 33, 0.1842, 336.2592, 1.1667)
1961 : (33, 7, 0.0471, 566.6167, 3.6)
1962 : (22, 18, 0.227, 253.6324, 1.5714)
1963 : (18, 22, 0.0, 235.5878, 1.2308)
1964 : (9, 32, 0.0, 65.8896, 1.5)
1965 : (31, 9, 0.0, 375.9524, 5.0)
1966 : (22, 18, 0.0911, 165.5999, 2.2)
1967 : (18, 22, 0.0, 371.9342, 1.8889)
1968 : (17, 23, 0.314, 402.3684, 1.7778)
1969 : (23, 17, 0.0, 352.3785, 2.3)
1970 : (15, 27, 0.3237, 282.9113, 1.2727)
1971 : (25, 16, 0.0, 375.4815, 2.2727)
1972 : (23, 17, 0.2596, 310.3721, 2.0)
1973 : (17, 23, 0.0, 322.7414, 1.8889)
1974 : (23, 17, 0.6017, 387.8703, 2.5556)
1975 : (17, 23, 0.0, 362.4692, 1.6667)
1976 : (15, 25, 0.32, 396.1484, 1.6667)
1977 : (25, 15, 0.0, 301.4428, 2.2222)
1978 : (10, 23, 0.256, 339.2973, 1.4286)
1979 : (23, 10, 0.0, 240.3565, 3.6667)
1980 : (8, 20, 0.0435, 239.1166, 1.1667)
1981 : (20, 8, 0.0054, 361.2749, 2.8571)
1982 : (20, 20, 0.1471, 198.8182, 2.0)
1983 : (20, 20, 0.0066, 356.7521, 1.9)
1984 : (21, 19, 0.1663, 202.0281, 2.3333)
1985 : (19, 21, 0.0, 344.9748, 2.25)
1986 : (14, 26, 0.3713, 298.9588, 1.1667)
1987 : (26, 14, 0.0104, 369.3341, 2.2727)
1988 : (21, 19, 0.1217, 167.6256, 2.0)
1989 : (19, 21, 0.0, 359.8325, 1.7273)
1990 : (12, 16, 0.0945, 161.5905, 1.5)
1991 : (16, 12, 0.016, 328.4014, 1.875)
1992 : (19, 21, 0.1211, 210.5144, 1.9)
1993 : (21, 20, 0.0, 346.4164, 1.8)
1994 : (20, 20, 0.1714, 183.9922, 1.8)
1995 : (20, 20, 0.0, 261.7466, 2.0)
1996 : (20, 20, 0.2142, 254.9323, 1.8182)
1997 : (20, 20, 0.0056, 354.1061, 1.9)
1998 : (17, 23, 0.0815, 154.1609, 2.0)
1999 : (23, 17, 0.013, 407.0092, 2.875)
*********************************************************
   	     	          entropy          	        obj_1         	       obj_2       
   	     	---------------------------	----------------------	-------------------
gen	evals	min     	avg    	max	min	avg    	max   	min	avg    	max
0  	1000 	0.806441	2.23988	3  	0  	157.089	671.43	0  	6.49404	39 