0 : (0, 0)
1 : (0, 0)
2 : (0, 0)
3 : (0, 0)
4 : (0, 4)
5 : (4, 0)
6 : (4, 0)
7 : (0, 4)
8 : (0, 0)
9 : (0, 0)
10 : (0, 0)
11 : (0, 0)
12 : (0, 4)
13 : (4, 0)
14 : (0, 0)
15 : (0, 0)
16 : (18, 0)
17 : (0, 18)
18 : (0, 0)
19 : (0, 0)
20 : (0, 0)
21 : (0, 0)
22 : (0, 0)
23 : (0, 0)
24 : (0, 0)
25 : (0, 0)
26 : (4, 0)
27 : (0, 4)
28 : (0, 3)
29 : (3, 0)
30 : (0, 0)
31 : (0, 0)
32 : (6, 0)
33 : (0, 6)
34 : (0, 0)
35 : (0, 0)
36 : (0, 0)
37 : (0, 0)
38 : (0, 0)
39 : (0, 0)
40 : (0, 0)
41 : (0, 0)
42 : (0, 0)
43 : (0, 0)
44 : (4, 0)
45 : (0, 4)
46 : (0, 0)
47 : (0, 0)
48 : (0, 0)
49 : (0, 0)
50 : (1, 0)
51 : (0, 1)
52 : (0, 0)
53 : (0, 0)
54 : (0, 0)
55 : (0, 0)
56 : (1, 0)
57 : (0, 1)
58 : (0, 8)
59 : (8, 0)
60 : (0, 0)
61 : (0, 0)
62 : (0, 0)
63 : (0, 0)
64 : (0, 0)
65 : (0, 0)
66 : (0, 0)
67 : (0, 0)
68 : (0, 0)
69 : (0, 0)
70 : (0, 0)
71 : (0, 0)
72 : (0, 1)
73 : (1, 0)
74 : (0, 0)
75 : (0, 0)
76 : (11, 0)
77 : (0, 11)
78 : (0, 0)
79 : (0, 0)
80 : (6, 3)
81 : (3, 6)
82 : (24, 0)
83 : (0, 24)
84 : (0, 2)
85 : (2, 0)
86 : (25, 0)
87 : (0, 25)
88 : (0, 13)
89 : (13, 0)
90 : (0, 0)
91 : (0, 0)
92 : (0, 25)
93 : (25, 0)
94 : (5, 8)
95 : (8, 5)
96 : (6, 1)
97 : (1, 6)
98 : (16, 4)
99 : (4, 16)
0 : (1, 0)
1 : (0, 1)
2 : (3, 0)
3 : (0, 3)
4 : (1, 0)
5 : (0, 1)
6 : (11, 0)
7 : (0, 11)
12 : (10, 0)
13 : (0, 10)
16 : (0, 2)
17 : (2, 0)
18 : (5, 0)
19 : (0, 5)
20 : (0, 0)
21 : (0, 0)
22 : (15, 10)
23 : (10, 15)
24 : (0, 0)
25 : (0, 0)
26 : (2, 0)
27 : (0, 2)
28 : (0, 0)
29 : (0, 0)
32 : (0, 0)
33 : (0, 0)
34 : (0, 0)
35 : (0, 0)
36 : (4, 25)
37 : (25, 4)
38 : (1, 0)
39 : (0, 1)
40 : (20, 8)
41 : (8, 20)
42 : (0, 8)
43 : (8, 0)
44 : (0, 0)
45 : (0, 0)
46 : (25, 0)
47 : (0, 25)
48 : (5, 0)
49 : (0, 5)
50 : (0, 3)
51 : (3, 0)
52 : (3, 0)
53 : (0, 3)
58 : (0, 25)
59 : (25, 0)
60 : (10, 8)
61 : (8, 10)
64 : (0, 4)
65 : (4, 0)
66 : (10, 0)
67 : (0, 10)
68 : (1, 0)
69 : (0, 1)
70 : (21, 1)
71 : (1, 21)
72 : (2, 0)
73 : (0, 2)
74 : (0, 0)
75 : (0, 0)
84 : (25, 20)
85 : (20, 25)
86 : (0, 6)
87 : (6, 0)
92 : (7, 8)
93 : (8, 7)
94 : (3, 0)
95 : (0, 3)
96 : (1, 0)
97 : (0, 1)
98 : (14, 1)
99 : (1, 14)
2 : (0, 2)
3 : (2, 0)
16 : (19, 23)
17 : (23, 19)
18 : (2, 2)
19 : (2, 2)
24 : (11, 10)
25 : (10, 11)
28 : (23, 5)
29 : (5, 23)
30 : (12, 15)
31 : (15, 12)
34 : (0, 11)
35 : (11, 0)
40 : (15, 18)
41 : (18, 15)
42 : (10, 0)
43 : (0, 10)
46 : (0, 0)
47 : (0, 0)
48 : (2, 0)
49 : (0, 2)
50 : (3, 4)
51 : (4, 3)
52 : (12, 11)
53 : (11, 12)
54 : (0, 25)
55 : (25, 0)
56 : (2, 0)
57 : (0, 2)
58 : (3, 1)
59 : (1, 3)
60 : (0, 0)
61 : (0, 0)
62 : (0, 2)
63 : (2, 0)
72 : (15, 0)
73 : (0, 15)
74 : (0, 3)
75 : (3, 0)
84 : (2, 0)
85 : (0, 2)
86 : (23, 1)
87 : (1, 23)
94 : (18, 9)
95 : (9, 18)
96 : (9, 22)
97 : (22, 9)
98 : (3, 0)
99 : (0, 3)
0 : (0, 2)
1 : (2, 0)
2 : (8, 25)
3 : (25, 8)
6 : (7, 19)
7 : (19, 7)
8 : (15, 7)
9 : (7, 15)
10 : (20, 11)
11 : (11, 20)
12 : (25, 9)
13 : (9, 25)
14 : (3, 17)
15 : (17, 3)
16 : (4, 10)
17 : (10, 4)
18 : (23, 11)
19 : (11, 23)
24 : (0, 0)
25 : (0, 0)
26 : (4, 0)
27 : (0, 4)
28 : (7, 22)
29 : (21, 7)
30 : (11, 0)
31 : (0, 11)
32 : (5, 9)
33 : (9, 5)
34 : (25, 7)
35 : (7, 25)
40 : (1, 2)
41 : (2, 1)
42 : (12, 12)
43 : (12, 12)
44 : (8, 18)
45 : (18, 8)
46 : (25, 12)
47 : (12, 25)
50 : (25, 2)
51 : (2, 25)
60 : (0, 0)
61 : (0, 0)
64 : (12, 12)
65 : (12, 12)
66 : (12, 14)
67 : (14, 12)
68 : (2, 1)
69 : (1, 2)
70 : (6, 6)
71 : (6, 6)
76 : (6, 4)
77 : (4, 6)
78 : (3, 2)
79 : (2, 3)
80 : (0, 4)
81 : (4, 0)
84 : (18, 11)
85 : (11, 18)
86 : (3, 23)
87 : (23, 3)
88 : (0, 0)
89 : (0, 0)
90 : (23, 1)
91 : (1, 23)
96 : (2, 25)
97 : (25, 2)
0 : (0, 1)
1 : (1, 0)
2 : (4, 4)
3 : (4, 4)
8 : (9, 15)
9 : (15, 9)
10 : (16, 19)
11 : (19, 16)
18 : (25, 11)
19 : (11, 25)
20 : (1, 0)
21 : (0, 1)
22 : (25, 6)
23 : (6, 25)
24 : (5, 25)
25 : (25, 5)
26 : (13, 11)
27 : (11, 13)
28 : (2, 19)
29 : (19, 2)
30 : (2, 0)
31 : (0, 2)
36 : (1, 0)
37 : (0, 1)
38 : (25, 4)
39 : (4, 25)
44 : (8, 23)
45 : (23, 8)
46 : (17, 5)
47 : (5, 17)
48 : (1, 0)
49 : (0, 1)
50 : (9, 4)
51 : (4, 9)
54 : (0, 1)
55 : (1, 0)
56 : (0, 20)
57 : (20, 0)
58 : (0, 2)
59 : (2, 0)
64 : (5, 1)
65 : (1, 5)
66 : (7, 5)
67 : (5, 7)
80 : (19, 12)
81 : (12, 19)
82 : (13, 15)
83 : (15, 13)
84 : (15, 11)
85 : (11, 15)
86 : (0, 1)
87 : (1, 0)
92 : (7, 0)
93 : (0, 7)
94 : (12, 9)
95 : (9, 12)
16 : (2, 4)
17 : (4, 2)
18 : (12, 20)
19 : (20, 12)
28 : (25, 13)
29 : (13, 25)
30 : (5, 12)
31 : (12, 5)
32 : (25, 11)
33 : (11, 25)
34 : (0, 9)
35 : (9, 0)
36 : (3, 17)
37 : (17, 3)
38 : (25, 2)
39 : (2, 25)
40 : (0, 2)
41 : (2, 0)
42 : (1, 9)
43 : (9, 1)
48 : (1, 0)
49 : (0, 1)
50 : (3, 5)
51 : (5, 3)
56 : (25, 16)
57 : (16, 25)
58 : (21, 13)
59 : (13, 21)
64 : (0, 3)
65 : (3, 0)
66 : (1, 7)
67 : (7, 1)
70 : (12, 10)
71 : (10, 12)
72 : (17, 11)
73 : (11, 17)
74 : (2, 25)
75 : (25, 2)
76 : (0, 5)
77 : (5, 0)
80 : (0, 0)
81 : (0, 0)
82 : (8, 25)
83 : (25, 8)
84 : (0, 0)
85 : (0, 0)
86 : (1, 0)
87 : (0, 1)
64 : (11, 18)
65 : (18, 11)
66 : (24, 0)
67 : (0, 24)
4 : (3, 0)
5 : (0, 3)
6 : (8, 8)
7 : (8, 8)
12 : (25, 13)
13 : (13, 25)
14 : (4, 5)
15 : (5, 4)
16 : (23, 25)
17 : (25, 23)
18 : (2, 4)
19 : (4, 2)
78 : (4, 0)
69 : (25, 2)
68 : (2, 25)
79 : (0, 4)
92 : (14, 12)
93 : (12, 14)
30 : (1, 25)
31 : (25, 1)
32 : (18, 3)
33 : (3, 18)
34 : (3, 4)
35 : (4, 3)
36 : (25, 7)
37 : (7, 25)
38 : (2, 0)
39 : (0, 2)
71 : (9, 7)
94 : (25, 12)
95 : (12, 25)
70 : (7, 9)
4 : (10, 3)
5 : (3, 10)
8 : (12, 19)
9 : (19, 12)
10 : (25, 7)
11 : (7, 25)
12 : (25, 10)
13 : (10, 25)
14 : (0, 5)
15 : (5, 0)
16 : (7, 8)
17 : (8, 7)
20 : (12, 6)
21 : (6, 12)
22 : (6, 8)
23 : (8, 6)
24 : (17, 19)
25 : (19, 17)
26 : (20, 13)
27 : (13, 20)
28 : (0, 2)
29 : (2, 0)
32 : (16, 3)
33 : (3, 16)
34 : (22, 19)
35 : (19, 22)
44 : (21, 18)
45 : (18, 21)
46 : (23, 14)
47 : (14, 23)
50 : (0, 2)
51 : (2, 0)
52 : (23, 13)
53 : (13, 23)
54 : (2, 14)
55 : (14, 2)
56 : (3, 0)
57 : (0, 3)
58 : (2, 1)
59 : (1, 2)
68 : (1, 1)
69 : (1, 1)
70 : (23, 11)
71 : (11, 23)
72 : (7, 4)
73 : (4, 7)
74 : (17, 12)
75 : (12, 17)
78 : (14, 11)
79 : (11, 14)
80 : (0, 0)
81 : (0, 0)
84 : (25, 11)
85 : (11, 25)
86 : (9, 8)
87 : (8, 9)
88 : (25, 10)
89 : (10, 25)
90 : (7, 22)
91 : (22, 7)
92 : (0, 1)
93 : (1, 0)
94 : (22, 15)
95 : (15, 22)
6 : (0, 0)
7 : (0, 0)
8 : (25, 12)
9 : (12, 25)
14 : (25, 9)
15 : (9, 25)
16 : (6, 9)
17 : (9, 6)
18 : (17, 9)
19 : (9, 17)
20 : (0, 0)
21 : (0, 0)
22 : (25, 8)
23 : (8, 25)
24 : (10, 2)
25 : (2, 10)
26 : (10, 21)
27 : (21, 10)
28 : (23, 10)
29 : (10, 23)
30 : (7, 4)
31 : (4, 7)
36 : (7, 25)
37 : (25, 7)
38 : (23, 11)
39 : (11, 23)
40 : (4, 6)
41 : (6, 4)
42 : (4, 1)
43 : (1, 4)
44 : (8, 9)
45 : (9, 8)
46 : (10, 17)
47 : (17, 10)
48 : (16, 16)
49 : (16, 16)
50 : (22, 11)
51 : (11, 22)
56 : (7, 7)
57 : (7, 7)
58 : (2, 2)
59 : (2, 2)
60 : (1, 3)
61 : (3, 1)
64 : (5, 4)
65 : (4, 5)
66 : (12, 12)
67 : (12, 12)
72 : (8, 22)
73 : (22, 8)
74 : (8, 1)
75 : (1, 8)
76 : (17, 16)
77 : (16, 17)
80 : (12, 8)
81 : (8, 12)
82 : (12, 10)
83 : (10, 12)
88 : (19, 19)
89 : (19, 19)
90 : (0, 0)
91 : (0, 0)
96 : (21, 12)
97 : (12, 21)
98 : (25, 19)
99 : (19, 25)
0 : (0, 1)
1 : (1, 0)
2 : (25, 9)
3 : (9, 25)
4 : (19, 11)
5 : (11, 19)
6 : (15, 9)
7 : (9, 15)
12 : (12, 11)
13 : (11, 12)
14 : (0, 1)
15 : (1, 0)
16 : (10, 5)
17 : (5, 10)
18 : (16, 17)
19 : (17, 16)
20 : (9, 7)
21 : (7, 9)
22 : (19, 17)
23 : (17, 19)
28 : (3, 2)
29 : (2, 3)
30 : (7, 5)
31 : (5, 7)
36 : (18, 4)
37 : (4, 18)
38 : (5, 6)
39 : (6, 5)
40 : (1, 1)
41 : (1, 1)
42 : (5, 21)
43 : (21, 5)
46 : (0, 0)
47 : (0, 0)
48 : (25, 6)
49 : (6, 25)
50 : (4, 25)
51 : (25, 4)
52 : (25, 12)
53 : (12, 25)
54 : (3, 1)
55 : (1, 3)
56 : (17, 17)
57 : (17, 17)
58 : (10, 3)
59 : (3, 10)
60 : (21, 24)
61 : (24, 21)
62 : (23, 8)
63 : (8, 23)
76 : (1, 2)
77 : (2, 1)
78 : (0, 0)
79 : (0, 0)
80 : (9, 25)
81 : (25, 9)
82 : (25, 2)
83 : (2, 25)
96 : (14, 17)
97 : (17, 14)
98 : (0, 2)
99 : (2, 0)
0 : (0, 0)
1 : (0, 0)
2 : (6, 1)
3 : (1, 6)
4 : (14, 9)
5 : (9, 14)
6 : (15, 25)
7 : (25, 15)
12 : (19, 8)
13 : (8, 19)
14 : (1, 0)
15 : (0, 1)
16 : (20, 15)
17 : (15, 20)
18 : (23, 14)
19 : (14, 23)
20 : (2, 5)
21 : (5, 2)
22 : (18, 18)
23 : (18, 18)
32 : (8, 22)
33 : (22, 8)
34 : (25, 9)
35 : (9, 25)
36 : (12, 13)
37 : (13, 12)
38 : (11, 4)
39 : (4, 11)
44 : (15, 9)
45 : (9, 15)
46 : (0, 4)
47 : (4, 0)
52 : (25, 10)
53 : (10, 25)
54 : (21, 13)
55 : (13, 21)
56 : (25, 12)
57 : (12, 25)
58 : (11, 15)
59 : (15, 11)
60 : (10, 2)
61 : (2, 10)
62 : (6, 0)
63 : (0, 6)
64 : (13, 17)
65 : (17, 13)
66 : (25, 4)
67 : (4, 25)
68 : (4, 12)
69 : (12, 4)
72 : (1, 0)
73 : (0, 1)
74 : (0, 1)
75 : (1, 0)
76 : (17, 4)
77 : (4, 17)
78 : (18, 17)
79 : (17, 18)
80 : (11, 12)
81 : (12, 11)
82 : (0, 0)
83 : (0, 0)
84 : (25, 15)
85 : (15, 25)
86 : (22, 15)
87 : (15, 22)
92 : (17, 23)
93 : (23, 17)
94 : (25, 15)
95 : (15, 25)
0 : (0, 2)
1 : (2, 0)
2 : (2, 1)
3 : (1, 2)
4 : (16, 15)
5 : (15, 16)
6 : (25, 16)
7 : (16, 25)
16 : (6, 1)
17 : (1, 6)
20 : (2, 3)
21 : (3, 2)
22 : (25, 13)
23 : (13, 25)
26 : (6, 0)
27 : (0, 6)
32 : (18, 14)
33 : (14, 18)
34 : (25, 16)
35 : (16, 25)
36 : (0, 1)
37 : (1, 0)
38 : (25, 14)
39 : (14, 25)
40 : (21, 16)
41 : (16, 21)
42 : (2, 5)
43 : (5, 2)
44 : (16, 5)
45 : (5, 16)
52 : (1, 1)
53 : (1, 1)
54 : (0, 0)
55 : (0, 0)
58 : (20, 19)
59 : (19, 20)
60 : (25, 11)
61 : (11, 25)
62 : (20, 15)
63 : (15, 20)
64 : (0, 0)
65 : (0, 0)
66 : (25, 11)
67 : (11, 25)
68 : (8, 5)
69 : (5, 8)
70 : (22, 13)
71 : (13, 22)
72 : (8, 3)
73 : (3, 8)
74 : (20, 17)
75 : (17, 20)
78 : (25, 15)
79 : (15, 25)
82 : (25, 17)
83 : (17, 25)
88 : (17, 24)
89 : (24, 17)
90 : (15, 4)
91 : (4, 15)
92 : (1, 3)
93 : (3, 1)
94 : (16, 22)
95 : (22, 16)
96 : (20, 12)
97 : (12, 20)
98 : (12, 15)
99 : (15, 12)
2 : (0, 1)
3 : (1, 0)
8 : (25, 17)
9 : (17, 25)
10 : (12, 18)
11 : (18, 12)
12 : (21, 10)
13 : (10, 21)
14 : (10, 10)
15 : (10, 10)
16 : (19, 3)
17 : (3, 19)
18 : (22, 17)
19 : (17, 22)
20 : (25, 9)
21 : (9, 25)
22 : (11, 11)
23 : (11, 11)
28 : (14, 7)
29 : (7, 14)
30 : (2, 2)
31 : (2, 2)
32 : (23, 9)
33 : (9, 23)
34 : (18, 7)
35 : (7, 18)
36 : (17, 25)
37 : (25, 17)
38 : (17, 20)
39 : (20, 17)
40 : (7, 25)
41 : (25, 7)
42 : (9, 3)
43 : (3, 9)
44 : (9, 8)
45 : (8, 9)
46 : (20, 23)
47 : (23, 20)
48 : (0, 0)
49 : (0, 0)
50 : (4, 3)
51 : (3, 4)
52 : (2, 7)
53 : (7, 2)
54 : (2, 1)
55 : (1, 2)
60 : (16, 21)
61 : (21, 16)
62 : (0, 1)
63 : (1, 0)
68 : (25, 6)
69 : (6, 25)
70 : (12, 25)
71 : (25, 12)
72 : (14, 24)
73 : (24, 14)
74 : (16, 25)
75 : (25, 16)
76 : (23, 10)
77 : (10, 23)
78 : (11, 6)
79 : (6, 11)
80 : (5, 5)
81 : (5, 5)
82 : (21, 22)
83 : (22, 21)
92 : (14, 25)
93 : (25, 14)
94 : (0, 1)
95 : (1, 0)
96 : (0, 0)
97 : (0, 0)
98 : (21, 13)
99 : (13, 21)
2 : (5, 7)
3 : (7, 5)
4 : (14, 20)
5 : (20, 14)
6 : (1, 0)
7 : (0, 1)
12 : (0, 4)
13 : (4, 0)
14 : (25, 15)
15 : (15, 25)
16 : (6, 4)
17 : (4, 6)
22 : (15, 14)
23 : (14, 15)
28 : (7, 16)
29 : (16, 7)
30 : (16, 24)
31 : (24, 16)
32 : (20, 20)
33 : (20, 20)
34 : (1, 1)
35 : (1, 1)
40 : (23, 12)
41 : (12, 23)
42 : (6, 25)
43 : (25, 6)
44 : (24, 19)
45 : (19, 24)
46 : (19, 25)
47 : (25, 19)
52 : (0, 0)
53 : (0, 0)
54 : (14, 25)
55 : (25, 14)
72 : (22, 5)
73 : (5, 22)
74 : (0, 0)
75 : (0, 0)
80 : (12, 6)
81 : (6, 12)
82 : (4, 5)
83 : (5, 4)
84 : (12, 1)
85 : (1, 12)
86 : (25, 12)
87 : (12, 25)
88 : (25, 13)
89 : (13, 25)
90 : (25, 18)
91 : (18, 25)
94 : (8, 9)
95 : (9, 8)

gen     avg             std             min     max
0       0.293325        0.59804         0       2.44247
1       0.729803        1.00451         0       3.78215
2       1.35386         1.17285         0       3.66689
3       2.1653          1.04324         0       3.66689
4       2.26517         1.12546         0.04    3.38939
5       2.45989         1.14619         0       3.56991
6       2.83713         0.882108        0.08    3.91749
7       2.68691         1.06054         0       3.63227
8       2.75356         0.871744        0       3.73309
9       2.67694         1.02333         0       3.79358
10      2.64525         1.1449          0       3.73309
11      2.78745         1.06289         0       3.73309
12      2.74117         1.03183         0       3.73309
13      2.97377         1.00264         0       3.73309
