0 : (0, 0)
1 : (0, 0)
2 : (0, 0)
3 : (0, 0)
4 : (0, 3)
5 : (3, 0)
6 : (0, 0)
7 : (0, 0)
8 : (0, 0)
9 : (0, 0)
10 : (0, 2)
11 : (2, 0)
12 : (0, 0)
13 : (0, 0)
14 : (0, 0)
15 : (0, 0)
16 : (0, 0)
17 : (0, 0)
18 : (0, 0)
19 : (0, 0)
20 : (0, 0)
21 : (0, 0)
22 : (0, 0)
23 : (0, 0)
24 : (8, 0)
25 : (0, 8)
26 : (0, 0)
27 : (0, 0)
28 : (0, 0)
29 : (0, 0)
30 : (0, 0)
31 : (0, 0)
32 : (0, 3)
33 : (3, 0)
34 : (0, 2)
35 : (2, 0)
36 : (0, 0)
37 : (0, 0)
38 : (9, 0)
39 : (0, 9)
40 : (0, 0)
41 : (0, 0)
42 : (0, 0)
43 : (0, 0)
44 : (9, 0)
45 : (0, 9)
46 : (0, 0)
47 : (0, 0)
48 : (7, 3)
49 : (3, 7)
50 : (0, 2)
51 : (2, 0)
52 : (3, 0)
53 : (0, 3)
54 : (0, 3)
55 : (3, 0)
56 : (0, 0)
57 : (0, 0)
58 : (2, 0)
59 : (0, 2)
60 : (0, 0)
61 : (0, 0)
62 : (0, 0)
63 : (0, 0)
64 : (18, 0)
65 : (0, 18)
66 : (0, 0)
67 : (0, 0)
68 : (3, 0)
69 : (0, 3)
70 : (0, 0)
71 : (0, 0)
72 : (1, 0)
73 : (0, 1)
74 : (0, 0)
75 : (0, 0)
76 : (5, 0)
77 : (0, 5)
78 : (0, 0)
79 : (0, 0)
80 : (4, 11)
81 : (11, 4)
82 : (7, 15)
83 : (15, 7)
84 : (1, 14)
85 : (14, 1)
86 : (0, 2)
87 : (2, 0)
88 : (18, 0)
89 : (0, 18)
90 : (4, 2)
91 : (2, 4)
92 : (0, 9)
93 : (9, 0)
94 : (4, 3)
95 : (3, 4)
96 : (9, 7)
97 : (7, 9)
98 : (15, 0)
99 : (0, 15)
0 : (0, 3)
1 : (3, 0)
2 : (6, 4)
3 : (4, 6)
4 : (0, 0)
5 : (0, 0)
6 : (18, 0)
7 : (0, 18)
8 : (0, 2)
9 : (2, 0)
10 : (2, 0)
11 : (0, 2)
12 : (4, 0)
13 : (0, 4)
24 : (1, 0)
25 : (0, 1)
26 : (4, 0)
27 : (0, 4)
28 : (3, 0)
29 : (0, 3)
30 : (0, 0)
31 : (0, 0)
32 : (0, 1)
33 : (1, 0)
34 : (0, 0)
35 : (0, 0)
36 : (0, 0)
37 : (0, 0)
40 : (0, 0)
41 : (0, 0)
42 : (2, 1)
43 : (1, 2)
44 : (3, 8)
45 : (8, 3)
48 : (6, 0)
49 : (0, 6)
50 : (0, 2)
51 : (2, 0)
56 : (1, 0)
57 : (0, 1)
58 : (0, 0)
59 : (0, 0)
60 : (4, 0)
61 : (0, 4)
62 : (0, 3)
63 : (3, 0)
64 : (11, 7)
65 : (7, 11)
76 : (0, 1)
77 : (1, 0)
78 : (0, 7)
79 : (7, 0)
84 : (0, 0)
85 : (0, 0)
86 : (8, 12)
87 : (12, 8)
88 : (0, 0)
89 : (0, 0)
90 : (0, 0)
91 : (0, 0)
92 : (2, 4)
93 : (4, 2)
94 : (0, 0)
95 : (0, 0)
96 : (8, 6)
97 : (6, 8)
2 : (2, 4)
3 : (4, 2)
4 : (3, 0)
5 : (0, 3)
6 : (0, 14)
7 : (14, 0)
10 : (0, 0)
11 : (0, 0)
16 : (9, 7)
17 : (7, 9)
20 : (12, 0)
21 : (0, 12)
22 : (0, 7)
23 : (7, 0)
32 : (13, 4)
33 : (4, 13)
34 : (0, 8)
35 : (8, 0)
38 : (0, 0)
39 : (0, 0)
44 : (0, 0)
45 : (0, 0)
46 : (13, 0)
47 : (0, 13)
48 : (7, 9)
49 : (9, 7)
50 : (5, 12)
51 : (12, 5)
52 : (0, 3)
53 : (3, 0)
54 : (0, 0)
55 : (0, 0)
64 : (6, 0)
65 : (0, 6)
66 : (5, 0)
67 : (0, 5)
68 : (0, 3)
69 : (3, 0)
70 : (0, 0)
71 : (0, 0)
78 : (0, 0)
79 : (0, 0)
84 : (0, 0)
85 : (0, 0)
86 : (0, 0)
87 : (0, 0)
92 : (1, 0)
93 : (0, 1)
94 : (0, 6)
95 : (6, 0)
0 : (0, 4)
1 : (4, 0)
2 : (0, 0)
3 : (0, 0)
4 : (9, 1)
5 : (1, 9)
6 : (9, 11)
7 : (11, 9)
8 : (3, 0)
9 : (0, 3)
10 : (8, 4)
11 : (4, 8)
16 : (10, 2)
17 : (2, 10)
18 : (8, 9)
19 : (9, 8)
20 : (11, 8)
21 : (8, 11)
24 : (1, 19)
25 : (19, 1)
26 : (1, 0)
27 : (0, 1)
28 : (21, 1)
29 : (1, 21)
30 : (0, 3)
31 : (3, 0)
36 : (20, 0)
37 : (0, 20)
38 : (14, 0)
39 : (0, 14)
48 : (18, 6)
49 : (6, 18)
50 : (0, 6)
51 : (6, 0)
54 : (16, 0)
55 : (0, 16)
56 : (1, 0)
57 : (0, 1)
58 : (1, 4)
59 : (4, 1)
60 : (7, 5)
61 : (5, 7)
62 : (0, 0)
63 : (0, 0)
64 : (18, 0)
65 : (0, 18)
66 : (0, 21)
67 : (21, 0)
68 : (4, 1)
69 : (1, 4)
70 : (13, 10)
71 : (10, 13)
72 : (13, 3)
73 : (3, 13)
74 : (0, 2)
75 : (2, 0)
76 : (9, 0)
77 : (0, 9)
78 : (0, 10)
79 : (10, 0)
80 : (0, 0)
81 : (0, 0)
82 : (0, 0)
83 : (0, 0)
86 : (3, 8)
87 : (8, 3)
88 : (11, 9)
89 : (9, 11)
90 : (4, 13)
91 : (13, 4)
92 : (1, 1)
93 : (1, 1)
94 : (7, 10)
95 : (10, 7)
96 : (0, 0)
97 : (0, 0)
98 : (10, 12)
99 : (12, 10)
4 : (3, 1)
5 : (1, 3)
6 : (2, 5)
7 : (5, 2)
10 : (8, 9)
11 : (9, 8)
12 : (4, 9)
13 : (9, 4)
14 : (14, 4)
15 : (4, 14)
24 : (5, 0)
25 : (0, 5)
26 : (7, 10)
27 : (10, 7)
30 : (0, 1)
31 : (1, 0)
40 : (0, 7)
41 : (7, 0)
42 : (7, 9)
43 : (9, 7)
44 : (1, 2)
45 : (2, 1)
46 : (5, 12)
47 : (12, 5)
48 : (5, 12)
49 : (12, 5)
50 : (13, 3)
51 : (3, 13)
52 : (11, 9)
53 : (9, 11)
56 : (11, 8)
57 : (8, 11)
58 : (10, 14)
59 : (14, 10)
60 : (21, 1)
61 : (1, 21)
62 : (0, 19)
63 : (19, 0)
68 : (0, 0)
69 : (0, 0)
70 : (4, 7)
71 : (7, 4)
78 : (8, 8)
79 : (8, 8)
88 : (0, 1)
89 : (1, 0)
0 : (2, 0)
1 : (0, 2)
2 : (1, 19)
3 : (19, 1)
4 : (11, 9)
5 : (9, 11)
6 : (6, 8)
7 : (8, 6)
12 : (8, 9)
13 : (9, 8)
14 : (5, 6)
15 : (6, 5)
18 : (11, 5)
19 : (5, 11)
24 : (9, 9)
25 : (9, 9)
26 : (7, 19)
27 : (19, 7)
28 : (6, 9)
29 : (9, 6)
30 : (0, 1)
31 : (1, 0)
32 : (10, 0)
33 : (0, 10)
34 : (3, 5)
35 : (5, 3)
36 : (17, 0)
37 : (0, 17)
38 : (1, 20)
39 : (20, 1)
40 : (15, 6)
41 : (6, 15)
42 : (3, 9)
43 : (9, 3)
48 : (9, 8)
49 : (8, 9)
52 : (0, 0)
53 : (0, 0)
54 : (11, 1)
55 : (1, 11)
60 : (8, 4)
61 : (4, 8)
62 : (4, 8)
63 : (8, 4)
64 : (15, 3)
65 : (3, 15)
72 : (2, 9)
73 : (9, 2)
74 : (9, 13)
75 : (13, 9)
84 : (5, 4)
85 : (4, 5)
86 : (5, 10)
87 : (10, 5)
88 : (2, 0)
89 : (0, 2)
90 : (6, 25)
91 : (25, 6)
92 : (4, 6)
93 : (6, 4)
94 : (7, 11)
95 : (11, 7)
0 : (1, 2)
1 : (2, 1)
2 : (10, 6)
3 : (6, 10)
4 : (2, 18)
5 : (18, 2)
6 : (14, 0)
7 : (0, 14)
14 : (0, 0)
15 : (0, 0)
16 : (11, 0)
17 : (0, 11)
18 : (9, 9)
19 : (9, 9)
24 : (6, 6)
25 : (6, 6)
26 : (0, 3)
27 : (3, 0)
30 : (15, 8)
31 : (8, 15)
34 : (6, 13)
35 : (13, 6)
38 : (6, 7)
39 : (7, 6)
40 : (0, 2)
41 : (2, 0)
42 : (1, 0)
43 : (0, 1)
60 : (9, 10)
61 : (10, 9)
62 : (12, 10)
63 : (10, 12)
64 : (6, 11)
65 : (11, 6)
66 : (10, 10)
67 : (10, 10)
72 : (0, 0)
73 : (0, 0)
74 : (2, 11)
75 : (11, 2)
76 : (16, 3)
77 : (3, 16)
78 : (1, 14)
79 : (14, 1)
80 : (9, 11)
81 : (11, 9)
88 : (3, 18)
89 : (18, 3)
90 : (9, 3)
91 : (3, 9)
92 : (7, 10)
93 : (10, 7)
94 : (2, 5)
95 : (5, 2)
0 : (0, 1)
1 : (1, 0)
2 : (2, 22)
3 : (22, 2)
4 : (9, 5)
5 : (5, 9)
6 : (6, 9)
7 : (9, 6)
12 : (6, 9)
13 : (9, 6)
14 : (11, 14)
15 : (14, 11)
22 : (9, 8)
23 : (8, 9)
28 : (2, 9)
29 : (9, 2)
30 : (4, 7)
31 : (7, 4)
36 : (7, 13)
37 : (13, 7)
38 : (0, 0)
39 : (0, 0)
42 : (5, 13)
43 : (13, 5)
52 : (11, 7)
53 : (7, 11)
54 : (3, 13)
55 : (13, 3)
64 : (6, 23)
65 : (23, 6)
66 : (11, 8)
67 : (8, 11)
72 : (0, 1)
73 : (1, 0)
74 : (4, 15)
75 : (15, 4)
84 : (0, 20)
85 : (20, 0)
86 : (4, 7)
87 : (7, 4)
88 : (2, 4)
89 : (4, 2)
90 : (5, 8)
91 : (8, 5)
92 : (2, 7)
93 : (7, 2)
94 : (3, 12)
95 : (12, 3)
96 : (8, 7)
97 : (7, 8)
98 : (11, 5)
99 : (5, 11)
0 : (11, 5)
1 : (5, 11)
8 : (7, 15)
9 : (15, 7)
10 : (10, 10)
11 : (10, 10)
12 : (10, 11)
13 : (11, 10)
14 : (6, 4)
15 : (4, 6)
16 : (1, 2)
17 : (2, 1)
18 : (4, 7)
19 : (7, 4)
20 : (5, 20)
21 : (20, 5)
22 : (12, 1)
23 : (1, 12)
24 : (11, 4)
25 : (4, 11)
26 : (0, 1)
27 : (1, 0)
30 : (8, 20)
31 : (20, 8)
44 : (3, 11)
45 : (11, 3)
48 : (2, 2)
49 : (2, 2)
52 : (9, 7)
53 : (7, 9)
54 : (7, 9)
55 : (9, 7)
60 : (6, 7)
61 : (7, 6)
62 : (4, 21)
63 : (21, 4)
64 : (0, 11)
65 : (11, 0)
66 : (12, 4)
67 : (4, 12)
68 : (1, 4)
69 : (4, 1)
70 : (16, 2)
71 : (2, 16)
72 : (9, 15)
73 : (15, 9)
74 : (8, 10)
75 : (10, 8)
76 : (5, 3)
77 : (3, 5)
78 : (7, 6)
79 : (6, 7)
80 : (5, 12)
81 : (12, 5)
96 : (7, 1)
97 : (1, 7)
98 : (0, 18)
99 : (18, 0)
0 : (3, 3)
1 : (3, 3)
8 : (1, 1)
9 : (1, 1)
10 : (13, 8)
11 : (8, 13)
12 : (6, 15)
13 : (15, 6)
14 : (4, 6)
15 : (6, 4)
20 : (4, 17)
21 : (17, 4)
22 : (7, 12)
23 : (12, 7)
24 : (6, 16)
25 : (16, 6)
26 : (9, 8)
27 : (8, 9)
32 : (12, 15)
33 : (15, 12)
34 : (2, 7)
35 : (7, 2)
36 : (7, 6)
37 : (6, 7)
38 : (6, 14)
39 : (14, 6)
40 : (1, 1)
41 : (1, 1)
42 : (8, 8)
43 : (8, 8)
44 : (0, 4)
45 : (4, 0)
46 : (7, 17)
47 : (17, 7)
48 : (3, 2)
49 : (2, 3)
50 : (4, 4)
51 : (4, 4)
54 : (3, 2)
55 : (2, 3)
60 : (2, 11)
61 : (11, 2)
64 : (18, 9)
65 : (9, 18)
66 : (0, 2)
67 : (2, 0)
68 : (5, 9)
69 : (9, 5)
70 : (5, 3)
71 : (3, 5)
72 : (3, 3)
73 : (3, 3)
74 : (13, 12)
75 : (12, 13)
80 : (1, 2)
81 : (2, 1)
82 : (9, 6)
83 : (6, 9)
92 : (11, 8)
93 : (8, 11)
94 : (9, 14)
95 : (14, 9)
96 : (4, 4)
97 : (4, 4)
98 : (2, 4)
99 : (4, 2)
0 : (1, 1)
1 : (1, 1)
2 : (7, 10)
3 : (10, 7)
6 : (7, 6)
7 : (6, 7)
12 : (4, 3)
13 : (3, 4)
20 : (0, 5)
21 : (5, 0)
22 : (13, 13)
23 : (13, 13)
24 : (7, 17)
25 : (17, 7)
26 : (5, 17)
27 : (17, 5)
28 : (2, 2)
29 : (2, 2)
32 : (6, 12)
33 : (12, 6)
34 : (7, 1)
35 : (1, 7)
36 : (5, 18)
37 : (18, 5)
38 : (1, 0)
39 : (0, 1)
48 : (6, 15)
49 : (15, 6)
50 : (12, 12)
51 : (12, 12)
64 : (8, 12)
65 : (12, 8)
66 : (11, 6)
67 : (6, 11)
68 : (4, 14)
69 : (14, 4)
72 : (0, 4)
73 : (4, 0)
74 : (3, 0)
75 : (0, 3)
76 : (5, 9)
77 : (9, 5)
78 : (9, 12)
79 : (12, 9)
80 : (14, 1)
81 : (1, 14)
82 : (0, 4)
83 : (4, 0)
86 : (5, 14)
87 : (14, 5)
94 : (3, 5)
95 : (5, 3)
0 : (2, 2)
1 : (2, 2)
2 : (2, 1)
3 : (1, 2)
4 : (7, 12)
5 : (12, 7)
6 : (10, 7)
7 : (7, 10)
8 : (17, 12)
9 : (12, 17)
10 : (7, 12)
11 : (12, 7)
16 : (7, 6)
17 : (6, 7)
18 : (6, 9)
19 : (9, 6)
20 : (9, 10)
21 : (10, 9)
22 : (0, 1)
23 : (1, 0)
24 : (3, 4)
25 : (4, 3)
26 : (8, 9)
27 : (9, 8)
28 : (13, 16)
29 : (16, 13)
30 : (13, 8)
31 : (8, 13)
32 : (16, 16)
33 : (16, 16)
34 : (4, 9)
35 : (9, 4)
38 : (0, 1)
39 : (1, 0)
44 : (15, 12)
45 : (12, 15)
46 : (1, 6)
47 : (6, 1)
50 : (3, 0)
51 : (0, 3)
52 : (9, 12)
53 : (12, 9)
54 : (3, 5)
55 : (5, 3)
62 : (9, 7)
63 : (7, 9)
66 : (6, 9)
67 : (9, 6)
68 : (6, 7)
69 : (7, 6)
70 : (7, 24)
71 : (24, 7)
76 : (8, 10)
77 : (10, 8)
78 : (4, 12)
79 : (12, 4)
82 : (3, 2)
83 : (2, 3)
84 : (8, 12)
85 : (12, 8)
86 : (17, 16)
87 : (16, 17)
92 : (7, 8)
93 : (8, 7)
94 : (6, 17)
95 : (17, 6)
96 : (1, 2)
97 : (2, 1)
98 : (8, 16)
99 : (16, 8)
0 : (4, 9)
1 : (9, 4)
4 : (7, 10)
5 : (10, 7)
6 : (0, 0)
7 : (0, 0)
12 : (2, 18)
13 : (18, 2)
14 : (5, 17)
15 : (17, 5)
20 : (8, 9)
21 : (9, 8)
22 : (19, 11)
23 : (11, 19)
24 : (6, 7)
25 : (7, 6)
26 : (15, 17)
27 : (17, 15)
28 : (11, 12)
29 : (12, 11)
30 : (0, 0)
31 : (0, 0)
32 : (11, 12)
33 : (12, 11)
34 : (7, 5)
35 : (5, 7)
40 : (0, 0)
41 : (0, 0)
42 : (8, 20)
43 : (20, 8)
44 : (11, 13)
45 : (13, 11)
48 : (11, 9)
49 : (9, 11)
50 : (11, 13)
51 : (13, 11)
52 : (2, 3)
53 : (3, 2)
54 : (1, 4)
55 : (4, 1)
60 : (10, 10)
61 : (10, 10)
62 : (18, 15)
63 : (15, 18)
68 : (1, 0)
69 : (0, 1)
70 : (13, 14)
71 : (14, 13)
72 : (11, 17)
73 : (17, 11)
74 : (2, 6)
75 : (6, 2)
80 : (10, 7)
81 : (7, 10)
82 : (0, 0)
83 : (0, 0)
88 : (8, 12)
89 : (12, 8)
90 : (2, 6)
91 : (6, 2)
92 : (9, 0)
93 : (0, 9)
94 : (3, 19)
95 : (19, 3)
96 : (6, 19)
97 : (19, 6)
8 : (0, 0)
9 : (0, 0)
10 : (6, 3)
11 : (3, 6)
16 : (14, 13)
17 : (13, 14)
18 : (6, 15)
19 : (15, 6)
20 : (3, 1)
21 : (1, 3)
22 : (7, 9)
23 : (9, 7)
24 : (4, 14)
25 : (14, 4)
26 : (15, 10)
27 : (10, 15)
28 : (4, 7)
29 : (7, 4)
30 : (16, 4)
31 : (4, 16)
32 : (3, 4)
33 : (4, 3)
34 : (15, 15)
35 : (15, 15)
38 : (8, 18)
39 : (18, 8)
44 : (11, 13)
45 : (13, 12)
46 : (14, 13)
47 : (13, 14)
52 : (7, 11)
53 : (11, 7)
54 : (6, 11)
55 : (11, 6)
56 : (6, 6)
57 : (6, 6)
58 : (2, 2)
59 : (2, 2)
64 : (7, 9)
65 : (9, 7)
66 : (2, 22)
67 : (22, 2)
70 : (13, 10)
71 : (10, 13)
72 : (12, 10)
73 : (10, 12)
74 : (18, 19)
75 : (19, 18)
80 : (1, 3)
81 : (3, 1)
86 : (14, 11)
87 : (11, 14)
0 : (0, 0)
1 : (0, 0)
4 : (10, 15)
5 : (15, 10)
6 : (5, 11)
7 : (11, 5)
8 : (17, 9)
9 : (9, 17)
10 : (10, 16)
11 : (16, 10)
12 : (15, 10)
13 : (10, 15)
16 : (14, 20)
17 : (20, 14)
18 : (17, 10)
19 : (10, 17)
22 : (16, 12)
23 : (12, 16)
24 : (16, 11)
25 : (11, 16)
26 : (2, 4)
27 : (4, 2)
28 : (11, 2)
29 : (2, 11)
30 : (1, 7)
31 : (7, 1)
32 : (6, 13)
33 : (13, 6)
34 : (9, 13)
35 : (13, 9)
40 : (11, 7)
41 : (7, 11)
42 : (17, 16)
43 : (16, 17)
44 : (14, 12)
45 : (12, 14)
46 : (3, 5)
47 : (5, 3)
48 : (0, 0)
49 : (0, 0)
50 : (0, 0)
51 : (0, 0)
52 : (13, 13)
53 : (13, 13)
54 : (4, 5)
55 : (5, 4)
56 : (1, 8)
57 : (8, 1)
60 : (0, 0)
61 : (0, 0)
62 : (1, 2)
63 : (2, 1)
68 : (7, 3)
69 : (3, 7)
70 : (0, 1)
71 : (1, 0)
72 : (10, 23)
73 : (23, 10)
74 : (5, 6)
75 : (6, 5)
76 : (16, 14)
77 : (14, 16)
78 : (13, 9)
79 : (9, 13)
86 : (12, 14)
87 : (14, 12)
88 : (11, 11)
89 : (11, 11)
90 : (16, 11)
91 : (11, 16)
92 : (5, 1)
93 : (1, 5)
94 : (11, 14)
95 : (14, 11)
0 : (3, 1)
1 : (1, 3)
2 : (0, 3)
3 : (3, 0)
4 : (13, 15)
5 : (15, 13)
6 : (11, 17)
7 : (17, 11)
8 : (13, 15)
9 : (15, 13)
10 : (16, 17)
11 : (17, 16)
12 : (12, 17)
13 : (17, 12)
14 : (17, 7)
15 : (7, 17)
16 : (15, 7)
17 : (7, 15)
22 : (15, 14)
23 : (14, 15)
24 : (0, 0)
25 : (0, 0)
26 : (15, 10)
27 : (10, 15)
32 : (8, 10)
33 : (10, 8)
34 : (1, 4)
35 : (4, 1)
36 : (11, 12)
37 : (12, 11)
38 : (11, 17)
39 : (17, 11)
40 : (17, 12)
41 : (12, 17)
42 : (14, 11)
43 : (11, 14)
44 : (0, 0)
45 : (0, 0)
46 : (4, 5)
47 : (5, 4)
48 : (6, 3)
49 : (3, 6)
50 : (9, 14)
51 : (14, 9)
56 : (18, 11)
57 : (11, 18)
58 : (15, 12)
59 : (12, 15)
60 : (10, 11)
61 : (11, 10)
62 : (7, 7)
63 : (7, 7)
64 : (1, 1)
65 : (1, 1)
66 : (3, 3)
67 : (3, 3)
72 : (4, 3)
73 : (3, 4)
76 : (10, 15)
77 : (15, 10)
78 : (12, 13)
79 : (13, 12)
84 : (10, 11)
85 : (11, 10)
86 : (0, 0)
87 : (0, 0)
88 : (3, 6)
89 : (6, 3)
90 : (11, 17)
91 : (17, 11)
96 : (0, 1)
97 : (1, 0)
98 : (11, 14)
99 : (14, 11)
4 : (3, 3)
5 : (3, 3)
6 : (13, 11)
7 : (11, 13)
8 : (13, 21)
9 : (21, 13)
10 : (5, 10)
11 : (10, 5)
12 : (15, 8)
13 : (8, 15)
14 : (13, 12)
15 : (12, 13)
20 : (12, 13)
21 : (13, 12)
22 : (2, 6)
23 : (6, 2)
32 : (12, 9)
33 : (9, 12)
34 : (13, 10)
35 : (10, 13)
36 : (6, 6)
37 : (6, 6)
40 : (22, 5)
41 : (5, 22)
42 : (16, 19)
43 : (19, 16)
44 : (11, 16)
45 : (16, 11)
46 : (18, 9)
47 : (8, 18)
56 : (14, 10)
57 : (10, 14)
64 : (12, 16)
65 : (16, 12)
66 : (4, 1)
67 : (1, 4)
68 : (2, 2)
69 : (2, 2)
70 : (8, 10)
71 : (10, 8)
72 : (17, 9)
73 : (9, 17)
80 : (15, 16)
81 : (16, 15)
82 : (14, 12)
83 : (12, 14)
84 : (15, 11)
85 : (11, 15)
86 : (11, 7)
87 : (7, 11)
96 : (9, 10)
97 : (10, 9)
0 : (2, 6)
1 : (6, 2)
8 : (13, 9)
9 : (9, 13)
10 : (14, 11)
11 : (11, 14)
12 : (14, 17)
13 : (17, 14)
20 : (0, 1)
21 : (1, 0)
22 : (16, 7)
23 : (7, 16)
36 : (13, 13)
37 : (13, 13)
40 : (15, 22)
41 : (22, 15)
42 : (13, 10)
43 : (10, 13)
44 : (11, 9)
45 : (9, 11)
46 : (7, 3)
47 : (3, 7)
48 : (7, 15)
49 : (15, 7)
50 : (14, 12)
51 : (12, 14)
52 : (10, 11)
53 : (11, 10)
54 : (2, 1)
55 : (1, 2)
56 : (15, 13)
57 : (13, 15)
60 : (4, 3)
61 : (3, 4)
62 : (10, 12)
63 : (12, 10)
66 : (2, 2)
67 : (2, 2)
68 : (0, 3)
69 : (3, 0)
70 : (16, 16)
71 : (16, 16)
72 : (10, 12)
73 : (12, 10)
74 : (4, 3)
75 : (3, 4)
76 : (14, 12)
77 : (12, 14)
78 : (4, 4)
79 : (4, 4)
80 : (10, 14)
81 : (14, 10)
82 : (16, 16)
83 : (16, 16)
84 : (0, 0)
85 : (0, 0)
86 : (17, 9)
87 : (9, 17)
88 : (11, 14)
89 : (14, 11)
90 : (19, 8)
91 : (8, 19)
92 : (11, 13)
93 : (13, 11)
94 : (13, 15)
95 : (15, 13)
96 : (19, 14)
97 : (14, 19)
98 : (18, 16)
99 : (16, 18)
8 : (5, 7)
9 : (7, 5)
12 : (8, 7)
13 : (7, 8)
16 : (16, 15)
17 : (15, 16)
18 : (2, 1)
19 : (1, 2)
24 : (5, 4)
25 : (4, 5)
28 : (14, 12)
29 : (12, 14)
30 : (13, 15)
31 : (15, 13)
36 : (10, 13)
37 : (13, 10)
38 : (13, 15)
39 : (15, 13)
40 : (15, 17)
41 : (17, 15)
42 : (6, 7)
43 : (7, 6)
48 : (17, 12)
49 : (12, 17)
50 : (11, 14)
51 : (14, 11)
52 : (11, 19)
53 : (19, 11)
54 : (12, 19)
55 : (19, 12)
56 : (22, 9)
57 : (9, 22)
58 : (16, 12)
59 : (12, 16)
60 : (12, 7)
61 : (7, 12)
62 : (2, 1)
63 : (1, 2)
64 : (0, 1)
65 : (1, 0)
72 : (11, 9)
73 : (9, 11)
76 : (8, 7)
77 : (7, 8)
78 : (12, 11)
79 : (11, 12)
84 : (12, 12)
85 : (12, 12)
88 : (13, 10)
89 : (10, 13)
90 : (11, 12)
91 : (12, 11)
96 : (5, 11)
97 : (11, 5)
98 : (5, 9)
99 : (9, 5)
2 : (15, 13)
3 : (13, 15)
6 : (13, 11)
7 : (11, 13)
8 : (10, 13)
9 : (13, 10)
18 : (15, 9)
19 : (9, 15)
22 : (2, 0)
23 : (0, 2)
24 : (14, 8)
25 : (8, 14)
26 : (9, 14)
27 : (14, 9)
28 : (3, 4)
29 : (4, 3)
30 : (0, 2)
31 : (2, 0)
34 : (6, 7)
35 : (7, 6)
52 : (1, 2)
53 : (2, 1)
54 : (10, 15)
55 : (15, 10)
56 : (12, 14)
57 : (14, 12)
58 : (11, 11)
59 : (11, 11)
64 : (18, 19)
65 : (19, 18)
66 : (5, 4)
67 : (4, 5)
74 : (0, 2)
75 : (2, 0)
80 : (10, 15)
81 : (15, 10)
82 : (2, 5)
83 : (5, 2)
84 : (0, 0)
85 : (0, 0)
86 : (3, 3)
87 : (3, 3)
88 : (7, 2)
89 : (2, 7)
90 : (17, 11)
91 : (11, 17)
92 : (12, 14)
93 : (14, 12)
94 : (11, 12)
95 : (12, 11)
gen	avg     	std     	min    	max    
0  	0.401036	0.761312	0      	2.68479
1  	0.633984	0.918046	0      	2.7419 
2  	1.0172  	1.08337 	0      	2.7419 
3  	1.44607 	1.08748 	0      	2.89539
4  	2.02783 	0.912942	0      	2.91974
5  	2.17141 	0.818194	0      	2.89539
6  	2.19442 	0.88286 	0      	2.89539
7  	2.38221 	0.704426	0      	2.97918
8  	2.3853  	0.631286	0.04   	2.89539
9  	2.44172 	0.565409	0.08   	3.06215
10 	2.34047 	0.813146	0.04   	3.04   
11 	2.51349 	0.71021 	0.04   	3.31868
12 	2.41239 	0.956379	0      	3.31868
13 	2.74986 	0.683439	0      	3.47895
14 	2.50464 	0.980353	0      	3.47895
15 	2.51266 	0.918424	0      	3.47895
16 	2.93565 	0.370948	1.64386	3.47895
17 	2.78267 	0.791685	0      	3.47895
18 	2.96783 	0.565168	0.04   	3.47895
19 	2.79115 	0.901931	0      	3.47895