0 : (0, 0)
1 : (0, 0)
2 : (0, 0)
3 : (0, 0)
4 : (2, 7)
5 : (4, 4)
6 : (0, 0)
7 : (0, 0)
8 : (10, 7)
9 : (2, 12)
10 : (0, 0)
11 : (0, 0)
12 : (1, 0)
13 : (0, 1)
14 : (0, 0)
15 : (0, 0)
16 : (1, 2)
17 : (0, 2)
18 : (6, 4)
19 : (3, 7)
20 : (0, 2)
21 : (2, 0)
22 : (0, 0)
23 : (0, 0)
24 : (0, 4)
25 : (4, 0)
26 : (0, 2)
27 : (2, 0)
28 : (10, 2)
29 : (1, 11)
30 : (0, 4)
31 : (4, 0)
32 : (3, 4)
33 : (1, 3)
34 : (0, 0)
35 : (0, 0)
36 : (0, 15)
37 : (15, 1)
38 : (0, 0)
39 : (0, 0)
40 : (0, 2)
41 : (2, 0)
42 : (1, 0)
43 : (0, 1)
44 : (3, 4)
45 : (3, 5)
46 : (8, 5)
47 : (3, 10)
48 : (4, 3)
49 : (1, 7)
50 : (0, 0)
51 : (0, 0)
52 : (0, 6)
53 : (6, 0)
54 : (0, 4)
55 : (4, 0)
56 : (1, 0)
57 : (0, 1)
58 : (0, 0)
59 : (0, 0)
60 : (0, 0)
61 : (0, 0)
62 : (0, 8)
63 : (8, 0)
64 : (0, 1)
65 : (1, 0)
66 : (0, 2)
67 : (2, 0)
68 : (0, 6)
69 : (6, 2)
70 : (0, 0)
71 : (0, 0)
72 : (0, 1)
73 : (1, 0)
74 : (0, 4)
75 : (4, 0)
76 : (5, 10)
77 : (5, 9)
78 : (0, 4)
79 : (4, 0)
80 : (0, 6)
81 : (6, 0)
82 : (0, 0)
83 : (0, 0)
84 : (12, 0)
85 : (0, 12)
86 : (0, 1)
87 : (1, 0)
88 : (0, 0)
89 : (0, 0)
90 : (0, 0)
91 : (0, 0)
92 : (0, 0)
93 : (0, 0)
94 : (4, 5)
95 : (1, 7)
96 : (3, 0)
97 : (0, 3)
98 : (0, 0)
99 : (0, 0)
4 : (2, 2)
5 : (1, 4)
6 : (0, 0)
7 : (0, 0)
8 : (4, 0)
9 : (0, 4)
10 : (0, 0)
11 : (0, 0)
16 : (8, 5)
17 : (2, 10)
18 : (0, 1)
19 : (1, 0)
24 : (0, 0)
25 : (0, 0)
26 : (0, 0)
27 : (0, 0)
28 : (0, 0)
29 : (0, 0)
30 : (0, 2)
31 : (2, 0)
32 : (7, 3)
33 : (0, 8)
34 : (3, 4)
35 : (2, 5)
36 : (0, 0)
37 : (0, 0)
40 : (4, 1)
41 : (1, 5)
48 : (0, 0)
49 : (0, 0)
50 : (0, 0)
51 : (0, 0)
56 : (0, 0)
57 : (0, 0)
58 : (2, 0)
59 : (0, 2)
62 : (6, 2)
63 : (1, 6)
64 : (9, 1)
65 : (0, 9)
66 : (1, 8)
67 : (7, 3)
68 : (0, 5)
69 : (5, 0)
70 : (0, 0)
71 : (0, 0)
72 : (0, 0)
73 : (0, 0)
74 : (4, 9)
75 : (4, 9)
76 : (1, 0)
77 : (0, 1)
78 : (0, 0)
79 : (0, 0)
80 : (0, 0)
81 : (0, 1)
84 : (4, 0)
85 : (0, 4)
86 : (0, 3)
87 : (3, 0)
92 : (3, 9)
93 : (7, 5)
94 : (0, 0)
95 : (0, 0)
96 : (0, 2)
97 : (2, 0)
98 : (1, 0)
99 : (0, 1)
6 : (2, 9)
7 : (6, 6)
12 : (0, 2)
13 : (2, 1)
14 : (6, 4)
15 : (2, 7)
16 : (7, 4)
17 : (3, 8)
18 : (3, 7)
19 : (5, 4)
20 : (3, 8)
21 : (5, 5)
22 : (1, 7)
23 : (4, 2)
24 : (6, 0)
25 : (0, 6)
26 : (1, 12)
27 : (9, 3)
30 : (0, 0)
31 : (0, 0)
32 : (2, 5)
33 : (1, 4)
36 : (2, 7)
37 : (2, 3)
38 : (5, 4)
39 : (4, 9)
44 : (2, 9)
45 : (6, 2)
46 : (4, 12)
47 : (10, 10)
52 : (8, 4)
53 : (2, 9)
54 : (0, 0)
55 : (0, 0)
60 : (2, 3)
61 : (2, 3)
62 : (3, 5)
63 : (2, 6)
76 : (0, 1)
77 : (1, 0)
78 : (0, 0)
79 : (0, 0)
84 : (3, 5)
85 : (2, 3)
88 : (8, 8)
89 : (5, 10)
92 : (0, 8)
93 : (6, 6)
94 : (0, 2)
95 : (2, 1)
96 : (5, 3)
97 : (2, 6)
98 : (4, 6)
99 : (1, 6)
0 : (7, 11)
1 : (6, 11)
2 : (2, 6)
3 : (2, 4)
4 : (3, 1)
5 : (1, 4)
6 : (0, 1)
7 : (0, 0)
10 : (1, 2)
11 : (0, 1)
16 : (1, 0)
17 : (0, 1)
18 : (1, 0)
19 : (0, 1)
20 : (0, 1)
21 : (1, 0)
22 : (3, 2)
23 : (1, 4)
28 : (1, 2)
29 : (1, 2)
30 : (3, 5)
31 : (3, 4)
34 : (2, 4)
35 : (2, 4)
44 : (1, 0)
45 : (0, 1)
46 : (1, 1)
47 : (1, 1)
48 : (4, 5)
49 : (1, 5)
50 : (10, 4)
51 : (3, 11)
52 : (4, 7)
53 : (5, 8)
54 : (1, 9)
55 : (7, 5)
60 : (8, 4)
61 : (3, 11)
62 : (2, 6)
63 : (5, 5)
64 : (7, 5)
65 : (1, 8)
66 : (7, 4)
67 : (2, 11)
68 : (7, 3)
69 : (3, 9)
70 : (2, 1)
71 : (0, 2)
72 : (4, 6)
73 : (5, 6)
74 : (4, 2)
75 : (1, 5)
76 : (1, 2)
77 : (0, 1)
78 : (1, 8)
79 : (3, 4)
88 : (3, 4)
89 : (2, 5)
92 : (3, 3)
93 : (1, 4)
94 : (3, 4)
95 : (4, 5)
96 : (4, 8)
97 : (6, 8)
98 : (3, 6)
99 : (3, 4)
0 : (1, 3)
1 : (2, 2)
10 : (2, 4)
11 : (4, 6)
12 : (5, 8)
13 : (4, 7)
14 : (2, 1)
15 : (0, 3)
16 : (8, 2)
17 : (0, 10)
18 : (3, 7)
19 : (4, 5)
28 : (0, 5)
29 : (3, 3)
30 : (0, 0)
31 : (0, 0)
32 : (1, 8)
33 : (6, 9)
34 : (8, 6)
35 : (3, 13)
40 : (2, 5)
41 : (4, 4)
42 : (5, 4)
43 : (3, 7)
46 : (3, 5)
47 : (4, 7)
52 : (0, 0)
53 : (0, 0)
54 : (7, 3)
55 : (3, 8)
56 : (2, 0)
57 : (0, 3)
58 : (4, 4)
59 : (4, 8)
72 : (1, 3)
73 : (2, 1)
74 : (5, 9)
75 : (6, 6)
76 : (4, 5)
77 : (3, 8)
80 : (3, 5)
81 : (5, 5)
82 : (4, 9)
83 : (4, 6)
88 : (2, 7)
89 : (7, 5)
90 : (8, 3)
91 : (2, 11)
92 : (2, 8)
93 : (5, 5)
94 : (3, 10)
95 : (8, 10)
4 : (3, 6)
5 : (4, 5)
6 : (0, 0)
7 : (0, 0)
8 : (6, 2)
9 : (2, 9)
12 : (2, 8)
13 : (6, 8)
14 : (2, 1)
15 : (0, 2)
20 : (2, 3)
21 : (3, 5)
22 : (3, 9)
23 : (6, 4)
24 : (2, 6)
25 : (6, 5)
26 : (10, 4)
27 : (3, 12)
28 : (0, 0)
29 : (0, 0)
30 : (8, 2)
31 : (0, 8)
32 : (4, 7)
33 : (0, 4)
34 : (4, 0)
35 : (0, 5)
36 : (2, 6)
37 : (4, 4)
38 : (4, 8)
39 : (6, 7)
40 : (3, 5)
41 : (5, 8)
42 : (1, 14)
43 : (12, 3)
44 : (3, 3)
45 : (2, 5)
46 : (1, 1)
47 : (1, 1)
52 : (9, 2)
53 : (2, 12)
60 : (3, 4)
61 : (3, 8)
62 : (0, 0)
63 : (0, 0)
64 : (7, 7)
65 : (4, 10)
66 : (0, 2)
67 : (1, 2)
68 : (0, 0)
69 : (0, 0)
70 : (1, 0)
71 : (0, 1)
82 : (4, 5)
83 : (4, 7)
92 : (4, 4)
93 : (3, 7)
94 : (0, 3)
95 : (3, 0)
2 : (1, 7)
3 : (7, 5)
6 : (7, 6)
7 : (4, 8)
10 : (3, 6)
11 : (4, 7)
16 : (1, 2)
17 : (1, 1)
18 : (3, 12)
19 : (4, 5)
22 : (7, 3)
23 : (2, 10)
24 : (3, 2)
25 : (2, 8)
26 : (9, 6)
27 : (3, 12)
28 : (3, 10)
29 : (7, 6)
30 : (4, 3)
31 : (3, 8)
36 : (4, 10)
37 : (6, 5)
38 : (4, 9)
39 : (6, 10)
40 : (3, 7)
41 : (5, 7)
42 : (5, 6)
43 : (4, 9)
60 : (6, 5)
61 : (3, 9)
62 : (3, 3)
63 : (2, 5)
64 : (4, 6)
65 : (4, 6)
66 : (5, 3)
67 : (2, 6)
68 : (10, 1)
69 : (1, 11)
74 : (1, 1)
75 : (0, 2)
78 : (0, 6)
79 : (6, 3)
92 : (4, 11)
93 : (5, 7)
94 : (10, 5)
95 : (3, 14)
0 : (1, 5)
1 : (5, 2)
2 : (0, 1)
3 : (1, 2)
12 : (0, 4)
13 : (4, 1)
14 : (0, 0)
15 : (0, 0)
20 : (0, 0)
21 : (0, 0)
22 : (2, 8)
23 : (7, 3)
24 : (1, 9)
25 : (7, 2)
26 : (1, 2)
27 : (1, 1)
32 : (6, 4)
33 : (3, 10)
34 : (2, 5)
35 : (4, 3)
36 : (1, 8)
37 : (5, 4)
38 : (4, 4)
39 : (4, 9)
44 : (3, 6)
45 : (5, 4)
46 : (7, 11)
47 : (8, 11)
48 : (11, 6)
49 : (4, 16)
50 : (6, 5)
51 : (4, 10)
56 : (2, 7)
57 : (5, 3)
58 : (10, 4)
59 : (3, 12)
64 : (3, 1)
65 : (0, 3)
66 : (7, 7)
67 : (1, 7)
68 : (4, 5)
69 : (3, 8)
70 : (2, 2)
71 : (2, 4)
72 : (1, 6)
73 : (6, 6)
74 : (4, 4)
75 : (1, 8)
80 : (4, 4)
81 : (3, 4)
84 : (2, 4)
85 : (3, 4)
86 : (4, 3)
87 : (3, 5)
92 : (4, 6)
93 : (4, 7)
94 : (3, 10)
95 : (6, 5)
96 : (3, 11)
97 : (9, 5)
98 : (2, 10)
99 : (9, 7)
16 : (2, 1)
17 : (0, 2)
20 : (0, 1)
21 : (1, 1)
24 : (4, 7)
25 : (6, 7)
26 : (1, 6)
27 : (5, 5)
32 : (3, 8)
33 : (6, 5)
34 : (1, 7)
35 : (6, 3)
36 : (3, 10)
37 : (5, 7)
40 : (4, 8)
41 : (6, 7)
42 : (10, 6)
43 : (4, 15)
46 : (1, 1)
47 : (0, 1)
52 : (1, 1)
53 : (0, 1)
56 : (5, 7)
57 : (6, 9)
58 : (0, 1)
59 : (0, 0)
60 : (2, 4)
61 : (2, 4)
62 : (0, 3)
63 : (3, 1)
68 : (13, 2)
69 : (1, 14)
72 : (4, 1)
73 : (0, 4)
74 : (1, 8)
75 : (6, 5)
76 : (10, 1)
77 : (0, 15)
78 : (1, 10)
79 : (7, 8)
84 : (7, 4)
85 : (2, 7)
86 : (0, 3)
87 : (1, 0)
92 : (1, 0)
93 : (0, 1)
94 : (6, 6)
95 : (5, 9)
96 : (2, 2)
97 : (0, 2)
98 : (0, 0)
99 : (0, 0)
0 : (3, 2)
1 : (2, 4)
2 : (0, 3)
3 : (3, 3)
4 : (5, 5)
5 : (2, 10)
6 : (8, 3)
7 : (1, 11)
8 : (6, 7)
9 : (6, 12)
10 : (1, 0)
11 : (0, 1)
16 : (1, 4)
17 : (4, 4)
18 : (4, 6)
19 : (6, 10)
24 : (3, 6)
25 : (6, 6)
28 : (9, 2)
29 : (1, 10)
30 : (2, 10)
31 : (6, 7)
32 : (6, 8)
33 : (4, 8)
34 : (2, 8)
35 : (5, 8)
42 : (5, 2)
43 : (0, 5)
44 : (1, 4)
45 : (2, 1)
46 : (3, 2)
47 : (0, 4)
52 : (0, 0)
53 : (0, 0)
54 : (8, 5)
55 : (1, 14)
58 : (4, 4)
59 : (4, 8)
64 : (1, 1)
65 : (0, 2)
66 : (11, 6)
67 : (2, 13)
74 : (1, 0)
75 : (0, 1)
76 : (0, 0)
77 : (0, 2)
78 : (2, 3)
79 : (2, 2)
80 : (5, 7)
81 : (6, 7)
82 : (9, 7)
83 : (6, 10)
88 : (4, 8)
89 : (5, 8)
90 : (3, 7)
91 : (5, 3)
92 : (8, 5)
93 : (4, 12)
94 : (4, 4)
95 : (2, 8)
4 : (4, 4)
5 : (4, 6)
6 : (1, 0)
7 : (0, 2)
12 : (4, 8)
13 : (8, 12)
14 : (6, 5)
15 : (3, 9)
16 : (3, 4)
17 : (3, 8)
18 : (6, 3)
19 : (3, 11)
20 : (1, 4)
21 : (2, 4)
22 : (0, 2)
23 : (2, 1)
24 : (9, 4)
25 : (4, 11)
26 : (0, 4)
27 : (4, 2)
30 : (2, 3)
31 : (2, 5)
32 : (0, 0)
33 : (0, 0)
34 : (2, 2)
35 : (1, 2)
36 : (3, 1)
37 : (1, 4)
38 : (5, 4)
39 : (4, 7)
40 : (3, 1)
41 : (1, 3)
44 : (2, 4)
45 : (3, 5)
46 : (0, 1)
47 : (1, 0)
52 : (2, 2)
53 : (1, 3)
54 : (11, 4)
55 : (3, 13)
68 : (5, 5)
69 : (4, 7)
70 : (6, 3)
71 : (3, 7)
72 : (4, 6)
73 : (4, 9)
74 : (1, 1)
75 : (1, 1)
76 : (0, 3)
77 : (3, 0)
78 : (7, 9)
79 : (7, 11)
88 : (0, 7)
89 : (4, 3)
90 : (6, 4)
91 : (2, 7)
98 : (2, 5)
99 : (3, 4)
4 : (0, 2)
5 : (1, 2)
6 : (7, 7)
7 : (6, 10)
8 : (3, 3)
9 : (2, 7)
10 : (5, 8)
11 : (8, 11)
12 : (4, 7)
13 : (5, 9)
14 : (4, 5)
15 : (4, 8)
16 : (2, 3)
17 : (3, 6)
20 : (8, 3)
21 : (1, 11)
22 : (7, 7)
23 : (6, 14)
24 : (0, 0)
25 : (0, 0)
26 : (7, 6)
27 : (6, 11)
28 : (8, 9)
29 : (8, 11)
30 : (4, 0)
31 : (0, 4)
32 : (9, 3)
33 : (3, 13)
34 : (5, 5)
35 : (3, 7)
40 : (3, 3)
41 : (3, 4)
42 : (4, 3)
43 : (3, 7)
48 : (0, 2)
49 : (2, 0)
50 : (1, 0)
51 : (0, 2)
56 : (8, 8)
57 : (6, 9)
58 : (8, 5)
59 : (2, 12)
68 : (1, 2)
69 : (1, 3)
70 : (7, 4)
71 : (4, 12)
72 : (3, 9)
73 : (9, 8)
74 : (5, 5)
75 : (3, 9)
76 : (1, 11)
77 : (9, 3)
78 : (6, 3)
79 : (3, 11)
80 : (2, 2)
81 : (1, 5)
82 : (1, 10)
83 : (8, 5)
84 : (6, 4)
85 : (4, 11)
86 : (7, 5)
87 : (4, 11)
88 : (6, 3)
89 : (2, 10)
90 : (2, 3)
91 : (3, 7)
92 : (9, 6)
93 : (4, 11)
0 : (0, 3)
1 : (3, 2)
2 : (0, 0)
3 : (0, 0)
4 : (4, 5)
5 : (3, 10)
6 : (6, 6)
7 : (6, 10)
8 : (7, 2)
9 : (2, 11)
10 : (4, 4)
11 : (3, 5)
16 : (2, 1)
17 : (1, 2)
20 : (4, 7)
21 : (6, 7)
22 : (11, 5)
23 : (2, 17)
28 : (4, 4)
29 : (3, 8)
30 : (0, 0)
31 : (0, 0)
36 : (4, 5)
37 : (2, 5)
38 : (6, 5)
39 : (1, 7)
40 : (7, 5)
41 : (4, 8)
42 : (4, 7)
43 : (5, 7)
44 : (3, 0)
45 : (0, 3)
46 : (1, 8)
47 : (7, 7)
48 : (5, 4)
49 : (3, 9)
50 : (3, 3)
51 : (3, 5)
52 : (4, 6)
53 : (4, 5)
54 : (2, 2)
55 : (2, 4)
72 : (2, 7)
73 : (3, 6)
74 : (8, 2)
75 : (1, 11)
78 : (4, 7)
79 : (7, 10)
80 : (6, 3)
81 : (2, 8)
82 : (2, 3)
83 : (2, 4)
86 : (6, 2)
87 : (1, 8)
88 : (5, 5)
89 : (3, 10)
90 : (1, 5)
91 : (4, 3)
12 : (8, 3)
13 : (2, 13)
14 : (0, 2)
15 : (1, 1)
16 : (9, 5)
17 : (3, 11)
18 : (3, 6)
19 : (6, 8)
34 : (4, 7)
35 : (5, 6)
36 : (0, 0)
37 : (0, 0)
38 : (2, 2)
39 : (1, 3)
40 : (4, 6)
41 : (5, 7)
42 : (5, 8)
43 : (6, 8)
44 : (6, 3)
45 : (2, 8)
46 : (2, 2)
47 : (2, 4)
56 : (3, 4)
57 : (2, 8)
58 : (2, 5)
59 : (5, 5)
68 : (3, 0)
69 : (0, 3)
70 : (4, 4)
71 : (4, 7)
80 : (8, 5)
81 : (3, 12)
82 : (0, 0)
83 : (0, 0)
84 : (0, 3)
85 : (3, 1)
86 : (10, 3)
87 : (0, 16)
88 : (7, 6)
89 : (4, 10)
90 : (7, 3)
91 : (1, 13)
96 : (14, 3)
97 : (2, 16)
98 : (0, 4)
99 : (4, 4)
0 : (3, 5)
1 : (5, 7)
2 : (6, 3)
3 : (3, 9)
4 : (1, 2)
5 : (2, 1)
6 : (2, 5)
7 : (3, 3)
8 : (3, 6)
9 : (3, 5)
10 : (6, 3)
11 : (2, 15)
18 : (6, 7)
19 : (6, 12)
20 : (6, 6)
21 : (4, 9)
22 : (6, 2)
23 : (2, 13)
24 : (0, 1)
25 : (1, 0)
26 : (3, 2)
27 : (1, 4)
44 : (3, 5)
45 : (3, 5)
46 : (2, 11)
47 : (9, 7)
48 : (7, 3)
49 : (2, 12)
50 : (3, 8)
51 : (4, 4)
52 : (5, 4)
53 : (2, 10)
54 : (0, 1)
55 : (1, 0)
56 : (7, 4)
57 : (4, 8)
58 : (2, 3)
59 : (2, 2)
64 : (3, 6)
65 : (5, 10)
66 : (10, 5)
67 : (5, 14)
68 : (0, 0)
69 : (0, 0)
70 : (1, 2)
71 : (0, 1)
72 : (3, 5)
73 : (5, 8)
74 : (12, 6)
75 : (4, 12)
76 : (4, 4)
77 : (3, 13)
78 : (7, 6)
79 : (3, 15)
84 : (6, 3)
85 : (2, 9)
88 : (5, 10)
89 : (8, 8)
90 : (3, 2)
91 : (2, 5)
92 : (0, 2)
93 : (2, 2)
4 : (10, 5)
5 : (3, 13)
6 : (0, 6)
7 : (6, 3)
8 : (7, 7)
9 : (6, 11)
10 : (5, 5)
11 : (5, 9)
16 : (6, 6)
17 : (3, 9)
18 : (5, 5)
19 : (5, 9)
20 : (6, 7)
21 : (4, 12)
22 : (5, 5)
23 : (3, 7)
24 : (1, 9)
25 : (7, 3)
26 : (8, 8)
27 : (6, 9)
28 : (6, 6)
29 : (2, 7)
36 : (2, 1)
37 : (0, 2)
38 : (6, 6)
39 : (4, 13)
40 : (6, 4)
41 : (1, 7)
42 : (4, 5)
43 : (4, 7)
44 : (5, 5)
45 : (5, 8)
46 : (5, 1)
47 : (0, 7)
48 : (2, 0)
49 : (0, 4)
50 : (1, 2)
51 : (1, 1)
52 : (5, 5)
53 : (4, 10)
54 : (5, 5)
55 : (4, 11)
56 : (3, 5)
57 : (3, 3)
58 : (2, 3)
59 : (3, 5)
60 : (7, 8)
61 : (8, 11)
62 : (5, 6)
63 : (4, 10)
66 : (6, 5)
67 : (5, 7)
68 : (7, 7)
69 : (7, 8)
70 : (8, 5)
71 : (5, 13)
72 : (6, 9)
73 : (7, 12)
74 : (6, 5)
75 : (3, 8)
78 : (0, 1)
79 : (1, 2)
80 : (4, 4)
81 : (2, 7)
82 : (7, 7)
83 : (3, 12)
84 : (5, 6)
85 : (6, 10)
86 : (4, 2)
87 : (1, 4)
92 : (0, 0)
93 : (0, 0)
94 : (7, 4)
95 : (3, 11)
0 : (5, 7)
1 : (6, 10)
2 : (4, 7)
3 : (7, 10)
4 : (5, 4)
5 : (4, 11)
12 : (7, 5)
13 : (4, 10)
14 : (1, 3)
15 : (3, 5)
20 : (10, 4)
21 : (2, 13)
24 : (8, 7)
25 : (7, 13)
26 : (2, 0)
27 : (0, 2)
28 : (0, 0)
29 : (0, 0)
30 : (7, 5)
31 : (1, 8)
32 : (7, 8)
33 : (7, 10)
34 : (2, 6)
35 : (4, 6)
36 : (1, 3)
37 : (2, 3)
38 : (1, 0)
39 : (0, 1)
42 : (7, 3)
43 : (1, 15)
44 : (4, 3)
45 : (2, 9)
46 : (2, 0)
47 : (0, 2)
48 : (8, 2)
49 : (2, 12)
50 : (4, 3)
51 : (2, 7)
54 : (0, 2)
55 : (2, 0)
62 : (3, 2)
63 : (0, 5)
68 : (1, 2)
69 : (2, 3)
76 : (1, 2)
77 : (2, 1)
78 : (0, 0)
79 : (0, 0)
80 : (3, 1)
81 : (1, 3)
82 : (6, 5)
83 : (4, 9)
98 : (7, 5)
99 : (4, 11)
4 : (5, 4)
5 : (4, 9)
6 : (1, 3)
7 : (3, 2)
8 : (10, 4)
9 : (2, 14)
10 : (9, 5)
11 : (5, 14)
16 : (7, 5)
17 : (4, 13)
18 : (9, 3)
19 : (3, 13)
20 : (4, 3)
21 : (3, 8)
22 : (9, 2)
23 : (2, 15)
24 : (6, 8)
25 : (7, 10)
28 : (2, 4)
29 : (3, 7)
30 : (8, 3)
31 : (3, 10)
32 : (5, 7)
33 : (6, 11)
34 : (8, 4)
35 : (3, 12)
36 : (8, 3)
37 : (1, 9)
40 : (1, 1)
41 : (0, 1)
42 : (2, 8)
43 : (8, 5)
44 : (6, 2)
45 : (1, 12)
46 : (12, 4)
47 : (1, 14)
50 : (5, 5)
51 : (4, 9)
52 : (4, 8)
53 : (6, 5)
54 : (5, 4)
55 : (2, 10)
60 : (0, 3)
61 : (3, 1)
62 : (7, 6)
63 : (6, 12)
64 : (1, 3)
65 : (3, 3)
66 : (1, 1)
67 : (1, 2)
68 : (4, 5)
69 : (4, 7)
70 : (8, 5)
71 : (5, 10)
76 : (10, 2)
77 : (2, 13)
78 : (4, 2)
79 : (2, 6)
84 : (2, 2)
85 : (1, 2)
86 : (7, 6)
87 : (6, 9)
88 : (0, 1)
89 : (1, 1)
90 : (5, 6)
91 : (6, 8)
92 : (8, 3)
93 : (1, 11)
94 : (6, 6)
95 : (6, 11)
98 : (8, 4)
99 : (4, 10)
0 : (6, 6)
1 : (4, 10)
8 : (7, 10)
9 : (6, 10)
10 : (5, 6)
11 : (4, 11)
12 : (1, 0)
13 : (0, 2)
14 : (1, 0)
15 : (0, 1)
16 : (6, 7)
17 : (7, 10)
18 : (5, 8)
19 : (6, 8)
20 : (1, 1)
21 : (0, 1)
22 : (6, 4)
23 : (2, 7)
24 : (10, 4)
25 : (2, 12)
26 : (5, 2)
27 : (1, 7)
28 : (5, 7)
29 : (6, 7)
30 : (3, 4)
31 : (2, 6)
36 : (3, 5)
37 : (5, 8)
38 : (11, 5)
39 : (5, 14)
44 : (4, 1)
45 : (1, 5)
46 : (4, 5)
47 : (3, 10)
48 : (3, 0)
49 : (0, 3)
50 : (8, 7)
51 : (6, 9)
56 : (0, 0)
57 : (0, 0)
58 : (5, 6)
59 : (4, 15)
60 : (4, 2)
61 : (2, 6)
62 : (5, 7)
63 : (6, 9)
68 : (8, 2)
69 : (2, 14)
70 : (10, 3)
71 : (3, 13)
76 : (0, 2)
77 : (2, 1)
84 : (2, 5)
85 : (5, 3)
86 : (5, 3)
87 : (3, 6)
88 : (6, 6)
89 : (6, 14)
90 : (7, 5)
91 : (4, 10)
96 : (0, 0)
97 : (0, 0)
98 : (3, 4)
99 : (3, 4)
0 : (5, 4)
1 : (4, 8)
2 : (0, 2)
3 : (1, 0)
4 : (6, 9)
5 : (8, 10)
6 : (4, 7)
7 : (1, 11)
20 : (4, 3)
21 : (3, 5)
22 : (5, 5)
23 : (4, 8)
24 : (8, 7)
25 : (4, 11)
28 : (3, 2)
29 : (1, 5)
30 : (0, 3)
31 : (3, 4)
32 : (7, 5)
33 : (5, 11)
34 : (2, 1)
35 : (1, 3)
36 : (2, 3)
37 : (3, 4)
38 : (1, 4)
39 : (4, 5)
40 : (6, 6)
41 : (5, 12)
42 : (0, 2)
43 : (2, 2)
46 : (5, 2)
47 : (2, 5)
52 : (11, 4)
53 : (4, 13)
56 : (7, 5)
57 : (4, 11)
58 : (10, 4)
59 : (3, 13)
60 : (8, 4)
61 : (2, 12)
62 : (6, 3)
63 : (3, 9)
64 : (5, 0)
65 : (0, 8)
66 : (7, 7)
67 : (4, 10)
76 : (6, 4)
77 : (4, 12)
78 : (5, 6)
79 : (4, 7)
80 : (6, 7)
81 : (6, 10)
82 : (5, 5)
83 : (3, 11)
84 : (0, 2)
85 : (2, 5)
86 : (10, 4)
87 : (3, 11)
88 : (6, 3)
89 : (1, 9)
90 : (7, 5)
91 : (5, 10)
92 : (2, 4)
93 : (4, 2)
94 : (4, 2)
95 : (2, 5)
gen	avg     	std     	min     	max    
0  	0.659782	0.919227	0       	2.798  
1  	0.981287	1.05583 	0       	2.798  
2  	1.785   	0.882829	0       	2.99231
3  	2.0736  	0.792352	0       	3.03573
4  	2.31188 	0.698727	0       	3.03573
5  	2.12999 	0.92971 	0       	3.03573
6  	2.48927 	0.462784	0.998296	3.03573
7  	2.3631  	0.666242	0       	3.19679
8  	2.19314 	0.885417	0       	3.03573
9  	2.31429 	0.83718 	0       	3.14837
10 	2.32372 	0.798278	0       	3.14837
11 	2.38802 	0.758997	0       	3.27277
12 	2.41697 	0.701921	0       	3.27277
13 	2.44089 	0.78089 	0       	3.27277
14 	2.43033 	0.744844	0       	3.27277
15 	2.44137 	0.698086	0       	3.17873
16 	2.33932 	0.926733	0       	3.17873
17 	2.51634 	0.525781	1.05128 	3.17873
18 	2.39926 	0.901681	0       	3.17873
19 	2.50563 	0.681402	0.08    	3.17873