Results
[[29, 26], [11, 14], [15, 24], [29, 26]]
[[32, 30], [8, 10], [15, 16], [32, 30]]
[[27, 21], [13, 19], [21, 23], [27, 21]]
[[23, 23], [17, 17], [21, 26], [23, 23]]
[[21, 24], [19, 16], [24, 21], [21, 24]]

kills 1) first bot 2) second bot
[29, 26, 32, 30, 27, 21, 23, 23, 21, 24]
[11, 14, 8, 10, 13, 19, 17, 17, 19, 16]

dies 1) first bot 2) second bot
[15, 24, 15, 16, 21, 23, 21, 26, 24, 21]
[29, 26, 32, 30, 27, 21, 23, 23, 21, 24]

kill [1)mean , 2)var]
1) [25.6, 14.4]
2) [14.711111111111112, 14.711111111111112]

dies [1)mean , 2)var]
1) [20.6, 25.6]
2) [15.822222222222223, 14.711111111111112]

fitness (entropy + total kill + suicides) [1)mean , 2)var]
1) 2.4485901492434428
2) 0.025836640523433103
