Gen : 0
0 : (4, 16)
1 : (16, 4)
2 : (4, 16)
3 : (16, 4)
4 : (1, 0)
5 : (0, 2)
6 : (4, 4)
7 : (4, 4)
8 : (0, 20)
9 : (20, 0)
10 : (3, 17)
11 : (17, 3)
12 : (1, 19)
13 : (19, 1)
14 : (9, 11)
15 : (11, 9)
16 : (12, 4)
17 : (4, 12)
18 : (15, 5)
19 : (5, 15)
20 : (1, 1)
21 : (1, 1)
22 : (0, 4)
23 : (4, 0)
24 : (18, 0)
25 : (0, 18)
26 : (11, 9)
27 : (9, 11)
28 : (5, 6)
29 : (6, 6)
30 : (0, 20)
31 : (20, 0)
32 : (1, 4)
33 : (4, 1)
34 : (4, 10)
35 : (10, 4)
36 : (20, 0)
37 : (0, 20)
38 : (0, 20)
39 : (20, 0)
40 : (0, 5)
41 : (5, 0)
42 : (20, 0)
43 : (0, 20)
44 : (6, 0)
45 : (0, 6)
46 : (18, 2)
47 : (2, 18)
48 : (6, 0)
49 : (0, 6)
50 : (10, 10)
51 : (10, 10)
52 : (16, 4)
53 : (4, 16)
54 : (10, 0)
55 : (0, 10)
56 : (0, 20)
57 : (20, 0)
58 : (13, 0)
59 : (0, 13)
60 : (0, 5)
61 : (5, 0)
62 : (1, 5)
63 : (5, 1)
64 : (12, 1)
65 : (1, 12)
66 : (1, 19)
67 : (19, 1)
68 : (19, 1)
69 : (1, 19)
70 : (10, 0)
71 : (0, 10)
72 : (3, 17)
73 : (17, 3)
74 : (6, 1)
75 : (1, 6)
76 : (3, 9)
77 : (8, 3)
78 : (3, 15)
79 : (15, 3)
80 : (8, 12)
81 : (12, 8)
82 : (10, 10)
83 : (10, 10)
84 : (8, 12)
85 : (12, 8)
86 : (14, 6)
87 : (6, 14)
88 : (0, 20)
89 : (20, 0)
90 : (3, 17)
91 : (17, 3)
92 : (13, 7)
93 : (7, 13)
94 : (2, 18)
95 : (18, 2)
96 : (0, 20)
97 : (20, 0)
98 : (1, 19)
99 : (19, 1)
*********************************************************
Gen : 1
2 : (1, 19)
3 : (19, 1)
4 : (18, 2)
5 : (2, 18)
6 : (1, 19)
7 : (19, 1)
10 : (1, 19)
11 : (19, 1)
14 : (0, 3)
15 : (3, 0)
16 : (4, 5)
17 : (5, 4)
18 : (4, 11)
19 : (11, 4)
22 : (0, 20)
23 : (20, 0)
32 : (0, 20)
33 : (20, 0)
34 : (2, 0)
35 : (0, 2)
44 : (4, 14)
45 : (14, 4)
52 : (2, 1)
53 : (1, 2)
54 : (11, 9)
55 : (9, 11)
56 : (4, 16)
57 : (16, 4)
58 : (1, 19)
59 : (19, 1)
60 : (0, 11)
61 : (11, 0)
62 : (1, 19)
63 : (19, 1)
68 : (13, 0)
69 : (0, 13)
70 : (0, 14)
71 : (14, 0)
72 : (1, 19)
73 : (19, 2)
74 : (20, 0)
75 : (0, 20)
76 : (19, 1)
77 : (1, 19)
78 : (0, 7)
79 : (7, 0)
84 : (0, 20)
85 : (20, 0)
86 : (0, 20)
87 : (20, 0)
92 : (0, 20)
93 : (20, 0)
94 : (20, 0)
95 : (0, 20)
*********************************************************
Gen : 2
0 : (13, 7)
1 : (7, 13)
2 : (15, 5)
3 : (5, 15)
6 : (11, 9)
7 : (9, 11)
8 : (4, 2)
9 : (2, 4)
10 : (6, 0)
11 : (0, 6)
12 : (4, 16)
13 : (16, 4)
18 : (19, 1)
19 : (1, 19)
20 : (1, 2)
21 : (2, 1)
22 : (3, 16)
23 : (16, 3)
24 : (13, 7)
25 : (7, 13)
26 : (20, 0)
27 : (0, 20)
28 : (4, 6)
29 : (6, 4)
30 : (2, 18)
31 : (18, 2)
32 : (1, 1)
33 : (1, 1)
34 : (18, 2)
35 : (2, 18)
36 : (18, 2)
37 : (2, 18)
38 : (0, 4)
39 : (4, 0)
44 : (0, 11)
45 : (11, 0)
46 : (4, 16)
47 : (16, 4)
48 : (1, 19)
49 : (19, 1)
50 : (0, 0)
51 : (0, 0)
52 : (3, 17)
53 : (17, 3)
54 : (0, 20)
55 : (20, 0)
62 : (20, 0)
63 : (0, 20)
70 : (1, 19)
71 : (19, 1)
76 : (18, 2)
77 : (2, 18)
78 : (6, 0)
79 : (0, 6)
80 : (19, 1)
81 : (1, 19)
82 : (1, 14)
83 : (14, 1)
84 : (0, 20)
85 : (20, 0)
86 : (1, 19)
87 : (19, 1)
88 : (0, 20)
89 : (20, 0)
90 : (2, 18)
91 : (18, 2)
92 : (7, 3)
93 : (3, 7)
94 : (1, 1)
95 : (1, 1)
*********************************************************
Gen : 3
4 : (8, 12)
5 : (12, 8)
8 : (8, 0)
9 : (0, 8)
10 : (19, 1)
11 : (1, 19)
16 : (11, 1)
17 : (1, 11)
18 : (0, 20)
19 : (20, 0)
28 : (1, 19)
29 : (19, 1)
30 : (11, 0)
31 : (0, 11)
36 : (4, 16)
37 : (16, 4)
38 : (10, 10)
39 : (10, 10)
40 : (12, 3)
41 : (3, 12)
42 : (0, 14)
43 : (14, 0)
46 : (11, 6)
47 : (6, 11)
48 : (9, 11)
49 : (11, 9)
50 : (1, 14)
51 : (14, 1)
52 : (16, 4)
53 : (4, 16)
54 : (0, 20)
55 : (20, 0)
58 : (0, 20)
59 : (20, 0)
60 : (19, 1)
61 : (1, 19)
62 : (20, 0)
63 : (0, 20)
64 : (0, 20)
65 : (20, 0)
66 : (6, 0)
67 : (0, 6)
68 : (0, 20)
69 : (20, 0)
70 : (20, 0)
71 : (0, 20)
72 : (14, 4)
73 : (4, 15)
74 : (0, 20)
75 : (20, 0)
76 : (0, 20)
77 : (20, 0)
78 : (7, 1)
79 : (1, 7)
80 : (0, 20)
81 : (20, 0)
84 : (0, 20)
85 : (20, 0)
86 : (3, 9)
87 : (9, 3)
88 : (5, 15)
89 : (15, 5)
90 : (11, 5)
91 : (5, 11)
*********************************************************
Gen : 4
0 : (13, 4)
1 : (4, 13)
2 : (1, 19)
3 : (19, 1)
4 : (0, 20)
5 : (20, 0)
8 : (8, 12)
9 : (12, 8)
10 : (7, 3)
11 : (3, 7)
20 : (3, 2)
21 : (2, 3)
24 : (7, 13)
25 : (13, 7)
26 : (9, 11)
27 : (11, 9)
32 : (2, 17)
33 : (17, 2)
34 : (10, 10)
35 : (10, 10)
40 : (0, 20)
41 : (20, 0)
42 : (0, 20)
43 : (20, 0)
56 : (20, 0)
57 : (0, 20)
58 : (20, 0)
59 : (0, 20)
60 : (19, 0)
61 : (0, 19)
62 : (8, 5)
63 : (5, 8)
66 : (19, 1)
67 : (1, 19)
76 : (2, 18)
77 : (18, 2)
88 : (2, 18)
89 : (18, 2)
90 : (0, 20)
91 : (20, 0)
92 : (0, 20)
93 : (20, 0)
94 : (13, 0)
95 : (0, 13)
*********************************************************
Gen : 5
2 : (9, 6)
3 : (6, 9)
4 : (17, 3)
5 : (3, 17)
12 : (20, 0)
13 : (0, 20)
14 : (14, 0)
15 : (0, 14)
16 : (2, 15)
17 : (15, 2)
18 : (11, 0)
19 : (0, 11)
26 : (1, 0)
27 : (0, 1)
28 : (4, 16)
29 : (16, 4)
30 : (2, 0)
31 : (0, 2)
32 : (19, 1)
33 : (1, 19)
34 : (15, 1)
35 : (1, 15)
40 : (3, 2)
41 : (2, 3)
42 : (17, 1)
43 : (1, 17)
50 : (8, 10)
51 : (10, 8)
52 : (7, 9)
53 : (9, 7)
54 : (6, 7)
55 : (7, 6)
56 : (0, 11)
57 : (11, 0)
58 : (9, 0)
59 : (0, 9)
60 : (5, 0)
61 : (0, 5)
62 : (2, 18)
63 : (18, 2)
68 : (0, 20)
69 : (20, 0)
70 : (14, 2)
71 : (2, 14)
82 : (0, 18)
83 : (18, 0)
88 : (4, 15)
89 : (15, 4)
90 : (11, 0)
91 : (0, 11)
92 : (0, 20)
93 : (20, 0)
94 : (7, 9)
95 : (9, 7)
96 : (0, 20)
97 : (20, 0)
98 : (0, 2)
99 : (2, 0)
*********************************************************
Gen : 6
0 : (3, 17)
1 : (17, 3)
2 : (7, 0)
3 : (0, 7)
4 : (0, 20)
5 : (20, 0)
6 : (12, 8)
7 : (8, 12)
8 : (0, 3)
9 : (3, 0)
10 : (20, 0)
11 : (0, 20)
16 : (12, 8)
17 : (8, 12)
18 : (7, 13)
19 : (13, 7)
24 : (3, 14)
25 : (14, 3)
26 : (20, 0)
27 : (0, 20)
32 : (12, 8)
33 : (8, 12)
34 : (0, 20)
35 : (20, 0)
36 : (2, 15)
37 : (15, 2)
40 : (15, 0)
41 : (0, 15)
42 : (1, 19)
43 : (19, 1)
48 : (20, 0)
49 : (0, 20)
50 : (7, 12)
51 : (12, 7)
56 : (11, 0)
57 : (0, 11)
58 : (1, 8)
59 : (8, 1)
72 : (20, 0)
73 : (0, 20)
84 : (0, 20)
85 : (20, 0)
86 : (0, 14)
87 : (14, 0)
90 : (0, 20)
91 : (20, 0)
92 : (20, 0)
93 : (0, 20)
94 : (0, 20)
95 : (20, 0)
*********************************************************
Gen : 7
64 : (0, 20)
65 : (20, 0)
66 : (9, 0)
67 : (0, 9)
68 : (15, 5)
69 : (5, 15)
70 : (2, 17)
71 : (17, 2)
8 : (8, 11)
9 : (11, 8)
12 : (20, 0)
13 : (0, 20)
14 : (4, 4)
15 : (4, 4)
80 : (0, 16)
81 : (16, 0)
82 : (18, 2)
83 : (2, 18)
20 : (7, 3)
21 : (3, 7)
24 : (6, 14)
25 : (14, 6)
26 : (0, 20)
27 : (20, 0)
92 : (1, 1)
90 : (20, 0)
94 : (13, 0)
95 : (0, 13)
91 : (0, 20)
36 : (0, 10)
37 : (10, 0)
38 : (6, 2)
39 : (2, 6)
93 : (1, 1)
72 : (17, 3)
73 : (3, 17)
60 : (20, 0)
61 : (0, 20)
*********************************************************
Gen : 8
2 : (0, 18)
3 : (18, 0)
4 : (16, 0)
5 : (0, 16)
6 : (4, 7)
7 : (7, 4)
8 : (15, 5)
9 : (5, 15)
10 : (9, 3)
11 : (3, 9)
16 : (18, 2)
17 : (2, 18)
20 : (16, 0)
21 : (0, 16)
22 : (13, 7)
23 : (7, 13)
34 : (0, 20)
35 : (20, 0)
36 : (0, 13)
37 : (13, 0)
38 : (0, 11)
39 : (11, 0)
44 : (5, 13)
45 : (13, 5)
46 : (7, 13)
47 : (13, 7)
48 : (11, 9)
49 : (9, 11)
50 : (4, 0)
51 : (0, 4)
58 : (9, 0)
59 : (0, 9)
64 : (17, 3)
65 : (3, 17)
66 : (0, 20)
67 : (20, 0)
68 : (10, 0)
69 : (0, 10)
70 : (0, 15)
71 : (15, 0)
74 : (0, 20)
75 : (20, 0)
88 : (16, 0)
89 : (0, 16)
90 : (12, 2)
91 : (2, 12)
94 : (19, 1)
95 : (1, 19)
*********************************************************
Gen : 9
0 : (19, 1)
1 : (1, 19)
2 : (0, 20)
3 : (20, 0)
4 : (13, 7)
5 : (7, 13)
6 : (15, 5)
7 : (5, 15)
12 : (10, 0)
13 : (0, 10)
14 : (17, 0)
15 : (0, 17)
16 : (13, 7)
17 : (7, 13)
18 : (7, 5)
19 : (5, 7)
20 : (5, 12)
21 : (12, 5)
22 : (4, 16)
23 : (16, 4)
24 : (14, 0)
25 : (0, 14)
26 : (9, 3)
27 : (3, 9)
30 : (11, 5)
31 : (5, 11)
36 : (18, 2)
37 : (2, 18)
38 : (19, 1)
39 : (1, 19)
48 : (0, 9)
49 : (9, 0)
60 : (19, 1)
61 : (1, 19)
62 : (0, 14)
63 : (14, 0)
64 : (0, 20)
65 : (20, 0)
66 : (2, 18)
67 : (18, 2)
72 : (2, 18)
73 : (18, 2)
74 : (0, 1)
75 : (1, 0)
76 : (12, 0)
77 : (0, 12)
78 : (0, 15)
79 : (15, 0)
80 : (8, 12)
81 : (12, 8)
82 : (0, 20)
83 : (20, 0)
84 : (0, 2)
85 : (2, 0)
88 : (18, 2)
89 : (2, 18)
*********************************************************
Gen : 10
4 : (1, 13)
5 : (13, 1)
6 : (8, 4)
7 : (4, 8)
8 : (6, 11)
9 : (11, 6)
10 : (6, 14)
11 : (14, 6)
12 : (0, 20)
13 : (20, 0)
14 : (10, 10)
15 : (10, 10)
20 : (0, 18)
21 : (18, 0)
24 : (17, 3)
25 : (3, 17)
26 : (11, 9)
27 : (9, 11)
40 : (16, 4)
41 : (4, 16)
56 : (1, 19)
57 : (19, 1)
60 : (5, 0)
61 : (0, 5)
62 : (18, 2)
63 : (2, 18)
64 : (12, 1)
65 : (1, 12)
66 : (20, 0)
67 : (0, 20)
68 : (18, 2)
69 : (2, 18)
70 : (18, 0)
71 : (0, 18)
76 : (5, 5)
77 : (5, 5)
78 : (0, 20)
79 : (20, 0)
80 : (0, 11)
81 : (11, 0)
92 : (18, 0)
93 : (0, 18)
94 : (8, 9)
95 : (9, 8)
96 : (0, 1)
97 : (1, 0)
98 : (0, 0)
99 : (0, 0)
*********************************************************
Gen : 11
0 : (0, 20)
1 : (20, 0)
2 : (20, 0)
3 : (0, 20)
8 : (19, 1)
9 : (1, 19)
10 : (1, 16)
11 : (16, 2)
12 : (10, 9)
13 : (9, 10)
14 : (0, 14)
15 : (14, 0)
16 : (5, 0)
17 : (0, 5)
18 : (17, 3)
19 : (3, 17)
20 : (1, 19)
21 : (19, 1)
22 : (13, 7)
23 : (7, 13)
24 : (19, 1)
25 : (1, 19)
26 : (6, 14)
27 : (14, 6)
28 : (0, 20)
29 : (20, 0)
30 : (2, 16)
31 : (16, 2)
36 : (11, 9)
37 : (9, 11)
38 : (15, 5)
39 : (5, 15)
44 : (16, 0)
45 : (0, 16)
46 : (6, 3)
47 : (3, 6)
50 : (0, 20)
51 : (20, 0)
56 : (6, 13)
57 : (13, 6)
58 : (17, 3)
59 : (3, 17)
60 : (0, 20)
61 : (20, 0)
62 : (0, 11)
63 : (11, 0)
64 : (20, 0)
65 : (0, 20)
66 : (9, 11)
67 : (11, 9)
72 : (20, 0)
73 : (0, 20)
74 : (3, 17)
75 : (17, 3)
80 : (0, 6)
81 : (6, 0)
82 : (0, 15)
83 : (15, 0)
*********************************************************
Gen : 12
0 : (12, 0)
1 : (0, 12)
10 : (16, 4)
11 : (4, 16)
12 : (0, 20)
13 : (20, 0)
14 : (13, 7)
15 : (7, 13)
24 : (1, 19)
25 : (19, 1)
26 : (0, 20)
27 : (20, 0)
28 : (11, 9)
29 : (9, 11)
30 : (0, 6)
31 : (6, 0)
40 : (0, 19)
41 : (19, 0)
44 : (2, 10)
45 : (10, 2)
46 : (20, 0)
47 : (0, 20)
48 : (4, 1)
49 : (1, 4)
50 : (0, 20)
51 : (20, 0)
52 : (4, 4)
53 : (4, 4)
54 : (9, 4)
55 : (4, 9)
56 : (20, 0)
57 : (0, 20)
58 : (3, 17)
59 : (17, 3)
64 : (0, 20)
65 : (20, 0)
66 : (6, 0)
67 : (0, 6)
68 : (17, 3)
69 : (3, 17)
70 : (0, 14)
71 : (14, 0)
72 : (11, 9)
73 : (9, 11)
74 : (1, 6)
75 : (6, 1)
76 : (0, 5)
77 : (5, 0)
78 : (20, 0)
79 : (0, 20)
80 : (0, 20)
81 : (20, 0)
82 : (9, 11)
83 : (11, 9)
92 : (0, 6)
93 : (6, 0)
94 : (8, 12)
95 : (12, 8)
98 : (0, 0)
99 : (0, 0)
*********************************************************
Gen : 13
64 : (20, 0)
65 : (0, 20)
4 : (5, 15)
5 : (15, 5)
6 : (17, 3)
7 : (3, 17)
76 : (0, 20)
77 : (20, 0)
78 : (0, 8)
79 : (8, 0)
92 : (0, 20)
82 : (0, 20)
83 : (20, 0)
88 : (0, 6)
89 : (6, 0)
90 : (0, 20)
91 : (20, 0)
28 : (0, 20)
29 : (20, 0)
30 : (4, 3)
31 : (3, 4)
36 : (19, 0)
37 : (0, 19)
38 : (2, 0)
39 : (0, 2)
40 : (0, 20)
41 : (20, 0)
42 : (5, 2)
43 : (2, 5)
93 : (20, 0)
48 : (11, 0)
49 : (0, 11)
52 : (3, 14)
53 : (14, 3)
54 : (3, 17)
55 : (17, 3)
95 : (1, 0)
94 : (0, 1)
62 : (19, 1)
63 : (1, 19)
*********************************************************
Gen : 14
4 : (9, 10)
5 : (10, 9)
6 : (1, 19)
7 : (19, 1)
10 : (12, 8)
11 : (8, 12)
12 : (20, 0)
13 : (0, 20)
14 : (14, 6)
15 : (6, 14)
16 : (0, 20)
17 : (20, 1)
18 : (20, 0)
19 : (0, 20)
24 : (13, 7)
25 : (7, 13)
26 : (0, 20)
27 : (20, 0)
28 : (0, 18)
29 : (18, 0)
30 : (14, 6)
31 : (6, 14)
32 : (4, 4)
33 : (4, 4)
34 : (2, 15)
35 : (15, 2)
36 : (0, 20)
37 : (20, 0)
38 : (1, 0)
39 : (0, 1)
42 : (16, 4)
43 : (4, 16)
44 : (6, 14)
45 : (14, 6)
46 : (19, 1)
47 : (1, 19)
48 : (7, 13)
49 : (13, 7)
50 : (20, 0)
51 : (0, 20)
52 : (0, 15)
53 : (15, 0)
54 : (2, 18)
55 : (18, 2)
58 : (0, 9)
59 : (9, 0)
60 : (2, 4)
61 : (4, 2)
76 : (0, 1)
77 : (1, 0)
78 : (0, 20)
79 : (20, 0)
84 : (3, 5)
85 : (5, 3)
86 : (0, 20)
87 : (20, 0)
90 : (0, 3)
91 : (3, 0)
98 : (0, 0)
99 : (0, 0)
*********************************************************
Gen : 15
0 : (20, 0)
1 : (0, 20)
2 : (0, 20)
3 : (20, 0)
4 : (10, 10)
5 : (10, 10)
6 : (7, 7)
7 : (7, 7)
8 : (0, 20)
9 : (20, 0)
10 : (4, 8)
11 : (8, 4)
66 : (2, 18)
92 : (7, 1)
75 : (20, 0)
67 : (18, 2)
73 : (0, 14)
87 : (0, 10)
88 : (13, 0)
89 : (0, 13)
90 : (0, 6)
91 : (6, 0)
86 : (10, 0)
93 : (1, 7)
94 : (4, 16)
95 : (16, 4)
36 : (18, 2)
37 : (2, 18)
38 : (9, 4)
39 : (4, 9)
40 : (11, 0)
41 : (0, 11)
42 : (19, 1)
43 : (1, 19)
82 : (0, 20)
72 : (14, 0)
83 : (20, 0)
74 : (0, 20)
54 : (18, 2)
55 : (2, 18)
60 : (16, 0)
61 : (0, 16)
*********************************************************
Gen : 16
0 : (20, 0)
1 : (0, 20)
4 : (0, 16)
5 : (16, 0)
6 : (7, 13)
7 : (13, 7)
12 : (0, 9)
13 : (9, 0)
14 : (11, 0)
15 : (0, 11)
16 : (7, 13)
17 : (13, 7)
18 : (16, 4)
19 : (4, 16)
20 : (18, 2)
21 : (2, 18)
22 : (20, 0)
23 : (0, 20)
26 : (12, 8)
27 : (8, 12)
30 : (0, 4)
31 : (4, 0)
36 : (0, 20)
37 : (20, 0)
38 : (1, 19)
39 : (19, 1)
48 : (0, 20)
49 : (20, 0)
50 : (0, 2)
51 : (2, 0)
52 : (1, 19)
53 : (19, 1)
54 : (4, 1)
55 : (1, 4)
62 : (2, 12)
63 : (12, 2)
64 : (0, 20)
65 : (20, 0)
66 : (0, 10)
67 : (10, 0)
76 : (20, 0)
77 : (0, 20)
78 : (0, 20)
79 : (20, 0)
84 : (0, 8)
85 : (8, 0)
86 : (20, 0)
87 : (0, 20)
88 : (1, 19)
89 : (19, 1)
90 : (1, 0)
91 : (0, 1)
92 : (20, 0)
93 : (0, 20)
94 : (15, 5)
95 : (5, 15)
96 : (0, 16)
97 : (16, 0)
98 : (8, 0)
99 : (0, 8)
*********************************************************
Gen : 17
0 : (5, 15)
1 : (15, 5)
2 : (0, 16)
3 : (16, 0)
4 : (1, 19)
5 : (19, 1)
6 : (8, 2)
7 : (2, 8)
8 : (6, 0)
9 : (0, 6)
10 : (20, 0)
11 : (0, 20)
12 : (4, 4)
13 : (4, 4)
14 : (16, 3)
15 : (3, 16)
20 : (4, 16)
21 : (16, 4)
22 : (12, 0)
23 : (0, 12)
24 : (0, 19)
25 : (19, 0)
26 : (18, 2)
27 : (2, 18)
32 : (8, 12)
33 : (12, 8)
34 : (0, 20)
35 : (20, 0)
36 : (0, 20)
37 : (20, 0)
38 : (7, 12)
39 : (12, 7)
40 : (20, 0)
41 : (0, 20)
42 : (0, 20)
43 : (20, 0)
54 : (0, 10)
55 : (10, 0)
56 : (0, 20)
57 : (20, 0)
58 : (19, 1)
59 : (1, 19)
60 : (19, 0)
61 : (0, 19)
62 : (0, 20)
63 : (20, 0)
64 : (0, 4)
65 : (4, 0)
66 : (1, 11)
67 : (11, 1)
68 : (2, 18)
69 : (18, 2)
70 : (0, 20)
71 : (20, 0)
72 : (0, 20)
73 : (20, 0)
74 : (0, 5)
75 : (5, 0)
76 : (20, 0)
77 : (0, 20)
78 : (15, 0)
79 : (0, 15)
84 : (20, 0)
85 : (0, 20)
88 : (17, 3)
89 : (3, 17)
90 : (3, 17)
91 : (17, 3)
92 : (10, 0)
93 : (0, 10)
96 : (17, 3)
97 : (3, 17)
98 : (0, 14)
99 : (14, 0)
*********************************************************
Gen : 18
0 : (5, 15)
1 : (15, 5)
2 : (1, 4)
3 : (4, 1)
4 : (15, 5)
5 : (5, 15)
6 : (0, 20)
7 : (20, 0)
10 : (13, 7)
11 : (7, 13)
14 : (3, 17)
15 : (17, 3)
16 : (7, 13)
17 : (13, 7)
18 : (17, 0)
19 : (0, 17)
20 : (15, 5)
21 : (5, 15)
22 : (4, 16)
23 : (16, 4)
26 : (0, 20)
27 : (20, 0)
28 : (0, 20)
29 : (20, 0)
30 : (19, 1)
31 : (1, 19)
32 : (9, 0)
33 : (0, 9)
34 : (2, 12)
35 : (12, 2)
36 : (0, 20)
37 : (20, 0)
38 : (0, 20)
39 : (20, 0)
46 : (20, 0)
47 : (0, 20)
52 : (0, 20)
53 : (20, 0)
54 : (0, 20)
55 : (20, 0)
56 : (0, 5)
57 : (5, 0)
58 : (0, 12)
59 : (12, 0)
60 : (1, 19)
61 : (19, 1)
62 : (0, 20)
63 : (20, 0)
72 : (0, 20)
73 : (20, 0)
76 : (9, 11)
77 : (11, 9)
78 : (20, 0)
79 : (0, 20)
84 : (2, 0)
85 : (0, 2)
86 : (15, 0)
87 : (0, 15)
88 : (0, 5)
89 : (5, 0)
*********************************************************
Gen : 19
4 : (0, 20)
5 : (20, 0)
12 : (5, 7)
13 : (7, 5)
14 : (17, 3)
15 : (3, 17)
16 : (0, 20)
17 : (20, 0)
18 : (0, 10)
19 : (10, 0)
20 : (0, 17)
21 : (17, 0)
24 : (4, 15)
25 : (15, 4)
26 : (0, 4)
27 : (4, 0)
32 : (20, 0)
33 : (0, 20)
34 : (16, 4)
35 : (4, 16)
36 : (13, 7)
37 : (7, 13)
38 : (6, 14)
39 : (14, 6)
44 : (2, 18)
45 : (18, 2)
46 : (0, 20)
47 : (20, 0)
48 : (0, 14)
49 : (14, 0)
50 : (11, 0)
51 : (0, 11)
52 : (11, 0)
53 : (0, 11)
54 : (0, 14)
55 : (14, 0)
56 : (18, 2)
57 : (2, 18)
58 : (0, 20)
59 : (20, 0)
60 : (6, 0)
61 : (0, 6)
62 : (0, 20)
63 : (20, 0)
64 : (9, 0)
65 : (0, 9)
66 : (0, 15)
67 : (15, 0)
72 : (0, 20)
73 : (20, 0)
74 : (0, 14)
75 : (14, 0)
78 : (0, 20)
79 : (20, 0)
90 : (20, 0)
91 : (0, 20)
92 : (2, 8)
93 : (8, 2)
94 : (0, 20)
95 : (20, 0)
96 : (3, 16)
97 : (16, 3)
98 : (10, 2)
99 : (2, 10)
*********************************************************
Gen : 20
0 : (7, 13)
1 : (13, 7)
2 : (3, 4)
3 : (4, 3)
8 : (4, 15)
9 : (15, 4)
10 : (16, 1)
11 : (1, 16)
32 : (0, 20)
33 : (20, 0)
34 : (0, 10)
35 : (10, 0)
36 : (6, 14)
37 : (14, 6)
38 : (1, 19)
39 : (19, 1)
44 : (8, 1)
45 : (1, 8)
46 : (3, 17)
47 : (17, 3)
48 : (20, 0)
49 : (0, 20)
52 : (0, 7)
53 : (7, 0)
54 : (19, 1)
55 : (1, 19)
60 : (8, 0)
61 : (0, 8)
62 : (15, 1)
63 : (1, 15)
64 : (2, 11)
65 : (11, 2)
66 : (0, 20)
67 : (20, 0)
72 : (2, 18)
73 : (18, 2)
74 : (0, 1)
75 : (1, 0)
80 : (8, 0)
81 : (0, 8)
82 : (20, 0)
83 : (0, 20)
92 : (0, 9)
93 : (9, 0)
94 : (20, 0)
95 : (0, 20)
*********************************************************
Gen : 21
14 : (5, 12)
15 : (12, 5)
16 : (4, 15)
17 : (15, 4)
18 : (20, 0)
19 : (0, 20)
24 : (11, 9)
25 : (9, 11)
26 : (20, 0)
27 : (0, 20)
28 : (11, 9)
29 : (9, 11)
30 : (6, 14)
31 : (14, 6)
32 : (0, 20)
33 : (20, 0)
34 : (2, 18)
35 : (18, 2)
38 : (1, 19)
39 : (19, 1)
40 : (2, 16)
41 : (16, 2)
42 : (2, 15)
43 : (15, 2)
44 : (0, 20)
45 : (20, 0)
48 : (1, 4)
49 : (4, 1)
50 : (13, 7)
51 : (7, 13)
60 : (0, 0)
61 : (0, 0)
62 : (20, 0)
63 : (0, 20)
70 : (20, 0)
71 : (0, 20)
76 : (0, 4)
77 : (4, 0)
78 : (0, 20)
79 : (20, 0)
80 : (0, 20)
81 : (20, 0)
82 : (0, 20)
83 : (20, 0)
84 : (20, 0)
85 : (0, 20)
86 : (20, 0)
87 : (0, 20)
90 : (0, 11)
91 : (11, 0)
92 : (6, 14)
93 : (14, 6)
94 : (7, 0)
95 : (0, 7)
96 : (0, 10)
97 : (10, 0)
98 : (0, 20)
99 : (20, 0)
*********************************************************
Gen : 22
0 : (1, 19)
1 : (19, 1)
2 : (20, 0)
3 : (0, 20)
8 : (1, 19)
9 : (19, 1)
10 : (4, 1)
11 : (1, 4)
16 : (0, 2)
17 : (2, 0)
18 : (5, 8)
19 : (8, 5)
24 : (16, 4)
25 : (4, 16)
26 : (18, 2)
27 : (2, 18)
36 : (0, 0)
37 : (0, 0)
38 : (8, 12)
39 : (12, 8)
75 : (1, 9)
44 : (7, 13)
45 : (13, 7)
46 : (1, 15)
47 : (15, 1)
72 : (0, 20)
74 : (9, 1)
73 : (20, 0)
58 : (20, 0)
59 : (0, 20)
60 : (6, 14)
61 : (14, 6)
62 : (20, 0)
63 : (0, 20)
*********************************************************
Gen : 23
4 : (0, 20)
5 : (20, 0)
6 : (2, 0)
7 : (0, 2)
16 : (1, 19)
17 : (19, 1)
20 : (10, 5)
21 : (5, 10)
24 : (2, 0)
25 : (0, 2)
26 : (10, 10)
27 : (10, 10)
36 : (6, 11)
37 : (11, 6)
38 : (13, 0)
39 : (0, 13)
44 : (16, 0)
45 : (0, 16)
46 : (1, 19)
47 : (19, 1)
52 : (0, 20)
53 : (20, 0)
56 : (0, 20)
57 : (20, 0)
58 : (13, 0)
59 : (0, 13)
64 : (0, 16)
65 : (16, 0)
66 : (0, 14)
67 : (14, 0)
72 : (0, 20)
73 : (20, 0)
76 : (0, 1)
77 : (1, 0)
80 : (20, 0)
81 : (0, 20)
82 : (1, 15)
83 : (15, 1)
84 : (0, 0)
85 : (0, 0)
86 : (1, 19)
87 : (19, 1)
88 : (0, 10)
89 : (10, 0)
90 : (20, 0)
91 : (0, 20)
96 : (0, 20)
97 : (20, 0)
98 : (19, 1)
99 : (1, 19)
*********************************************************
Gen : 24
0 : (2, 18)
1 : (18, 2)
8 : (0, 20)
9 : (20, 0)
10 : (3, 14)
11 : (14, 3)
12 : (5, 11)
13 : (11, 5)
28 : (8, 11)
29 : (11, 8)
30 : (0, 20)
31 : (20, 0)
32 : (0, 5)
33 : (5, 0)
34 : (20, 0)
35 : (0, 20)
36 : (1, 10)
37 : (10, 1)
38 : (1, 18)
39 : (18, 1)
42 : (13, 0)
43 : (0, 13)
44 : (9, 6)
45 : (6, 9)
46 : (0, 20)
47 : (20, 0)
48 : (0, 2)
49 : (2, 0)
50 : (0, 20)
51 : (20, 0)
52 : (20, 0)
53 : (0, 20)
54 : (17, 0)
55 : (0, 17)
64 : (20, 0)
65 : (0, 20)
66 : (0, 20)
67 : (20, 0)
76 : (1, 19)
77 : (19, 1)
78 : (4, 14)
79 : (14, 4)
80 : (0, 7)
81 : (7, 0)
82 : (2, 16)
83 : (16, 2)
84 : (20, 0)
85 : (0, 20)
86 : (1, 0)
87 : (0, 1)
88 : (0, 14)
89 : (14, 0)
90 : (0, 5)
91 : (5, 0)
96 : (5, 7)
97 : (7, 5)
98 : (0, 0)
99 : (0, 0)
*********************************************************
Gen : 25
0 : (1, 12)
1 : (12, 1)
2 : (0, 20)
3 : (20, 0)
4 : (11, 8)
5 : (8, 11)
6 : (10, 10)
7 : (10, 10)
12 : (16, 4)
13 : (4, 16)
14 : (8, 12)
15 : (12, 8)
20 : (0, 19)
21 : (19, 0)
22 : (18, 2)
23 : (2, 18)
26 : (5, 12)
27 : (12, 5)
30 : (0, 5)
31 : (5, 0)
32 : (5, 12)
33 : (12, 5)
36 : (0, 13)
37 : (13, 0)
38 : (20, 0)
39 : (0, 20)
42 : (6, 10)
43 : (10, 6)
44 : (0, 4)
45 : (4, 0)
52 : (0, 20)
53 : (20, 0)
54 : (0, 20)
55 : (20, 0)
60 : (20, 0)
61 : (0, 20)
62 : (6, 13)
63 : (13, 6)
64 : (1, 8)
65 : (8, 1)
66 : (10, 10)
67 : (10, 10)
68 : (20, 0)
69 : (0, 20)
70 : (3, 0)
71 : (0, 3)
72 : (13, 0)
73 : (0, 13)
74 : (0, 20)
75 : (20, 0)
76 : (4, 14)
77 : (14, 4)
78 : (0, 3)
79 : (3, 0)
80 : (10, 1)
81 : (1, 10)
82 : (2, 18)
83 : (18, 2)
88 : (3, 0)
89 : (0, 3)
90 : (0, 20)
91 : (20, 0)
96 : (0, 3)
97 : (3, 0)
98 : (10, 3)
99 : (3, 10)
*********************************************************
Gen : 26
4 : (12, 8)
5 : (8, 12)
6 : (2, 15)
7 : (15, 2)
12 : (8, 12)
13 : (12, 8)
14 : (8, 3)
15 : (3, 8)
24 : (0, 20)
25 : (20, 0)
26 : (20, 0)
27 : (0, 20)
28 : (1, 19)
29 : (19, 1)
30 : (18, 2)
31 : (2, 18)
34 : (0, 6)
35 : (6, 0)
36 : (2, 12)
37 : (12, 2)
38 : (1, 0)
39 : (0, 1)
40 : (0, 20)
41 : (20, 0)
42 : (9, 2)
43 : (2, 9)
44 : (2, 18)
45 : (18, 2)
46 : (1, 19)
47 : (19, 1)
50 : (2, 18)
51 : (18, 2)
56 : (13, 0)
57 : (0, 13)
58 : (15, 5)
59 : (5, 15)
64 : (0, 17)
65 : (17, 1)
72 : (12, 3)
73 : (3, 12)
74 : (20, 0)
75 : (0, 20)
80 : (20, 0)
81 : (0, 20)
82 : (0, 12)
83 : (12, 0)
84 : (1, 19)
85 : (19, 1)
86 : (0, 20)
87 : (20, 0)
92 : (2, 10)
93 : (10, 2)
94 : (0, 3)
95 : (3, 0)
*********************************************************
Gen : 27
4 : (1, 19)
5 : (19, 1)
6 : (1, 19)
7 : (19, 1)
12 : (11, 9)
13 : (9, 11)
16 : (1, 15)
17 : (15, 1)
18 : (0, 20)
19 : (20, 0)
20 : (3, 17)
21 : (17, 3)
22 : (20, 0)
23 : (0, 20)
24 : (0, 18)
25 : (17, 0)
26 : (0, 20)
27 : (20, 0)
32 : (6, 12)
33 : (12, 6)
34 : (5, 1)
35 : (1, 5)
36 : (7, 13)
37 : (13, 7)
38 : (15, 5)
39 : (5, 15)
40 : (4, 16)
41 : (16, 4)
44 : (1, 0)
45 : (0, 1)
46 : (0, 19)
47 : (19, 0)
48 : (14, 0)
49 : (0, 14)
50 : (0, 9)
51 : (9, 0)
58 : (1, 13)
59 : (13, 1)
60 : (0, 20)
61 : (20, 0)
62 : (0, 19)
63 : (19, 0)
64 : (6, 5)
65 : (5, 6)
66 : (3, 10)
67 : (10, 3)
68 : (0, 0)
69 : (0, 0)
70 : (20, 0)
71 : (0, 20)
72 : (0, 20)
73 : (20, 0)
74 : (10, 0)
75 : (0, 10)
76 : (2, 5)
77 : (5, 2)
78 : (1, 0)
79 : (0, 1)
80 : (20, 0)
81 : (0, 20)
82 : (13, 0)
83 : (0, 13)
84 : (0, 20)
85 : (20, 0)
86 : (7, 1)
87 : (1, 7)
96 : (3, 0)
97 : (0, 3)
98 : (8, 3)
99 : (3, 8)
*********************************************************
Gen : 28
6 : (0, 20)
7 : (20, 0)
12 : (7, 0)
13 : (0, 7)
14 : (9, 7)
15 : (7, 9)
16 : (1, 2)
17 : (2, 1)
18 : (0, 20)
19 : (20, 0)
20 : (4, 2)
21 : (2, 4)
22 : (10, 6)
23 : (6, 10)
24 : (0, 20)
25 : (20, 0)
26 : (0, 20)
27 : (20, 0)
28 : (2, 13)
29 : (13, 2)
30 : (13, 1)
31 : (1, 13)
34 : (3, 12)
35 : (12, 3)
40 : (1, 19)
41 : (19, 1)
44 : (11, 0)
45 : (0, 11)
46 : (6, 14)
47 : (14, 6)
56 : (20, 0)
57 : (0, 20)
58 : (8, 0)
59 : (0, 8)
60 : (9, 0)
61 : (0, 9)
62 : (17, 0)
63 : (0, 17)
64 : (0, 20)
65 : (20, 0)
66 : (7, 10)
67 : (10, 7)
68 : (0, 6)
69 : (6, 0)
70 : (15, 0)
71 : (0, 15)
76 : (6, 10)
77 : (10, 6)
78 : (0, 0)
79 : (0, 0)
80 : (4, 1)
81 : (1, 4)
82 : (0, 20)
83 : (20, 0)
88 : (0, 8)
89 : (8, 0)
90 : (0, 15)
91 : (15, 0)
92 : (0, 14)
93 : (14, 0)
94 : (0, 13)
95 : (13, 0)
96 : (1, 1)
97 : (1, 1)
*********************************************************
Gen : 29
6 : (0, 20)
7 : (20, 0)
12 : (0, 11)
13 : (11, 0)
14 : (18, 0)
15 : (0, 18)
16 : (1, 19)
17 : (19, 1)
18 : (6, 2)
19 : (2, 6)
24 : (1, 3)
25 : (3, 1)
28 : (1, 2)
29 : (2, 1)
30 : (16, 4)
31 : (4, 16)
32 : (16, 3)
33 : (3, 16)
40 : (6, 7)
41 : (7, 6)
42 : (9, 11)
43 : (11, 9)
44 : (13, 7)
45 : (7, 13)
46 : (19, 1)
47 : (1, 19)
50 : (1, 5)
51 : (5, 1)
60 : (3, 15)
61 : (15, 3)
62 : (7, 13)
63 : (13, 7)
64 : (19, 0)
65 : (0, 20)
66 : (20, 0)
67 : (0, 20)
72 : (0, 20)
73 : (20, 0)
74 : (5, 10)
75 : (10, 5)
76 : (0, 20)
77 : (20, 0)
78 : (20, 0)
79 : (0, 20)
80 : (8, 1)
81 : (1, 8)
82 : (2, 18)
83 : (18, 2)
84 : (0, 4)
85 : (4, 0)
86 : (0, 20)
87 : (20, 0)
96 : (1, 19)
97 : (19, 1)
98 : (0, 20)
99 : (20, 0)
*********************************************************
   	            entropy            	              diff             	       kills       
   	-------------------------------	-------------------------------	-------------------
gen	min	avg     	max    	min     	avg    	max    	min	avg  	max
0  	0  	0.925504	2      	0.415989	1.19326	1.95246	1  	15.38	20 
1  	0  	0.699742	2      	0.457724	1.26006	1.90419	1  	15.52	20 
2  	0  	0.798404	2      	0.457724	1.26752	1.90333	0  	15.36	20 
3  	0  	0.749734	2      	0.457724	1.27899	1.77874	0  	16.5 	20 
4  	0  	0.741183	2      	0.667765	1.30165	1.78651	0  	16.66	20 
5  	0  	0.709376	1.99145	0.640468	1.28806	1.83867	1  	15.82	20 
6  	0  	0.541363	1.98555	0.640468	1.29755	1.96229	1  	16.38	20 
7  	0  	0.688398	2      	0.632265	1.26692	1.96229	1  	15.82	20 
8  	0  	0.713929	2      	0.632265	1.2446 	2.17819	1  	15.4 	20 
9  	0  	0.660751	2      	0.632265	1.22709	2.02467	1  	14.72	20 
10 	0  	0.714255	2      	0.632265	1.23907	2.02467	0  	15.2 	20 
11 	0  	0.591791	1.996  	0.587291	1.25988	1.86256	0  	16.4 	20 
12 	0  	0.76215 	2      	0.793647	1.26495	1.86256	0  	15.54	20 
13 	0  	0.723765	2      	0.697719	1.26876	1.86256	0  	15.48	20 
14 	0  	0.715744	2      	0.697719	1.23767	1.86256	0  	15.2 	20 
15 	0  	0.677249	2      	0.697719	1.21807	1.76162	0  	15.08	20 
16 	0  	0.607035	2      	0.729998	1.24051	1.90976	1  	15.02	20 
17 	0  	0.526859	2      	0.716604	1.27213	1.84974	2  	16.4 	20 
18 	0  	0.491567	2      	0.716604	1.26837	1.84073	2  	16.12	20 
19 	0  	0.562053	2      	0.751764	1.28657	1.95032	4  	15.66	20 
20 	0  	0.624045	2      	0.751764	1.2551 	1.95032	1  	15.56	20 
21 	0  	0.674638	2      	0.751764	1.27174	1.95032	0  	15.9 	20 
22 	0  	0.584953	1.9419 	0.765519	1.26967	1.95032	0  	16.04	20 
23 	0  	0.53683 	2      	0.681668	1.26322	1.84388	0  	15.76	20 
24 	0  	0.663829	2      	0.765519	1.3017 	1.86517	0  	15.84	20 
25 	0  	0.676508	2      	0.689546	1.25083	1.86517	0  	15.48	20 
26 	0  	0.607062	2      	0.765519	1.25947	1.86517	0  	15.46	20 
27 	0  	0.614259	2      	0.729034	1.28154	1.775  	0  	15   	20 
28 	0  	0.656228	2      	0.729034	1.30484	1.78538	0  	13.96	20 
29 	0  	0.739269	2      	0.729254	1.28507	1.77054	1  	15.54	20 