Gen : 0
0 : (0, 30, 0.0, 122.3395, 0.0)
1 : (30, 6, 0.0259, 529.3807, 5.0)
2 : (8, 29, 0.0, 122.7736, 1.1429)
3 : (22, 15, 0.0211, 450.6396, 3.1633)
4 : (0, 30, 0.0, 343.0366, 0.0)
5 : (30, 1, 0.0283, 568.5822, 19.0)
6 : (19, 15, 0.0018, 312.442, 1.8)
7 : (11, 21, 0.0185, 454.8314, 2.1333)
8 : (8, 41, 0.0006, 231.2786, 1.0)
9 : (22, 15, 0.0249, 515.0778, 2.375)
10 : (0, 32, 0.0, 129.6232, 0.0)
11 : (30, 7, 0.0219, 485.2825, 3.2857)
12 : (4, 26, 0.0, 220.6776, 1.0)
13 : (26, 7, 0.0254, 504.4932, 3.3333)
14 : (0, 30, 0.0, 222.5581, 0.0)
15 : (30, 6, 0.0192, 456.8382, 5.4)
16 : (2, 26, 0.0, 372.5615, 1.0)
17 : (24, 6, 0.0242, 514.527, 4.8)
18 : (7, 35, 0.0, 280.3597, 1.0)
19 : (23, 9, 0.0191, 459.3959, 2.75)
20 : (1, 25, 0.0, 162.7966, 1.0)
21 : (25, 6, 0.0202, 443.9153, 4.1667)
22 : (4, 26, 0.0, 389.2375, 1.0)
23 : (26, 6, 0.0232, 496.3994, 5.75)
24 : (0, 24, 0.0, 224.3026, 0.0)
25 : (23, 3, 0.019, 478.9149, 4.6667)
26 : (4, 37, 0.0, 282.943, 1.0)
27 : (26, 13, 0.0211, 477.7866, 2.2727)
28 : (19, 15, 0.0067, 461.9828, 1.9)
29 : (11, 22, 0.0321, 614.8796, 1.9833)
30 : (1, 32, 0.0, 263.0454, 1.0)
31 : (29, 11, 0.0223, 500.2906, 2.7)
32 : (0, 30, 0.0, 0.0, 0.0)
33 : (30, 7, 0.0147, 402.2722, 4.1429)
34 : (4, 29, 0.0, 310.1567, 1.0)
35 : (26, 11, 0.0189, 441.4846, 2.8889)
36 : (1, 57, 0.0295, 129.4573, 1.0)
37 : (29, 10, 0.0219, 483.9245, 3.0)
38 : (1, 34, 0.0, 172.6144, 1.0)
39 : (29, 6, 0.0213, 457.558, 5.6)
40 : (2, 28, 0.0, 220.8516, 1.0)
41 : (28, 7, 0.0158, 388.4859, 3.8571)
42 : (2, 28, 0.0, 120.8705, 1.0)
43 : (28, 6, 0.0149, 413.164, 4.5)
44 : (7, 32, 0.0, 266.0107, 1.0)
45 : (23, 14, 0.0156, 399.2119, 2.0)
46 : (5, 36, 0.0017, 256.1038, 1.0)
47 : (25, 17, 0.0188, 413.2059, 1.7857)
48 : (4, 42, 0.0019, 199.8843, 1.0)
49 : (26, 6, 0.0227, 496.2761, 3.1667)
50 : (4, 21, 0.0, 154.3831, 2.0)
51 : (20, 9, 0.0212, 457.0793, 2.5)
52 : (0, 32, 0.0, 233.1302, 0.0)
53 : (30, 8, 0.0222, 456.846, 4.0)
54 : (9, 37, 0.0004, 191.5757, 1.125)
55 : (21, 13, 0.0253, 518.9678, 2.1125)
56 : (2, 28, 0.0, 117.6349, 2.0)
57 : (28, 9, 0.0239, 488.3462, 3.625)
58 : (3, 27, 0.0, 229.7364, 1.0)
59 : (27, 8, 0.0239, 509.894, 4.1667)
60 : (1, 33, 0.0193, 313.6261, 1.0)
61 : (29, 6, 0.0267, 575.5145, 5.0)
62 : (0, 29, 0.0, 240.022, 0.0)
63 : (29, 6, 0.0175, 439.3246, 5.4)
64 : (2, 30, 0.0004, 318.8976, 1.0)
65 : (28, 9, 0.0216, 471.0914, 3.7143)
66 : (2, 30, 0.0, 238.1064, 1.0)
67 : (28, 5, 0.0156, 398.0213, 4.8)
68 : (7, 37, 0.0, 239.1297, 1.0)
69 : (23, 10, 0.0246, 477.6221, 2.875)
70 : (11, 44, 0.0, 121.0554, 1.2222)
71 : (19, 16, 0.0218, 464.3951, 2.1358)
72 : (9, 35, 0.0, 129.3842, 1.125)
73 : (21, 9, 0.0277, 547.9457, 2.1607)
74 : (1, 29, 0.0, 456.9171, 1.0)
75 : (29, 8, 0.0167, 410.2313, 4.0)
76 : (15, 40, 0.0001, 262.8218, 1.0769)
77 : (15, 17, 0.0258, 525.7254, 1.7863)
78 : (18, 71, 0.0005, 264.7915, 1.0)
79 : (12, 21, 0.0154, 451.9208, 1.8571)
80 : (2, 31, 0.0, 150.4921, 1.0)
81 : (28, 6, 0.0177, 445.0409, 3.1667)
82 : (0, 31, 0.0, 185.8801, 0.0)
83 : (30, 7, 0.0197, 462.4723, 3.5714)
84 : (0, 22, 0.0, 290.2719, 0.0)
85 : (17, 4, 0.0333, 579.23, 5.6667)
86 : (6, 32, 0.0, 153.2674, 1.0)
87 : (24, 16, 0.0213, 452.9327, 2.5)
88 : (4, 35, 0.0, 235.0561, 1.3333)
89 : (26, 5, 0.03, 582.1921, 6.5833)
90 : (0, 30, 0.0, 298.4375, 0.0)
91 : (30, 7, 0.0206, 474.8656, 3.2857)
92 : (1, 30, 0.0, 171.7252, 1.0)
93 : (29, 5, 0.0229, 525.7743, 7.0)
94 : (11, 45, 0.0, 274.4014, 1.0)
95 : (19, 14, 0.0283, 563.6764, 2.1111)
96 : (8, 36, 0.0, 181.2696, 1.1429)
97 : (22, 12, 0.0303, 578.9165, 2.3061)
98 : (1, 30, 0.0007, 282.7156, 1.0)
99 : (29, 8, 0.0157, 412.2682, 3.5)
*********************************************************
Gen : 1
0 : (0, 29, 0.0018, 247.9633, 0.0)
1 : (29, 6, 0.0253, 508.5456, 4.1667)
2 : (6, 33, 0.0, 263.2933, 1.0)
3 : (22, 12, 0.0188, 463.6438, 2.3333)
4 : (1, 29, 0.0, 171.2079, 1.0)
5 : (29, 12, 0.01, 327.0974, 2.8)
6 : (4, 29, 0.0, 225.6392, 1.0)
7 : (26, 11, 0.0147, 381.9152, 3.375)
8 : (11, 30, 0.0, 206.0029, 1.375)
9 : (19, 15, 0.0177, 435.4453, 2.7679)
10 : (4, 24, 0.0, 267.9527, 1.3333)
11 : (24, 10, 0.0255, 504.8148, 4.0556)
12 : (15, 29, 0.0012, 214.6244, 1.2727)
13 : (14, 16, 0.0186, 458.3242, 2.1818)
14 : (4, 37, 0.0, 203.0932, 1.0)
15 : (26, 10, 0.0166, 431.9978, 3.0)
16 : (8, 22, 0.0005, 220.843, 1.1429)
17 : (22, 8, 0.0284, 553.9797, 2.7347)
18 : (2, 25, 0.0, 321.8866, 1.0)
19 : (24, 3, 0.0234, 506.6925, 5.3333)
28 : (2, 24, 0.0, 210.2549, 2.0)
29 : (23, 7, 0.0215, 458.2675, 3.5)
30 : (3, 27, 0.0, 80.8632, 1.0)
31 : (27, 6, 0.0273, 542.3365, 5.0)
32 : (0, 31, 0.0, 36.8482, 0.0)
33 : (30, 6, 0.0232, 487.6998, 4.5)
34 : (3, 27, 0.0, 264.0635, 1.0)
35 : (27, 7, 0.0263, 527.3474, 4.1667)
36 : (0, 30, 0.0, 173.3836, 0.0)
37 : (30, 6, 0.0191, 441.7567, 4.1667)
38 : (2, 28, 0.0, 346.9681, 1.0)
39 : (28, 7, 0.0259, 530.7119, 5.4)
40 : (2, 29, 0.0, 103.9147, 1.0)
41 : (28, 10, 0.0235, 482.4009, 4.0)
46 : (6, 33, 0.0, 163.9497, 1.0)
47 : (24, 8, 0.0257, 545.8134, 3.5714)
48 : (0, 30, 0.0334, 930.3398, 0.0)
49 : (30, 8, 0.0174, 436.3549, 5.4)
50 : (6, 45, 0.0, 254.8197, 1.0)
51 : (24, 9, 0.0282, 573.9604, 3.2857)
52 : (4, 77, 0.0334, 130.9365, 1.0)
53 : (24, 10, 0.0275, 516.6136, 3.125)
54 : (6, 20, 0.0, 182.4953, 1.5)
55 : (16, 10, 0.0229, 488.465, 2.4167)
56 : (5, 31, 0.0, 311.9607, 1.0)
57 : (25, 7, 0.023, 513.2825, 3.4286)
62 : (10, 42, 0.0, 103.4328, 1.1111)
63 : (20, 12, 0.0207, 483.7394, 1.9111)
64 : (11, 31, 0.0005, 134.7088, 1.1111)
65 : (19, 18, 0.022, 497.6813, 2.5139)
66 : (4, 41, 0.0027, 275.3181, 1.0)
67 : (26, 11, 0.0227, 471.5515, 2.5)
68 : (9, 37, 0.0, 193.4047, 1.125)
69 : (21, 10, 0.0202, 496.4518, 3.5208)
70 : (4, 29, 0.0, 190.0385, 1.0)
71 : (26, 8, 0.0239, 498.4099, 4.5)
72 : (11, 20, 0.0, 267.9002, 1.2222)
73 : (19, 13, 0.0151, 430.0382, 1.8222)
74 : (1, 29, 0.0, 316.2221, 1.0)
75 : (29, 6, 0.023, 494.4778, 4.6)
76 : (1, 29, 0.0, 248.1116, 1.0)
77 : (29, 6, 0.0185, 396.8594, 4.4)
78 : (6, 30, 0.0058, 336.9275, 1.0)
79 : (24, 10, 0.021, 468.7967, 3.0)
80 : (13, 33, 0.0002, 286.1718, 1.0)
81 : (17, 13, 0.0243, 531.8986, 2.0)
84 : (1, 41, 0.0188, 100.5558, 1.0)
85 : (20, 2, 0.0231, 523.6135, 6.0)
86 : (19, 48, 0.0001, 303.8242, 1.0588)
87 : (11, 21, 0.0262, 548.5477, 1.3399)
88 : (7, 30, 0.0, 208.8939, 1.0)
89 : (23, 12, 0.0154, 415.5074, 2.4444)
90 : (2, 30, 0.0, 145.0396, 1.0)
91 : (28, 3, 0.0231, 515.9738, 8.0)
92 : (3, 35, 0.0, 127.8355, 1.0)
93 : (27, 5, 0.0211, 476.3463, 3.6)
94 : (4, 27, 0.0, 213.0364, 1.0)
95 : (26, 10, 0.0192, 459.8456, 2.2222)
96 : (10, 32, 0.0, 189.5161, 1.4286)
97 : (20, 11, 0.0242, 534.8502, 4.0857)
98 : (1, 32, 0.0006, 321.3503, 1.0)
99 : (29, 8, 0.018, 415.9186, 4.5)
*********************************************************
Gen : 2
2 : (8, 33, 0.0009, 366.477, 1.1429)
3 : (22, 14, 0.028, 543.5489, 1.8312)
4 : (17, 27, 0.0, 276.0683, 1.4545)
5 : (13, 24, 0.021, 470.0341, 1.8068)
6 : (0, 30, 0.0, 430.2101, 0.0)
7 : (30, 7, 0.023, 493.9246, 3.7143)
8 : (3, 27, 0.0, 195.503, 1.0)
9 : (27, 7, 0.026, 513.8365, 4.5)
12 : (4, 26, 0.0, 181.9062, 1.0)
13 : (26, 9, 0.0169, 405.0565, 3.8333)
14 : (0, 30, 0.0, 76.966, 0.0)
15 : (30, 5, 0.0213, 468.2362, 5.4)
16 : (2, 28, 0.0, 333.376, 1.0)
17 : (28, 5, 0.0203, 457.3909, 3.4)
18 : (3, 27, 0.0, 331.617, 1.0)
19 : (27, 10, 0.0183, 445.9408, 3.0)
22 : (1, 24, 0.0, 225.7955, 1.0)
23 : (24, 8, 0.0204, 444.5268, 3.0)
24 : (13, 19, 0.0007, 267.8598, 1.8571)
25 : (17, 17, 0.0204, 477.174, 1.9821)
26 : (2, 28, 0.0, 300.5009, 1.0)
27 : (28, 7, 0.0128, 377.0319, 3.7143)
28 : (7, 32, 0.0, 207.0216, 1.0)
29 : (23, 10, 0.0263, 506.246, 3.2857)
32 : (2, 28, 0.0, 204.6206, 1.0)
33 : (28, 11, 0.0234, 509.0764, 2.8)
38 : (0, 27, 0.0, 153.5399, 0.0)
39 : (27, 8, 0.0141, 385.2128, 4.3333)
40 : (5, 25, 0.0, 179.1123, 1.0)
41 : (25, 7, 0.0192, 461.7654, 4.0)
42 : (0, 30, 0.0, 411.7508, 0.0)
43 : (30, 5, 0.02, 444.9899, 6.0)
44 : (12, 29, 0.0, 208.2355, 1.375)
45 : (18, 16, 0.0215, 497.2596, 1.9375)
50 : (5, 25, 0.0, 277.7295, 1.0)
51 : (25, 12, 0.0149, 390.1905, 2.4444)
52 : (9, 31, 0.0, 177.099, 1.125)
53 : (21, 14, 0.0136, 381.7898, 2.0156)
54 : (5, 25, 0.0, 257.405, 1.25)
55 : (25, 12, 0.0179, 422.6953, 2.8056)
58 : (1, 32, 0.0, 316.0108, 1.0)
59 : (29, 8, 0.0221, 475.1517, 2.8571)
60 : (6, 24, 0.0003, 289.1606, 1.0)
61 : (24, 9, 0.0251, 511.7193, 4.0)
62 : (17, 44, 0.0, 243.1208, 1.0625)
63 : (13, 17, 0.0357, 649.7444, 1.4514)
64 : (1, 30, 0.0, 20.5155, 1.0)
65 : (29, 6, 0.0177, 419.119, 5.8)
66 : (13, 22, 0.0, 153.3239, 1.7143)
67 : (17, 15, 0.027, 542.062, 2.3393)
68 : (10, 35, 0.0004, 218.357, 1.1111)
69 : (19, 15, 0.0247, 505.6598, 2.2346)
70 : (2, 28, 0.0, 259.9076, 1.0)
71 : (28, 4, 0.0202, 465.315, 6.5)
72 : (0, 34, 0.0, 337.0103, 0.0)
73 : (30, 5, 0.0166, 418.0697, 4.8)
74 : (3, 27, 0.0, 223.3723, 1.0)
75 : (27, 10, 0.0256, 513.2331, 3.0)
78 : (3, 27, 0.0, 226.2125, 1.0)
79 : (27, 4, 0.0175, 482.797, 6.75)
80 : (19, 35, 0.0004, 255.8801, 1.2)
81 : (11, 20, 0.0183, 459.8078, 1.525)
86 : (0, 30, 0.0, 24.981, 0.0)
87 : (30, 3, 0.0215, 480.7644, 6.6667)
88 : (7, 36, 0.0, 120.5542, 1.1667)
89 : (23, 9, 0.0246, 526.5285, 2.6944)
90 : (3, 27, 0.0, 311.9874, 1.0)
91 : (27, 7, 0.0336, 606.218, 3.7143)
92 : (0, 30, 0.0016, 272.2278, 0.0)
93 : (30, 5, 0.0247, 515.4855, 4.0)
*********************************************************
Gen : 3
0 : (0, 30, 0.0, 340.6252, 0.0)
1 : (30, 2, 0.0204, 477.8234, 9.0)
2 : (2, 28, 0.0, 147.3995, 1.0)
3 : (28, 8, 0.0232, 505.1396, 3.8571)
4 : (16, 14, 0.0007, 308.2443, 1.6667)
5 : (14, 20, 0.0328, 605.4054, 1.5667)
6 : (2, 28, 0.0, 116.4862, 1.0)
7 : (28, 8, 0.0185, 424.5692, 4.5)
8 : (1, 29, 0.0, 435.8931, 1.0)
9 : (29, 6, 0.0157, 417.4473, 5.8)
10 : (3, 27, 0.0, 299.7688, 1.0)
11 : (27, 11, 0.0213, 451.1175, 3.125)
18 : (7, 23, 0.0, 260.1393, 1.4)
19 : (23, 10, 0.0235, 517.9315, 3.3429)
20 : (12, 29, 0.0005, 203.0171, 1.2)
21 : (18, 14, 0.0129, 405.6491, 2.0222)
22 : (14, 44, 0.0035, 276.143, 1.2)
23 : (16, 19, 0.0275, 557.6761, 2.15)
24 : (6, 26, 0.0002, 241.9607, 1.0)
25 : (24, 13, 0.0127, 356.5851, 2.75)
28 : (8, 22, 0.0, 238.2939, 1.1429)
29 : (22, 12, 0.0275, 538.3858, 2.5179)
30 : (1, 29, 0.0, 361.3772, 1.0)
31 : (29, 5, 0.0201, 478.3447, 3.75)
34 : (1, 33, 0.0, 307.1926, 1.0)
35 : (29, 15, 0.0129, 355.4789, 2.1538)
36 : (23, 7, 0.0024, 368.363, 3.3333)
37 : (7, 23, 0.0224, 470.0554, 1.7222)
38 : (7, 36, 0.0, 227.9339, 1.2)
39 : (23, 14, 0.0123, 378.3914, 2.0167)
40 : (13, 17, 0.0004, 181.2042, 1.1818)
41 : (17, 19, 0.0197, 447.436, 1.4318)
46 : (11, 29, 0.0002, 350.0057, 1.25)
47 : (19, 14, 0.0244, 497.222, 2.025)
48 : (22, 20, 0.0029, 238.05, 1.5385)
49 : (8, 24, 0.032, 576.2621, 1.5897)
52 : (1, 29, 0.0, 221.625, 1.0)
53 : (29, 5, 0.0228, 486.4468, 6.75)
54 : (3, 29, 0.0, 184.6168, 1.0)
55 : (27, 8, 0.0272, 558.1421, 4.0)
56 : (4, 26, 0.0, 230.6024, 1.0)
57 : (26, 9, 0.0265, 544.287, 2.75)
58 : (1, 30, 0.0, 132.1861, 1.0)
59 : (29, 6, 0.0167, 423.8633, 5.5)
60 : (10, 29, 0.0, 302.8747, 1.5)
61 : (20, 15, 0.0202, 490.3773, 2.3889)
62 : (13, 25, 0.0005, 221.0447, 1.0833)
63 : (17, 22, 0.0229, 486.6589, 1.3141)
64 : (2, 28, 0.0, 198.8833, 1.0)
65 : (28, 5, 0.0183, 446.6071, 6.3333)
66 : (3, 30, 0.0, 279.0413, 1.0)
67 : (27, 9, 0.0193, 458.3247, 3.375)
68 : (0, 30, 0.0, 62.2893, 0.0)
69 : (30, 4, 0.0215, 486.9395, 8.3333)
70 : (8, 25, 0.0, 268.5338, 1.6)
71 : (22, 13, 0.0219, 455.9246, 2.5111)
72 : (0, 25, 0.0, 327.6092, 0.0)
73 : (25, 3, 0.0195, 455.7682, 13.0)
74 : (7, 23, 0.0, 170.8409, 1.0)
75 : (23, 11, 0.0258, 529.669, 2.625)
78 : (13, 29, 0.0012, 369.5088, 1.5)
79 : (17, 17, 0.0368, 662.7602, 2.3125)
80 : (3, 27, 0.0, 219.0623, 1.0)
81 : (27, 7, 0.016, 413.7423, 3.8571)
82 : (2, 25, 0.0022, 330.8964, 1.0)
83 : (25, 10, 0.0167, 429.6338, 2.7778)
84 : (15, 16, 0.0, 248.1556, 1.3636)
85 : (15, 16, 0.0251, 516.5812, 1.7071)
86 : (17, 14, 0.0, 302.066, 1.875)
87 : (13, 18, 0.0221, 471.9925, 1.6528)
90 : (1, 29, 0.0, 289.1124, 1.0)
91 : (29, 6, 0.0274, 538.459, 5.8)
92 : (1, 29, 0.0, 134.5767, 1.0)
93 : (29, 5, 0.0136, 401.1521, 4.6)
*********************************************************
Gen : 4
0 : (2, 29, 0.0014, 267.6111, 1.0)
1 : (28, 6, 0.0242, 514.1296, 4.5)
2 : (6, 24, 0.0, 239.1332, 1.5)
3 : (24, 9, 0.0211, 494.2121, 3.9167)
4 : (9, 23, 0.0, 297.7411, 1.0)
5 : (21, 14, 0.0233, 506.291, 1.8182)
6 : (6, 21, 0.0, 206.2747, 1.6667)
7 : (21, 11, 0.0154, 383.3331, 3.7778)
8 : (3, 27, 0.0, 134.1836, 1.0)
9 : (27, 5, 0.0225, 493.9203, 5.2)
10 : (0, 30, 0.0, 252.9035, 0.0)
11 : (30, 7, 0.0131, 358.011, 5.2)
12 : (20, 12, 0.0, 325.9641, 2.0)
13 : (10, 23, 0.0276, 531.9943, 1.5)
14 : (11, 19, 0.001, 430.6493, 1.25)
15 : (19, 18, 0.0365, 643.5685, 2.25)
16 : (3, 27, 0.0, 166.1618, 1.0)
17 : (27, 6, 0.018, 422.3822, 3.4)
18 : (6, 27, 0.0, 214.6481, 1.0)
19 : (24, 7, 0.0275, 575.7396, 4.0)
20 : (9, 21, 0.0, 272.5361, 1.2857)
21 : (21, 15, 0.0195, 456.7122, 2.1429)
22 : (4, 26, 0.0, 257.685, 1.3333)
23 : (26, 7, 0.0213, 465.1355, 2.7222)
24 : (9, 18, 0.0016, 302.5375, 1.3333)
25 : (18, 18, 0.0254, 526.7588, 1.9333)
26 : (8, 22, 0.0, 265.4286, 1.1429)
27 : (22, 14, 0.0221, 474.7, 2.013)
28 : (10, 31, 0.0, 236.3446, 1.1111)
29 : (20, 13, 0.0186, 420.6416, 2.5139)
30 : (15, 23, 0.0005, 187.3833, 1.5)
31 : (15, 19, 0.026, 538.4444, 1.9375)
34 : (4, 25, 0.0, 187.8743, 1.0)
35 : (23, 5, 0.0282, 566.5788, 5.25)
36 : (12, 23, 0.0007, 194.4531, 1.1111)
37 : (18, 16, 0.0276, 509.6053, 1.9111)
38 : (7, 24, 0.0, 248.7454, 1.4)
39 : (23, 8, 0.026, 536.6013, 3.88)
40 : (4, 26, 0.0, 295.5576, 1.0)
41 : (26, 9, 0.0158, 420.277, 2.125)
42 : (19, 21, 0.0, 194.1856, 1.4167)
43 : (11, 20, 0.0214, 481.8429, 1.3796)
44 : (15, 16, 0.0, 166.0468, 1.6667)
45 : (15, 19, 0.0201, 474.3344, 1.7407)
46 : (10, 20, 0.0, 219.6789, 1.2857)
47 : (20, 14, 0.022, 455.869, 2.1286)
48 : (2, 28, 0.0, 214.8548, 1.0)
49 : (28, 9, 0.0168, 412.3552, 4.3333)
50 : (0, 24, 0.0008, 288.6378, 0.0)
51 : (24, 7, 0.0243, 511.8338, 3.8333)
52 : (8, 22, 0.0, 227.2692, 1.1429)
53 : (22, 13, 0.0252, 530.5648, 2.4603)
54 : (6, 24, 0.0, 205.5405, 1.0)
55 : (24, 10, 0.0136, 395.9285, 3.5714)
56 : (10, 20, 0.0, 231.1154, 1.4286)
57 : (20, 15, 0.0207, 474.584, 1.7662)
60 : (6, 24, 0.0, 290.4195, 1.25)
61 : (24, 8, 0.0294, 585.1566, 4.2083)
62 : (13, 22, 0.0, 202.8375, 1.3333)
63 : (17, 15, 0.028, 555.945, 2.619)
66 : (1, 29, 0.0, 220.8579, 1.0)
67 : (29, 5, 0.0203, 438.7004, 5.0)
68 : (9, 21, 0.0, 349.3772, 1.5)
69 : (21, 15, 0.0192, 439.149, 2.15)
70 : (11, 19, 0.0, 254.6508, 1.2222)
71 : (19, 16, 0.0147, 396.1298, 2.0247)
72 : (8, 23, 0.0, 163.0483, 1.4)
73 : (22, 10, 0.0281, 561.2358, 3.3429)
74 : (7, 23, 0.0, 232.8828, 1.0)
75 : (23, 15, 0.0247, 518.959, 2.4)
76 : (8, 22, 0.0011, 451.1235, 1.1667)
77 : (22, 10, 0.0335, 655.0226, 2.8958)
78 : (1, 29, 0.0, 162.105, 1.0)
79 : (29, 8, 0.0166, 400.4911, 4.6667)
84 : (10, 21, 0.001, 300.5665, 1.6667)
85 : (20, 13, 0.0356, 676.5482, 2.3333)
86 : (4, 26, 0.0, 271.338, 1.3333)
87 : (26, 6, 0.0154, 422.0764, 5.0667)
88 : (10, 20, 0.0004, 299.9847, 1.125)
89 : (20, 19, 0.0225, 489.1709, 1.625)
90 : (5, 23, 0.0042, 461.9269, 1.0)
91 : (23, 9, 0.0221, 508.2774, 2.5556)
92 : (3, 27, 0.0, 103.9273, 1.0)
93 : (27, 10, 0.0278, 515.6725, 3.25)
*********************************************************
Gen : 5
0 : (2, 29, 0.0, 130.1328, 1.0)
1 : (28, 5, 0.0223, 489.0027, 4.6)
2 : (3, 27, 0.0013, 454.5842, 1.0)
3 : (27, 7, 0.0326, 635.1053, 4.3333)
6 : (14, 16, 0.0004, 267.6154, 1.5556)
7 : (16, 14, 0.0203, 483.1864, 1.8395)
8 : (0, 30, 0.0, 314.5878, 0.0)
9 : (30, 5, 0.0195, 436.9328, 4.4)
12 : (0, 30, 0.0028, 408.5063, 0.0)
13 : (30, 6, 0.0229, 488.8698, 5.4)
14 : (13, 23, 0.0, 219.2102, 1.3333)
15 : (17, 18, 0.0253, 511.8384, 2.037)
20 : (8, 21, 0.0012, 251.2131, 1.6)
21 : (21, 13, 0.0271, 522.6877, 2.7)
22 : (14, 18, 0.0, 287.7064, 1.5714)
23 : (16, 20, 0.0177, 431.3683, 1.7571)
24 : (8, 22, 0.0, 180.7713, 2.0)
25 : (22, 14, 0.0174, 418.5578, 3.2857)
26 : (2, 28, 0.0, 238.2245, 1.0)
27 : (28, 6, 0.0204, 461.2233, 4.4)
28 : (4, 22, 0.0006, 239.9607, 1.3333)
29 : (22, 8, 0.0309, 586.4646, 5.8333)
30 : (10, 22, 0.0, 401.8714, 1.5)
31 : (20, 19, 0.0242, 487.0826, 2.15)
32 : (4, 26, 0.0, 207.919, 1.0)
33 : (26, 9, 0.0206, 467.3289, 2.375)
34 : (8, 23, 0.0, 195.1377, 1.1429)
35 : (22, 12, 0.0211, 465.5695, 2.7679)
40 : (10, 20, 0.0, 272.373, 1.125)
41 : (20, 12, 0.026, 538.209, 2.6406)
42 : (6, 24, 0.0, 271.2137, 1.2)
43 : (24, 7, 0.0428, 547.0875, 3.7)
44 : (2, 28, 0.0, 179.3457, 1.0)
45 : (28, 6, 0.0179, 435.1092, 6.5)
46 : (3, 27, 0.0021, 354.2568, 1.0)
47 : (27, 7, 0.0167, 435.2385, 4.1667)
48 : (16, 14, 0.0, 210.8869, 2.5)
49 : (14, 18, 0.03, 549.9716, 1.8333)
50 : (10, 21, 0.0, 303.2532, 1.4286)
51 : (20, 12, 0.0262, 537.2596, 2.2698)
52 : (2, 28, 0.0, 299.5025, 1.0)
53 : (28, 7, 0.0201, 476.6808, 5.0)
54 : (5, 25, 0.0, 169.8949, 1.3333)
55 : (25, 9, 0.0224, 466.4471, 3.2917)
56 : (10, 21, 0.0011, 237.1406, 1.4286)
57 : (20, 13, 0.0308, 534.6942, 2.3036)
58 : (13, 18, 0.0, 407.8376, 1.8571)
59 : (17, 18, 0.0342, 580.7587, 2.4082)
60 : (3, 27, 0.0011, 332.6082, 1.5)
61 : (27, 6, 0.0217, 486.7472, 5.1)
62 : (8, 18, 0.0011, 255.0102, 1.1667)
63 : (17, 11, 0.0289, 550.1203, 2.0185)
64 : (1, 29, 0.0, 149.3826, 1.0)
65 : (29, 7, 0.0149, 403.3915, 4.8333)
70 : (7, 23, 0.002, 526.0645, 1.0)
71 : (23, 10, 0.0241, 523.1299, 3.4286)
72 : (0, 30, 0.0, 245.2245, 0.0)
73 : (30, 8, 0.0199, 435.2504, 2.7143)
74 : (3, 27, 0.0008, 199.6972, 1.0)
75 : (27, 14, 0.0168, 423.2937, 3.7143)
76 : (5, 25, 0.0, 256.0915, 1.0)
77 : (25, 7, 0.0293, 585.3716, 4.0)
82 : (1, 29, 0.0, 309.4245, 1.0)
83 : (29, 8, 0.0191, 453.0937, 3.2857)
84 : (11, 19, 0.0, 321.2868, 1.1111)
85 : (19, 14, 0.0246, 559.4155, 1.6759)
86 : (10, 20, 0.0, 227.0606, 1.25)
87 : (20, 12, 0.0248, 538.4736, 2.2813)
88 : (7, 23, 0.0, 171.467, 1.1667)
89 : (23, 12, 0.0202, 468.1075, 2.5741)
90 : (17, 16, 0.0, 248.0859, 2.0)
91 : (13, 19, 0.0202, 466.3381, 1.6667)
92 : (9, 21, 0.0, 269.6224, 1.2857)
93 : (21, 13, 0.0236, 526.5538, 2.4107)
94 : (13, 17, 0.0, 290.184, 1.1818)
95 : (17, 15, 0.0134, 402.4862, 1.562)
98 : (9, 21, 0.0, 247.9337, 1.5)
99 : (21, 14, 0.0255, 482.8544, 2.3889)
100 : (2, 28, 0.0, 270.5689, 1.0)
101 : (28, 5, 0.0253, 512.9839, 5.6)
*********************************************************
Gen : 6
0 : (18, 12, 0.0, 266.677, 2.0)
1 : (12, 23, 0.0255, 520.5002, 1.4)
2 : (6, 24, 0.0014, 261.6226, 1.5)
3 : (24, 9, 0.0263, 559.6976, 4.0833)
4 : (17, 13, 0.0, 255.3931, 2.5)
5 : (13, 22, 0.0238, 539.3485, 1.55)
6 : (6, 24, 0.0, 208.9467, 1.25)
7 : (24, 7, 0.0265, 559.5436, 5.05)
8 : (15, 15, 0.0015, 335.9775, 1.6667)
9 : (15, 20, 0.0256, 516.9558, 1.1515)
12 : (7, 23, 0.0008, 218.0166, 1.0)
13 : (23, 12, 0.0193, 413.8146, 2.0909)
14 : (16, 15, 0.0, 245.9706, 1.7778)
15 : (14, 21, 0.0185, 434.6241, 1.4778)
18 : (2, 28, 0.0, 293.3108, 1.0)
19 : (28, 8, 0.0146, 400.1743, 2.875)
20 : (10, 20, 0.0, 275.7315, 1.25)
21 : (20, 12, 0.0252, 515.7036, 2.4063)
24 : (3, 27, 0.0, 186.5405, 1.0)
25 : (27, 8, 0.0196, 452.6794, 4.1667)
26 : (18, 12, 0.0, 274.821, 1.8889)
27 : (12, 19, 0.0269, 532.8102, 1.3889)
28 : (3, 27, 0.0, 225.0338, 1.0)
29 : (27, 10, 0.0266, 514.5295, 5.6)
30 : (9, 21, 0.0, 219.2705, 1.2857)
31 : (21, 12, 0.0213, 471.6577, 2.4694)
32 : (0, 30, 0.0, 186.7645, 0.0)
33 : (30, 3, 0.0234, 492.9229, 5.3333)
34 : (0, 0, 0.0, 253.1005, 0.0)
35 : (0, 0, 0.0332, 967.9493, 0.0)
36 : (10, 20, 0.0002, 258.4912, 1.6667)
37 : (20, 16, 0.0182, 423.4771, 2.2963)
42 : (0, 30, 0.0, 553.2679, 0.0)
43 : (30, 3, 0.0217, 462.3009, 7.6667)
44 : (2, 8, 0.0, 223.7548, 1.0)
45 : (8, 5, 0.0242, 541.6484, 1.5)
46 : (14, 15, 0.0, 231.0936, 1.8571)
47 : (15, 21, 0.0258, 522.7986, 2.1071)
48 : (8, 22, 0.0, 298.1841, 1.2)
49 : (22, 11, 0.0271, 565.2102, 3.3143)
50 : (3, 27, 0.0, 253.8269, 1.0)
51 : (27, 7, 0.0237, 512.4514, 3.8333)
52 : (9, 21, 0.0012, 310.4636, 1.125)
53 : (21, 12, 0.0236, 539.5609, 1.8906)
54 : (12, 21, 0.0015, 340.5356, 1.5714)
55 : (18, 18, 0.0212, 488.1632, 1.9571)
56 : (11, 20, 0.0017, 366.0042, 1.2857)
57 : (19, 17, 0.0223, 466.1402, 2.5357)
60 : (13, 18, 0.0, 219.8417, 1.5)
61 : (17, 16, 0.0249, 519.3684, 2.3125)
62 : (15, 15, 0.0, 250.3689, 1.875)
63 : (15, 17, 0.0153, 432.348, 1.9844)
64 : (9, 23, 0.0, 238.1223, 1.4)
65 : (21, 14, 0.0236, 508.9055, 2.8)
66 : (11, 19, 0.0011, 297.7173, 1.8333)
67 : (19, 14, 0.0241, 510.4369, 2.2037)
68 : (3, 17, 0.0006, 215.4665, 1.0)
69 : (17, 7, 0.027, 541.9279, 2.4286)
70 : (14, 16, 0.0, 241.7356, 1.8571)
71 : (16, 20, 0.0199, 437.2979, 2.2321)
72 : (10, 22, 0.0, 316.1318, 1.4286)
73 : (20, 15, 0.0183, 450.6203, 2.2698)
74 : (9, 22, 0.0, 242.5131, 1.8)
75 : (21, 10, 0.0232, 520.0438, 4.16)
76 : (11, 21, 0.0, 184.5504, 1.2222)
77 : (19, 12, 0.0225, 506.2071, 2.4028)
78 : (2, 28, 0.0, 175.3846, 1.0)
79 : (28, 3, 0.0248, 539.2048, 7.6667)
80 : (6, 24, 0.0, 199.4251, 1.0)
81 : (24, 13, 0.031, 575.3608, 2.0)
82 : (9, 21, 0.0, 223.744, 2.0)
83 : (21, 11, 0.0328, 618.6502, 3.8333)
84 : (7, 23, 0.0, 258.2292, 1.2)
85 : (23, 9, 0.0243, 515.9224, 3.4571)
88 : (1, 29, 0.0, 209.9284, 1.0)
89 : (29, 6, 0.0188, 450.8026, 6.75)
92 : (9, 8, 0.0025, 463.532, 2.25)
93 : (8, 10, 0.0208, 447.9632, 2.3125)
94 : (12, 20, 0.0, 179.3082, 1.2222)
95 : (18, 13, 0.0208, 481.5175, 2.1358)
96 : (10, 20, 0.0, 307.4136, 1.1429)
97 : (20, 13, 0.0192, 477.2115, 3.0204)
98 : (10, 22, 0.0009, 306.7681, 1.25)
99 : (20, 15, 0.0304, 591.1412, 2.25)
*********************************************************
Gen : 7
0 : (12, 18, 0.0012, 297.2128, 1.2857)
1 : (18, 16, 0.0249, 501.0472, 2.1429)
2 : (17, 14, 0.0, 295.7558, 1.8889)
3 : (13, 19, 0.0225, 514.2473, 1.6111)
6 : (10, 21, 0.0, 262.1598, 1.6)
7 : (20, 14, 0.0224, 519.0914, 2.7)
8 : (7, 23, 0.0011, 335.7092, 1.4)
9 : (23, 10, 0.0222, 535.5135, 2.9143)
10 : (1, 30, 0.0, 315.1246, 1.0)
11 : (29, 8, 0.0193, 443.4471, 4.1429)
12 : (14, 19, 0.0, 183.2381, 2.0)
13 : (16, 20, 0.0267, 527.667, 2.0)
16 : (10, 20, 0.0, 260.5145, 1.4286)
17 : (20, 15, 0.0214, 471.4915, 2.1786)
18 : (6, 24, 0.0, 193.8704, 1.2)
19 : (24, 11, 0.0236, 516.8647, 3.0286)
20 : (12, 18, 0.0004, 292.605, 1.5)
21 : (18, 19, 0.0265, 539.182, 1.6818)
22 : (12, 18, 0.0, 233.8696, 2.0)
23 : (18, 16, 0.0267, 540.7573, 2.25)
24 : (2, 28, 0.0003, 280.452, 1.0)
25 : (28, 6, 0.021, 472.214, 4.6667)
28 : (11, 19, 0.0003, 276.3535, 1.2222)
29 : (19, 12, 0.0254, 544.5499, 1.9222)
30 : (17, 15, 0.0, 239.1147, 2.125)
31 : (13, 23, 0.0268, 545.376, 1.5694)
40 : (11, 19, 0.0, 206.0919, 2.0)
41 : (19, 17, 0.0176, 433.2989, 3.0)
42 : (6, 24, 0.0, 221.4494, 1.0)
43 : (24, 15, 0.014, 400.0868, 2.2727)
44 : (10, 20, 0.0015, 279.3133, 1.4286)
45 : (20, 14, 0.0213, 493.4292, 2.0429)
46 : (13, 17, 0.0, 297.4884, 1.3333)
47 : (17, 16, 0.0265, 549.3544, 1.6667)
48 : (4, 27, 0.0002, 283.1512, 1.0)
49 : (25, 6, 0.0257, 532.8115, 3.0)
50 : (2, 28, 0.0, 308.1769, 1.0)
51 : (28, 7, 0.0167, 430.3629, 4.0)
52 : (14, 16, 0.0, 186.4683, 2.1667)
53 : (16, 14, 0.0273, 566.6568, 2.5952)
58 : (10, 21, 0.0004, 227.3602, 1.6667)
59 : (20, 13, 0.0247, 532.2409, 3.9333)
60 : (10, 22, 0.001, 233.5425, 1.4286)
61 : (20, 13, 0.0249, 519.454, 2.2698)
62 : (13, 17, 0.0, 262.3079, 1.8571)
63 : (17, 18, 0.0193, 452.796, 2.2321)
66 : (8, 22, 0.0003, 209.6284, 1.3333)
67 : (22, 12, 0.0264, 511.3117, 2.4815)
68 : (5, 26, 0.0007, 213.1519, 1.25)
69 : (25, 12, 0.0229, 495.2206, 2.3611)
70 : (2, 9, 0.0, 176.31, 1.0)
71 : (9, 4, 0.0187, 440.2442, 2.0)
72 : (0, 31, 0.0, 115.5834, 0.0)
73 : (30, 2, 0.013, 392.0277, 7.5)
74 : (13, 19, 0.0, 182.1809, 1.375)
75 : (17, 17, 0.0168, 436.8376, 1.8375)
76 : (12, 20, 0.0009, 291.9643, 1.375)
77 : (18, 16, 0.0218, 501.2649, 2.1528)
78 : (18, 12, 0.0, 232.6712, 3.4)
79 : (12, 20, 0.0228, 494.4551, 2.5667)
80 : (16, 14, 0.0, 276.6804, 1.875)
81 : (14, 18, 0.0287, 544.5502, 1.5875)
82 : (0, 30, 0.0005, 219.3687, 0.0)
83 : (30, 1, 0.0352, 644.2269, 5.0)
84 : (10, 20, 0.0, 259.4175, 1.1111)
85 : (20, 15, 0.019, 427.3285, 1.8283)
90 : (8, 22, 0.0007, 234.3372, 1.3333)
91 : (22, 12, 0.0252, 508.747, 2.2593)
92 : (8, 22, 0.0, 260.5569, 1.3333)
93 : (22, 15, 0.0239, 494.0864, 2.3704)
94 : (18, 12, 0.0, 191.9539, 2.5714)
95 : (12, 19, 0.0309, 567.5228, 2.0952)
96 : (12, 20, 0.0008, 337.4527, 1.375)
97 : (18, 21, 0.0276, 530.1519, 1.6146)
98 : (2, 28, 0.0, 161.2733, 1.0)
99 : (28, 9, 0.0194, 446.1508, 4.8333)
*********************************************************
Gen : 8
0 : (2, 12, 0.0, 305.9812, 1.0)
1 : (12, 4, 0.0291, 536.3714, 3.3333)
2 : (8, 25, 0.0, 201.7335, 1.1429)
3 : (22, 13, 0.0269, 533.0966, 2.2143)
4 : (17, 13, 0.0, 234.1982, 2.0)
5 : (13, 19, 0.0304, 568.1337, 1.875)
6 : (8, 22, 0.0, 248.4515, 1.1667)
7 : (22, 10, 0.0362, 624.8336, 2.8958)
8 : (11, 22, 0.0, 162.2431, 1.5714)
9 : (19, 16, 0.0204, 494.0844, 1.8413)
10 : (10, 21, 0.0, 228.6561, 1.125)
11 : (20, 12, 0.0281, 579.6081, 2.3472)
18 : (9, 22, 0.0, 266.8329, 1.8)
19 : (21, 14, 0.0225, 500.3652, 2.4222)
20 : (13, 17, 0.0, 270.7452, 2.2)
21 : (17, 18, 0.0274, 554.8632, 2.4)
22 : (9, 22, 0.0, 243.4283, 1.1429)
23 : (21, 10, 0.0255, 544.4994, 2.7679)
24 : (13, 18, 0.0, 261.7277, 1.5)
25 : (17, 18, 0.0178, 437.1641, 2.3125)
26 : (10, 22, 0.0, 302.604, 1.125)
27 : (20, 16, 0.034, 598.4039, 1.9205)
28 : (5, 21, 0.0, 286.5953, 1.0)
29 : (19, 8, 0.0216, 478.4568, 2.25)
30 : (8, 22, 0.0005, 334.8631, 1.3333)
31 : (22, 16, 0.0183, 444.3024, 1.6944)
32 : (13, 17, 0.0, 380.5432, 1.4444)
33 : (17, 15, 0.0297, 577.2632, 1.9383)
36 : (11, 20, 0.0, 211.729, 1.5)
37 : (19, 13, 0.0259, 553.8924, 2.2778)
38 : (10, 14, 0.0005, 343.1931, 1.5)
39 : (14, 12, 0.0264, 513.0462, 2.2143)
40 : (16, 15, 0.0006, 258.0519, 2.0)
41 : (14, 23, 0.0213, 452.5681, 1.875)
42 : (13, 17, 0.0, 271.9715, 1.7143)
43 : (17, 16, 0.0193, 474.7544, 1.8714)
44 : (3, 27, 0.0004, 247.4012, 1.0)
45 : (27, 7, 0.0262, 553.4174, 3.4286)
46 : (17, 13, 0.0, 214.6086, 2.5)
47 : (13, 19, 0.0241, 512.2229, 2.5833)
52 : (7, 25, 0.0004, 265.3826, 1.0)
53 : (23, 14, 0.0176, 432.5758, 2.4)
54 : (22, 8, 0.0003, 405.0953, 2.8571)
55 : (8, 24, 0.0248, 543.6652, 1.551)
56 : (2, 28, 0.0, 179.2963, 1.0)
57 : (28, 11, 0.0179, 412.0599, 2.7778)
58 : (4, 26, 0.001, 287.6456, 1.0)
59 : (26, 8, 0.0221, 485.8147, 3.8571)
60 : (6, 24, 0.0, 181.7714, 1.0)
61 : (24, 8, 0.0221, 485.8244, 3.0)
62 : (18, 14, 0.0, 221.2889, 1.7)
63 : (12, 19, 0.025, 545.1968, 1.5222)
64 : (15, 15, 0.0, 302.6117, 2.25)
65 : (15, 19, 0.0417, 608.5692, 3.45)
66 : (11, 19, 0.0019, 317.6317, 1.375)
67 : (19, 15, 0.0128, 396.6542, 1.8375)
70 : (9, 21, 0.0, 255.2587, 1.0)
71 : (21, 9, 0.0211, 511.4692, 2.75)
72 : (15, 18, 0.0, 261.7783, 1.8571)
73 : (15, 18, 0.0316, 593.8502, 2.1071)
74 : (18, 12, 0.0, 252.6098, 1.6667)
75 : (12, 23, 0.031, 587.2831, 1.2424)
76 : (12, 18, 0.0, 222.3756, 1.3333)
77 : (18, 16, 0.0248, 514.727, 2.2917)
78 : (9, 22, 0.0006, 277.9372, 1.125)
79 : (21, 15, 0.0203, 465.0195, 2.1125)
80 : (12, 18, 0.0, 211.9106, 2.0)
81 : (18, 19, 0.0219, 466.7494, 2.8)
82 : (9, 22, 0.0, 294.7068, 1.3333)
83 : (21, 14, 0.0294, 582.3004, 2.2333)
84 : (11, 19, 0.0, 279.0854, 1.4286)
85 : (19, 16, 0.0273, 524.7249, 2.9184)
86 : (9, 21, 0.0, 220.6205, 1.125)
87 : (21, 15, 0.0194, 447.9884, 1.9205)
88 : (15, 15, 0.0, 185.9164, 1.75)
89 : (15, 16, 0.0334, 637.3477, 1.8611)
90 : (7, 24, 0.0002, 254.7364, 1.1667)
91 : (23, 10, 0.0263, 560.7335, 2.6458)
92 : (8, 22, 0.0, 212.1335, 1.3333)
93 : (22, 16, 0.0229, 521.9265, 2.6667)
94 : (17, 13, 0.0043, 421.259, 2.125)
95 : (13, 22, 0.0205, 448.8815, 1.5156)
96 : (8, 22, 0.0, 213.2633, 1.3333)
97 : (22, 11, 0.0264, 542.6348, 2.7917)
98 : (11, 20, 0.0011, 303.8374, 1.4286)
99 : (19, 12, 0.044, 744.1973, 2.5536)
*********************************************************
Gen : 9
0 : (9, 21, 0.0, 283.2667, 1.5)
1 : (21, 16, 0.021, 465.2642, 2.5625)
2 : (6, 24, 0.0, 330.969, 1.0)
3 : (24, 12, 0.0222, 491.8145, 2.5)
6 : (6, 24, 0.0, 355.5321, 1.2)
7 : (24, 11, 0.0264, 539.6185, 2.6889)
12 : (9, 22, 0.0006, 223.9642, 1.2857)
13 : (21, 16, 0.0208, 435.6902, 1.9206)
18 : (11, 19, 0.0, 255.7052, 1.2857)
19 : (19, 12, 0.0271, 543.7797, 2.5357)
20 : (8, 23, 0.0, 211.1805, 1.1429)
21 : (22, 11, 0.0164, 404.5341, 2.5918)
22 : (8, 26, 0.0, 198.2964, 1.3333)
23 : (22, 10, 0.028, 556.2285, 2.619)
24 : (10, 24, 0.0, 154.8599, 1.4286)
25 : (20, 13, 0.0249, 537.2267, 3.8857)
26 : (11, 21, 0.0, 278.1663, 1.6667)
27 : (19, 16, 0.0158, 410.0438, 2.2963)
28 : (6, 25, 0.0, 295.5819, 1.25)
29 : (24, 12, 0.0314, 614.6381, 3.1563)
30 : (15, 16, 0.0, 301.7674, 1.75)
31 : (15, 17, 0.0345, 624.9879, 1.675)
32 : (7, 23, 0.0, 308.2358, 1.1667)
33 : (23, 10, 0.0198, 476.1354, 2.2407)
34 : (9, 22, 0.0, 207.4241, 1.4)
35 : (21, 12, 0.0286, 559.1975, 3.7333)
36 : (6, 24, 0.0, 168.2948, 1.2)
37 : (24, 19, 0.0176, 420.7806, 2.2)
38 : (19, 11, 0.0, 236.8563, 3.0)
39 : (11, 22, 0.0138, 393.2714, 2.0)
40 : (13, 18, 0.0004, 246.6387, 1.625)
41 : (17, 18, 0.0205, 481.9092, 1.6625)
42 : (8, 19, 0.0007, 298.0316, 1.1667)
43 : (19, 15, 0.0253, 514.9642, 1.8333)
44 : (4, 26, 0.0, 355.5343, 1.0)
45 : (26, 7, 0.0218, 503.5098, 3.5714)
46 : (2, 5, 0.0, 366.8918, 2.0)
47 : (5, 2, 0.0432, 887.9081, 0.0)
48 : (13, 17, 0.0006, 261.6215, 1.8571)
49 : (17, 19, 0.0198, 425.6379, 1.9841)
50 : (11, 19, 0.0, 197.819, 1.5714)
51 : (19, 15, 0.0171, 409.0091, 2.5102)
52 : (9, 21, 0.0011, 349.6872, 1.125)
53 : (21, 13, 0.0206, 493.5856, 2.3472)
54 : (14, 17, 0.0, 197.9967, 1.4)
55 : (16, 16, 0.0263, 538.2061, 1.6)
60 : (16, 14, 0.0, 313.7016, 2.1429)
61 : (14, 17, 0.0334, 637.0143, 2.3061)
64 : (10, 22, 0.0004, 254.0455, 1.4286)
65 : (20, 14, 0.0117, 373.3724, 2.6327)
66 : (4, 26, 0.0002, 261.2339, 1.5)
67 : (26, 10, 0.0202, 463.8074, 4.5833)
72 : (11, 21, 0.0, 238.9398, 1.4286)
73 : (19, 18, 0.0268, 509.0147, 2.0429)
74 : (12, 19, 0.0004, 257.8617, 1.2)
75 : (18, 16, 0.0323, 615.65, 1.4333)
78 : (9, 23, 0.0, 283.2867, 1.0)
79 : (21, 11, 0.0274, 553.6998, 2.4444)
80 : (13, 17, 0.0005, 283.7025, 1.5)
81 : (17, 17, 0.0261, 558.3705, 2.3125)
82 : (13, 17, 0.0005, 306.5028, 1.625)
83 : (17, 17, 0.0226, 470.3285, 1.9583)
84 : (12, 19, 0.0, 225.8623, 1.25)
85 : (18, 15, 0.0207, 466.3627, 1.75)
86 : (11, 19, 0.0, 262.5831, 1.5)
87 : (19, 13, 0.0285, 561.853, 3.4167)
88 : (8, 22, 0.0, 211.5538, 1.6)
89 : (22, 13, 0.0255, 521.4721, 2.8)
90 : (6, 26, 0.0, 207.0442, 1.5)
91 : (24, 13, 0.0277, 541.683, 2.7222)
92 : (15, 15, 0.0011, 262.6686, 1.625)
93 : (15, 17, 0.026, 534.8109, 1.6625)
96 : (10, 20, 0.0, 234.4572, 1.125)
97 : (20, 12, 0.0398, 672.039, 2.3472)
98 : (9, 21, 0.0011, 302.9284, 1.125)
99 : (21, 11, 0.0249, 516.4429, 2.6406)
*********************************************************
   	            entropy            	                  diff                 
   	-------------------------------	---------------------------------------
gen	min     	avg    	max    	min     	avg     	max    
0  	0.954087	1.80418	2.47952	1.00929 	1.5408  	1.97102
1  	1.4783  	2.04102	2.83664	1.00911 	1.37613 	1.75913
2  	1.52465 	2.17034	2.83664	0.942812	1.31713 	1.77878
3  	1.52465 	2.25023	2.83664	0.881217	1.16142 	1.61469
4  	1.4783  	2.38605	2.83664	0.466698	1.09334 	1.56452
5  	1.74228 	2.51491	2.99679	0.466698	1.02876 	1.56452
6  	1.8848  	2.57011	2.99679	0.436506	0.923312	1.56452
7  	2.38421 	2.72798	2.99679	0.436506	0.955837	1.56452
8  	2.34876 	2.70723	2.99679	0.42075 	0.808606	1.56452
9  	2.09795 	2.67866	2.99679	0.42042 	0.692028	1.56452