number of estimated clusters : 4
index:
[0, 2, 6, 8, 10, 12, 14, 16, 18, 20, 22, 24, 26, 28, 30, 32, 34, 36, 40, 42, 44, 46, 48, 50, 52, 54, 56, 62, 64, 68, 70, 72, 74, 76, 86, 88, 92, 96, 98]
fitness:
[(2.0,), (1.9419011889093372,), (1.9855489079756168,), (1.868136110750982,), (1.9855489079756168,), (1.9548356350563432,), (1.9855489079756168,), (1.9419011889093372,), (1.9855489079756168,), (1.7625817984613854,), (2.0,), (1.868136110750982,), (1.922473209445752,), (1.9855489079756168,), (1.9855489079756168,), (1.9935832639632731,), (2.0,), (1.977398816576995,), (2.0,), (2.0,), (1.868136110750982,), (1.9855489079756168,), (2.0,), (2.0,), (1.9960017677445991,), (1.7809832804389827,), (1.868136110750982,), (2.0,), (2.0,), (2.0,), (1.9855489079756168,), (1.9704562720685033,), (1.9419011889093372,), (1.9419011889093372,), (2.0,), (1.9935832639632731,), (2.0,), (1.7479620962547155,), (1.4438561897747246,)]
mean fitness:
[1.9402116937485836]
center: 
[   5.72119522    1.8215915   865.1607666     5.94871807    8.27999973
  504.21939087   78.89743805   28.58974266   -3.00794911]
members:
[[   5.62379599    1.8438164   872.            6.            8.27999973
   433.2694397    79.           29.           -2.6099999 ]
 [   5.62379599    1.8438164   872.            6.            8.27999973
   433.2694397    79.           29.           -2.6099999 ]
 [   5.62379599    1.8438164   872.            6.            8.27999973
   433.2694397    79.           29.           -2.6099999 ]
 [   5.62379599    1.8438164   872.            6.            8.27999973
   433.2694397    79.           29.           -2.6099999 ]
 [   5.62379599    1.8438164   872.            6.            8.27999973
   433.2694397    79.           29.           -2.6099999 ]
 [   5.62379599    1.8438164   872.            6.            8.27999973
   740.71923828   79.           29.           -2.6099999 ]
 [   5.62379599    1.8438164   872.            6.            8.27999973
   433.2694397    79.           29.           -2.6099999 ]
 [   6.88999987    1.63999999  787.            6.            8.27999973
   740.71923828   79.           29.           -2.6099999 ]
 [   5.62379599    1.8438164   872.            5.            8.27999973
   740.71923828   79.           25.           -6.48999977]
 [   5.62379599    1.8438164   872.            6.            8.27999973
   433.2694397    77.           25.           -6.48999977]
 [   5.62379599    1.8438164   872.            6.            8.27999973
   740.71923828   79.           29.           -2.6099999 ]
 [   5.62379599    1.8438164   872.            6.            8.27999973
   433.2694397    79.           29.           -2.6099999 ]
 [   5.62379599    1.8438164   872.            6.            8.27999973
   433.2694397    79.           29.           -2.6099999 ]
 [   5.62379599    1.8438164   872.            6.            8.27999973
   433.2694397    79.           29.           -2.6099999 ]
 [   5.62379599    1.8438164   872.            6.            8.27999973
   740.71923828   79.           29.           -2.6099999 ]
 [   5.62379599    1.8438164   872.            6.            8.27999973
   433.2694397    79.           29.           -2.6099999 ]
 [   5.62379599    1.8438164   872.            6.            8.27999973
   433.2694397    79.           29.           -2.6099999 ]
 [   5.62379599    1.8438164   872.            6.            8.27999973
   433.2694397    79.           29.           -2.6099999 ]
 [   5.62379599    1.8438164   872.            6.            8.27999973
   433.2694397    79.           29.           -2.6099999 ]
 [   5.62379599    1.8438164   872.            6.            8.27999973
   740.71923828   79.           29.           -2.6099999 ]
 [   5.62379599    1.83609307  845.02404785    6.            8.27999973
   740.71923828   79.           29.           -2.6099999 ]
 [   5.62379599    1.8438164   872.            6.            8.27999973
   433.2694397    79.           29.           -2.6099999 ]
 [   5.62379599    1.8438164   872.            6.            8.27999973
   433.2694397    79.           29.           -2.6099999 ]
 [   5.62379599    1.8438164   872.            6.            8.27999973
   433.2694397    79.           29.           -2.6099999 ]
 [   5.62379599    1.8438164   872.            6.            8.27999973
   433.2694397    79.           29.           -2.6099999 ]
 [   5.62379599    1.8438164   872.            6.            8.27999973
   433.2694397    79.           29.           -2.6099999 ]
 [   5.62379599    1.8438164   872.            6.            8.27999973
   433.2694397    79.           29.           -2.6099999 ]
 [   5.62379599    1.8438164   872.            6.            8.27999973
   433.2694397    79.           29.           -2.6099999 ]
 [   5.62379599    1.8438164   872.            6.            8.27999973
   433.2694397    79.           29.           -2.6099999 ]
 [   5.62379599    1.8438164   872.            6.            8.27999973
   433.2694397    79.           29.           -2.6099999 ]
 [   5.62379599    1.8438164   872.            6.            8.27999973
   433.2694397    79.           29.           -2.6099999 ]
 [   5.62379599    1.8438164   872.            6.            8.27999973
   433.2694397    79.           29.           -2.6099999 ]
 [   6.88999987    1.63999999  787.            5.            8.27999973
   740.71923828   79.           25.           -6.48999977]
 [   5.62379599    1.59623373  887.24584961    6.            8.27999973
   433.2694397    77.           25.           -6.48999977]
 [   5.62379599    1.8438164   872.            6.            8.27999973
   433.2694397    79.           29.           -2.6099999 ]
 [   6.88999987    1.63999999  787.            6.            8.27999973
   740.71923828   79.           29.           -2.6099999 ]
 [   5.62379599    1.8438164   872.            6.            8.27999973
   433.2694397    79.           29.           -2.6099999 ]
 [   5.62379599    1.8438164   872.            6.            8.27999973
   433.2694397    79.           29.           -2.6099999 ]
 [   5.62379599    1.8438164   872.            6.            8.27999973
   433.2694397    79.           29.           -2.6099999 ]]
index:
[1, 3, 5, 9, 11, 13, 15, 17, 23, 25, 27, 29, 31, 33, 35, 37, 41, 43, 45, 47, 49, 51, 53, 55, 57, 59, 61, 63, 65, 69, 71, 79, 85, 87, 91, 93, 97, 99]
fitness:
[(2.0,), (1.9419011889093372,), (1.8365916681089791,), (1.868136110750982,), (1.9855489079756168,), (1.9548356350563432,), (1.9855489079756168,), (1.9419011889093372,), (2.0,), (1.868136110750982,), (1.922473209445752,), (1.9855489079756168,), (1.9855489079756168,), (1.9935832639632731,), (2.0,), (1.977398816576995,), (2.0,), (2.0,), (1.868136110750982,), (1.9855489079756168,), (2.0,), (2.0,), (1.9960017677445991,), (1.7809832804389827,), (1.868136110750982,), (1.9855489079756168,), (1.9855489079756168,), (2.0,), (2.0,), (2.0,), (1.9855489079756168,), (2.0,), (1.9855489079756168,), (2.0,), (1.9704562720685033,), (2.0,), (1.7479620962547155,), (1.4438561897747246,)]
mean fitness:
[1.9434323471588426]
center: 
[  5.75000000e+00   1.58610702e+00   1.54000000e+02   9.00000000e+00
   2.03058910e+01   9.14244531e+03   5.71616135e+01   7.66165390e+01
   7.12961960e+00]
members:
[[  5.75000000e+00   1.59000003e+00   1.54000000e+02   9.00000000e+00
    2.08799992e+01   9.14600000e+03   5.70000000e+01   7.70000000e+01
    6.65999985e+00]
 [  5.75000000e+00   1.59000003e+00   1.54000000e+02   9.00000000e+00
    2.08799992e+01   9.14600000e+03   5.70000000e+01   7.70000000e+01
    4.51547909e+00]
 [  5.75000000e+00   1.59000003e+00   1.54000000e+02   9.00000000e+00
    2.08799992e+01   9.14600000e+03   5.70000000e+01   7.70000000e+01
    1.47299995e+01]
 [  5.75000000e+00   1.59000003e+00   1.54000000e+02   9.00000000e+00
    2.08799992e+01   9.14600000e+03   6.40000000e+01   7.70000000e+01
    6.65999985e+00]
 [  5.75000000e+00   1.59000003e+00   1.54000000e+02   9.00000000e+00
    2.08799992e+01   9.14600000e+03   5.70000000e+01   7.70000000e+01
    6.65999985e+00]
 [  5.75000000e+00   1.59000003e+00   1.54000000e+02   9.00000000e+00
    1.81529770e+01   9.14600000e+03   5.70000000e+01   7.34458160e+01
    6.65999985e+00]
 [  5.75000000e+00   1.59000003e+00   1.54000000e+02   9.00000000e+00
    2.08799992e+01   9.14600000e+03   5.70000000e+01   7.70000000e+01
    6.65999985e+00]
 [  5.75000000e+00   1.59000003e+00   1.54000000e+02   9.00000000e+00
    1.81529770e+01   9.14600000e+03   5.70000000e+01   7.34458160e+01
    1.05100002e+01]
 [  5.75000000e+00   1.59000003e+00   1.54000000e+02   9.00000000e+00
    1.81529770e+01   9.14600000e+03   5.70000000e+01   7.34458160e+01
    6.65999985e+00]
 [  5.75000000e+00   1.59000003e+00   1.54000000e+02   9.00000000e+00
    2.08799992e+01   9.14600000e+03   5.70000000e+01   7.70000000e+01
    6.65999985e+00]
 [  5.75000000e+00   1.59000003e+00   1.54000000e+02   9.00000000e+00
    2.08799992e+01   9.14600000e+03   5.70000000e+01   7.70000000e+01
    6.65999985e+00]
 [  5.75000000e+00   1.59000003e+00   1.54000000e+02   9.00000000e+00
    1.81529770e+01   9.14600000e+03   5.70000000e+01   7.70000000e+01
    6.65999985e+00]
 [  5.75000000e+00   1.59000003e+00   1.54000000e+02   9.00000000e+00
    2.08799992e+01   9.14600000e+03   5.70000000e+01   7.34458160e+01
    6.65999985e+00]
 [  5.75000000e+00   1.59000003e+00   1.54000000e+02   9.00000000e+00
    2.08799992e+01   8.86590820e+03   5.70000000e+01   7.70000000e+01
    6.65999985e+00]
 [  5.75000000e+00   1.59000003e+00   1.54000000e+02   9.00000000e+00
    2.08799992e+01   9.14600000e+03   5.70000000e+01   7.70000000e+01
    6.65999985e+00]
 [  5.75000000e+00   1.59000003e+00   1.54000000e+02   9.00000000e+00
    2.08799992e+01   9.14600000e+03   5.70000000e+01   7.70000000e+01
    6.65999985e+00]
 [  5.75000000e+00   1.59000003e+00   1.54000000e+02   9.00000000e+00
    2.08799992e+01   9.14600000e+03   5.70000000e+01   7.70000000e+01
    6.65999985e+00]
 [  5.75000000e+00   1.59000003e+00   1.54000000e+02   9.00000000e+00
    1.81529770e+01   9.14600000e+03   5.70000000e+01   7.34458160e+01
    6.65999985e+00]
 [  5.75000000e+00   1.59000003e+00   1.54000000e+02   9.00000000e+00
    1.81529770e+01   9.14600000e+03   4.91414337e+01   7.34458160e+01
    6.65999985e+00]
 [  5.75000000e+00   1.44206440e+00   1.54000000e+02   9.00000000e+00
    2.08799992e+01   9.29104688e+03   5.70000000e+01   7.70000000e+01
    6.65999985e+00]
 [  5.75000000e+00   1.59000003e+00   1.54000000e+02   9.00000000e+00
    2.08799992e+01   9.14600000e+03   5.70000000e+01   7.70000000e+01
    6.65999985e+00]
 [  5.75000000e+00   1.59000003e+00   1.54000000e+02   9.00000000e+00
    2.08799992e+01   9.14600000e+03   5.70000000e+01   7.70000000e+01
    6.65999985e+00]
 [  5.75000000e+00   1.59000003e+00   1.54000000e+02   9.00000000e+00
    2.08799992e+01   9.14600000e+03   6.40000000e+01   7.70000000e+01
    6.65999985e+00]
 [  5.75000000e+00   1.59000003e+00   1.54000000e+02   9.00000000e+00
    2.08799992e+01   9.14600000e+03   5.70000000e+01   7.70000000e+01
    6.65999985e+00]
 [  5.75000000e+00   1.59000003e+00   1.54000000e+02   9.00000000e+00
    2.08799992e+01   9.14600000e+03   5.70000000e+01   7.70000000e+01
    6.65999985e+00]
 [  5.75000000e+00   1.59000003e+00   1.54000000e+02   9.00000000e+00
    2.08799992e+01   9.14600000e+03   5.70000000e+01   7.70000000e+01
    6.65999985e+00]
 [  5.75000000e+00   1.59000003e+00   1.54000000e+02   9.00000000e+00
    1.81529770e+01   9.14600000e+03   5.70000000e+01   6.63079147e+01
    6.65999985e+00]
 [  5.75000000e+00   1.59000003e+00   1.54000000e+02   9.00000000e+00
    2.08799992e+01   9.14600000e+03   5.70000000e+01   7.70000000e+01
    6.65999985e+00]
 [  5.75000000e+00   1.59000003e+00   1.54000000e+02   9.00000000e+00
    2.08799992e+01   9.14600000e+03   5.70000000e+01   7.70000000e+01
    6.65999985e+00]
 [  5.75000000e+00   1.59000003e+00   1.54000000e+02   9.00000000e+00
    2.08799992e+01   9.14600000e+03   5.70000000e+01   7.70000000e+01
    6.65999985e+00]
 [  5.75000000e+00   1.59000003e+00   1.54000000e+02   9.00000000e+00
    2.08799992e+01   9.14600000e+03   5.70000000e+01   7.70000000e+01
    6.65999985e+00]
 [  5.75000000e+00   1.59000003e+00   1.54000000e+02   9.00000000e+00
    2.08799992e+01   9.14600000e+03   5.70000000e+01   9.80000000e+01
    1.47299995e+01]
 [  5.75000000e+00   1.59000003e+00   1.54000000e+02   9.00000000e+00
    2.08799992e+01   9.14600000e+03   5.70000000e+01   7.70000000e+01
    6.65999985e+00]
 [  5.75000000e+00   1.59000003e+00   1.54000000e+02   9.00000000e+00
    2.08799992e+01   9.14600000e+03   5.70000000e+01   7.70000000e+01
    6.65999985e+00]
 [  5.75000000e+00   1.59000003e+00   1.54000000e+02   9.00000000e+00
    1.81529770e+01   9.14600000e+03   5.70000000e+01   7.34458160e+01
    6.65999985e+00]
 [  5.75000000e+00   1.59000003e+00   1.54000000e+02   9.00000000e+00
    2.08799992e+01   9.14600000e+03   5.70000000e+01   7.70000000e+01
    6.65999985e+00]
 [  5.75000000e+00   1.59000003e+00   1.54000000e+02   9.00000000e+00
    2.08799992e+01   9.14600000e+03   5.70000000e+01   7.70000000e+01
    6.65999985e+00]
 [  5.75000000e+00   1.59000003e+00   1.54000000e+02   9.00000000e+00
    2.08799992e+01   9.14600000e+03   5.70000000e+01   7.70000000e+01
    6.65999985e+00]]
