0 : (0, 20)
1 : (20, 0)
2 : (6, 14)
3 : (14, 6)
4 : (6, 14)
5 : (14, 6)
6 : (0, 20)
7 : (20, 0)
8 : (20, 0)
9 : (0, 20)
10 : (0, 8)
11 : (8, 0)
12 : (14, 6)
13 : (6, 14)
14 : (8, 12)
15 : (12, 8)
16 : (18, 2)
17 : (2, 18)
18 : (12, 8)
19 : (8, 12)
20 : (1, 3)
21 : (3, 1)
22 : (6, 5)
23 : (5, 6)
24 : (10, 10)
25 : (10, 10)
26 : (15, 0)
27 : (0, 15)
28 : (8, 8)
29 : (8, 8)
30 : (20, 0)
31 : (0, 20)
32 : (0, 0)
33 : (0, 0)
34 : (13, 7)
35 : (7, 13)
36 : (17, 3)
37 : (3, 18)
38 : (12, 1)
39 : (0, 12)
40 : (3, 17)
41 : (17, 3)
42 : (4, 16)
43 : (16, 4)
44 : (1, 0)
45 : (0, 1)
46 : (11, 0)
47 : (0, 11)
48 : (11, 1)
49 : (1, 11)
50 : (0, 1)
51 : (1, 0)
52 : (20, 0)
53 : (0, 20)
54 : (8, 1)
55 : (1, 8)
56 : (0, 4)
57 : (4, 0)
58 : (0, 20)
59 : (20, 0)
60 : (8, 11)
61 : (11, 8)
62 : (5, 9)
63 : (9, 5)
64 : (0, 20)
65 : (20, 0)
66 : (5, 15)
67 : (15, 5)
68 : (2, 18)
69 : (18, 2)
70 : (2, 18)
71 : (18, 2)
72 : (17, 0)
73 : (0, 17)
74 : (9, 4)
75 : (4, 9)
76 : (14, 3)
77 : (3, 14)
78 : (10, 2)
79 : (2, 10)
80 : (1, 19)
81 : (19, 1)
82 : (8, 5)
83 : (5, 8)
84 : (0, 14)
85 : (14, 0)
86 : (1, 0)
87 : (0, 1)
88 : (5, 15)
89 : (15, 5)
90 : (0, 5)
91 : (5, 0)
92 : (1, 8)
93 : (8, 1)
94 : (20, 0)
95 : (0, 20)
96 : (19, 1)
97 : (1, 19)
98 : (20, 0)
99 : (0, 20)
0 : (11, 9)
1 : (9, 11)
2 : (3, 5)
3 : (5, 3)
4 : (0, 20)
5 : (20, 0)
6 : (20, 0)
7 : (0, 20)
8 : (4, 16)
9 : (16, 4)
10 : (9, 10)
11 : (10, 9)
14 : (12, 0)
15 : (0, 12)
20 : (12, 2)
21 : (2, 12)
24 : (5, 15)
25 : (15, 5)
26 : (5, 11)
27 : (11, 5)
44 : (15, 0)
45 : (0, 15)
46 : (0, 20)
47 : (20, 0)
48 : (12, 8)
49 : (8, 12)
50 : (6, 6)
51 : (6, 6)
52 : (15, 5)
53 : (5, 15)
54 : (9, 7)
55 : (7, 9)
56 : (13, 7)
57 : (7, 13)
60 : (7, 13)
61 : (13, 7)
62 : (5, 15)
63 : (15, 5)
64 : (11, 9)
65 : (9, 11)
66 : (3, 17)
67 : (17, 3)
68 : (19, 1)
69 : (1, 19)
70 : (6, 14)
71 : (14, 6)
72 : (5, 15)
73 : (15, 5)
74 : (11, 9)
75 : (9, 11)
84 : (8, 10)
85 : (10, 8)
86 : (9, 8)
87 : (8, 9)
88 : (5, 15)
89 : (15, 5)
90 : (8, 2)
91 : (2, 8)
92 : (3, 16)
93 : (16, 3)
94 : (5, 4)
95 : (4, 5)
96 : (8, 7)
97 : (7, 8)
98 : (12, 8)
99 : (8, 12)
0 : (10, 1)
1 : (1, 10)
2 : (3, 11)
3 : (11, 3)
8 : (16, 4)
9 : (4, 16)
10 : (0, 20)
11 : (20, 0)
12 : (10, 10)
13 : (10, 10)
14 : (12, 8)
15 : (8, 12)
28 : (3, 8)
29 : (8, 3)
32 : (13, 2)
33 : (2, 13)
34 : (5, 15)
35 : (15, 5)
40 : (11, 9)
41 : (9, 11)
42 : (4, 16)
43 : (16, 4)
44 : (6, 14)
45 : (14, 6)
46 : (5, 15)
47 : (15, 5)
52 : (14, 6)
53 : (6, 14)
54 : (8, 6)
55 : (6, 8)
56 : (3, 17)
57 : (17, 3)
58 : (13, 3)
59 : (3, 13)
60 : (15, 5)
61 : (5, 15)
62 : (11, 9)
63 : (9, 11)
64 : (13, 7)
65 : (7, 13)
66 : (0, 1)
67 : (1, 0)
72 : (4, 16)
73 : (16, 4)
74 : (15, 5)
75 : (5, 15)
78 : (10, 9)
79 : (9, 10)
80 : (4, 9)
81 : (9, 4)
82 : (2, 6)
83 : (6, 2)
88 : (12, 8)
89 : (8, 12)
92 : (4, 16)
93 : (16, 4)
94 : (9, 0)
95 : (0, 9)
98 : (6, 5)
99 : (5, 6)
4 : (0, 6)
5 : (6, 0)
6 : (11, 8)
7 : (8, 11)
12 : (13, 6)
13 : (6, 13)
14 : (6, 14)
15 : (14, 6)
16 : (5, 11)
17 : (11, 5)
18 : (18, 2)
19 : (2, 18)
26 : (7, 13)
27 : (13, 7)
28 : (16, 4)
29 : (4, 16)
30 : (6, 12)
31 : (12, 6)
32 : (20, 0)
33 : (0, 20)
34 : (5, 15)
35 : (15, 5)
36 : (16, 4)
37 : (4, 16)
38 : (12, 6)
39 : (6, 12)
48 : (13, 7)
49 : (7, 13)
50 : (5, 10)
51 : (10, 5)
52 : (5, 15)
53 : (15, 5)
54 : (16, 4)
55 : (4, 16)
64 : (8, 12)
65 : (12, 8)
66 : (5, 5)
67 : (5, 5)
72 : (17, 3)
73 : (3, 17)
74 : (10, 10)
75 : (10, 10)
76 : (4, 16)
77 : (16, 4)
78 : (11, 2)
79 : (2, 11)
88 : (14, 6)
89 : (6, 14)
90 : (0, 20)
91 : (20, 0)
96 : (12, 8)
97 : (8, 12)
98 : (0, 0)
99 : (0, 0)
0 : (10, 9)
1 : (9, 10)
2 : (12, 8)
3 : (8, 12)
4 : (0, 20)
5 : (20, 0)
6 : (19, 1)
7 : (1, 19)
8 : (7, 13)
9 : (13, 7)
10 : (9, 5)
11 : (5, 9)
12 : (11, 9)
13 : (9, 11)
26 : (10, 4)
27 : (4, 10)
32 : (4, 2)
33 : (2, 4)
34 : (16, 4)
35 : (4, 16)
36 : (16, 4)
37 : (4, 16)
38 : (9, 11)
39 : (11, 9)
40 : (13, 7)
41 : (7, 13)
42 : (12, 8)
43 : (8, 12)
44 : (13, 7)
45 : (7, 13)
46 : (11, 9)
47 : (9, 11)
48 : (14, 6)
49 : (6, 14)
50 : (13, 7)
51 : (7, 13)
56 : (6, 9)
57 : (9, 6)
58 : (17, 3)
59 : (3, 17)
60 : (8, 13)
61 : (12, 8)
62 : (13, 7)
63 : (7, 13)
64 : (8, 9)
65 : (9, 8)
66 : (9, 11)
67 : (11, 9)
68 : (19, 1)
69 : (1, 19)
70 : (7, 13)
71 : (13, 7)
72 : (16, 4)
73 : (4, 16)
74 : (11, 6)
75 : (6, 11)
80 : (8, 12)
81 : (12, 8)
82 : (4, 13)
83 : (13, 4)
84 : (9, 11)
85 : (11, 9)
86 : (7, 13)
87 : (13, 7)
88 : (15, 5)
89 : (5, 15)
90 : (16, 4)
91 : (4, 16)
4 : (12, 8)
5 : (8, 12)
6 : (9, 11)
7 : (11, 9)
8 : (10, 10)
9 : (10, 10)
10 : (4, 16)
11 : (16, 4)
12 : (8, 10)
13 : (10, 8)
14 : (15, 5)
15 : (5, 15)
16 : (7, 9)
17 : (9, 7)
18 : (3, 17)
19 : (17, 3)
24 : (4, 8)
25 : (8, 4)
26 : (12, 8)
27 : (8, 12)
28 : (5, 15)
29 : (15, 5)
30 : (12, 8)
31 : (8, 12)
32 : (13, 7)
33 : (7, 13)
34 : (16, 4)
35 : (4, 16)
36 : (10, 10)
37 : (10, 10)
38 : (3, 4)
39 : (4, 3)
40 : (15, 5)
41 : (5, 15)
42 : (8, 12)
43 : (12, 8)
46 : (11, 6)
47 : (6, 11)
48 : (10, 8)
49 : (8, 10)
50 : (3, 17)
51 : (17, 3)
52 : (11, 9)
53 : (9, 11)
54 : (7, 13)
55 : (13, 7)
56 : (11, 9)
57 : (9, 11)
60 : (6, 10)
61 : (10, 6)
62 : (11, 8)
63 : (8, 11)
64 : (11, 9)
65 : (9, 11)
66 : (9, 11)
67 : (11, 9)
68 : (17, 3)
69 : (3, 17)
70 : (9, 3)
71 : (3, 9)
76 : (11, 9)
77 : (9, 11)
78 : (15, 3)
79 : (3, 15)
82 : (15, 5)
83 : (5, 15)
84 : (8, 12)
85 : (12, 8)
86 : (8, 9)
87 : (9, 8)
92 : (16, 4)
93 : (4, 16)
94 : (5, 5)
95 : (5, 5)
96 : (3, 17)
97 : (17, 3)
98 : (4, 16)
99 : (16, 4)
0 : (2, 1)
1 : (1, 2)
2 : (7, 4)
3 : (4, 7)
12 : (14, 6)
13 : (6, 14)
16 : (17, 3)
17 : (3, 17)
18 : (18, 2)
19 : (2, 18)
24 : (9, 11)
25 : (11, 9)
30 : (15, 5)
31 : (5, 15)
32 : (20, 0)
33 : (0, 20)
34 : (0, 17)
35 : (17, 0)
40 : (13, 7)
41 : (7, 13)
42 : (7, 13)
43 : (13, 7)
44 : (8, 12)
45 : (12, 8)
46 : (14, 6)
47 : (6, 14)
48 : (11, 6)
49 : (6, 11)
50 : (2, 0)
51 : (0, 2)
60 : (13, 7)
61 : (7, 13)
62 : (6, 14)
63 : (14, 6)
64 : (10, 9)
65 : (9, 10)
66 : (6, 2)
67 : (2, 6)
76 : (15, 5)
77 : (5, 15)
78 : (10, 10)
79 : (10, 10)
96 : (8, 12)
97 : (12, 8)
98 : (8, 12)
99 : (12, 8)
4 : (6, 4)
5 : (4, 6)
6 : (12, 8)
7 : (8, 12)
8 : (18, 1)
9 : (1, 18)
10 : (9, 11)
11 : (11, 9)
12 : (13, 7)
13 : (7, 13)
14 : (6, 14)
15 : (14, 6)
18 : (12, 8)
19 : (8, 12)
28 : (8, 9)
29 : (9, 8)
30 : (13, 7)
31 : (7, 13)
42 : (9, 9)
43 : (9, 9)
48 : (10, 11)
49 : (10, 10)
50 : (15, 5)
51 : (5, 15)
52 : (10, 10)
53 : (10, 10)
54 : (11, 9)
55 : (9, 11)
56 : (15, 4)
57 : (4, 15)
68 : (9, 2)
69 : (2, 9)
70 : (0, 19)
71 : (19, 0)
72 : (1, 19)
73 : (19, 1)
74 : (12, 4)
75 : (4, 12)
76 : (6, 14)
77 : (14, 6)
78 : (4, 1)
79 : (1, 4)
84 : (12, 8)
85 : (8, 12)
86 : (14, 6)
87 : (6, 14)
90 : (6, 10)
91 : (10, 6)
92 : (4, 5)
93 : (5, 4)
94 : (11, 9)
95 : (9, 11)
0 : (17, 2)
1 : (2, 17)
2 : (0, 10)
3 : (10, 0)
4 : (18, 2)
5 : (2, 18)
6 : (0, 16)
7 : (16, 0)
8 : (10, 10)
9 : (10, 10)
10 : (14, 6)
11 : (6, 14)
12 : (8, 12)
13 : (12, 8)
14 : (10, 8)
15 : (8, 10)
16 : (18, 2)
17 : (2, 18)
18 : (0, 14)
19 : (14, 0)
20 : (5, 9)
21 : (9, 5)
22 : (0, 7)
23 : (7, 0)
24 : (8, 12)
25 : (12, 8)
26 : (7, 13)
27 : (13, 7)
28 : (9, 9)
29 : (9, 9)
30 : (5, 9)
31 : (9, 5)
32 : (11, 9)
33 : (9, 11)
38 : (12, 8)
39 : (8, 12)
44 : (13, 7)
45 : (7, 13)
48 : (13, 7)
49 : (7, 13)
50 : (11, 9)
51 : (9, 11)
52 : (2, 3)
53 : (3, 2)
54 : (9, 11)
55 : (11, 9)
60 : (11, 1)
61 : (1, 11)
62 : (2, 10)
63 : (10, 2)
66 : (3, 17)
67 : (17, 3)
72 : (7, 7)
73 : (7, 7)
74 : (10, 4)
75 : (4, 10)
76 : (18, 2)
77 : (2, 18)
78 : (0, 20)
79 : (20, 0)
84 : (6, 1)
85 : (1, 6)
86 : (16, 4)
87 : (4, 16)
88 : (13, 7)
89 : (7, 13)
90 : (3, 8)
91 : (8, 3)
92 : (6, 10)
93 : (10, 6)
94 : (5, 5)
95 : (5, 5)
96 : (13, 7)
97 : (7, 13)
98 : (8, 12)
99 : (12, 8)
2 : (12, 8)
3 : (8, 12)
4 : (2, 13)
5 : (13, 2)
6 : (11, 9)
7 : (9, 11)
16 : (8, 12)
17 : (12, 8)
18 : (10, 10)
19 : (10, 10)
68 : (7, 11)
71 : (9, 11)
91 : (7, 11)
90 : (11, 7)
94 : (10, 5)
69 : (11, 7)
36 : (9, 3)
37 : (3, 9)
38 : (11, 4)
39 : (4, 11)
40 : (6, 12)
41 : (12, 6)
42 : (13, 7)
43 : (7, 13)
44 : (14, 6)
45 : (6, 14)
46 : (11, 9)
47 : (9, 11)
48 : (17, 3)
49 : (3, 17)
50 : (3, 17)
51 : (17, 3)
52 : (11, 9)
53 : (9, 11)
95 : (5, 10)
70 : (11, 9)
62 : (8, 12)
63 : (12, 8)
0 : (5, 15)
1 : (15, 5)
2 : (6, 14)
3 : (14, 6)
8 : (12, 7)
9 : (7, 12)
10 : (9, 11)
11 : (11, 9)
12 : (7, 13)
13 : (13, 8)
24 : (7, 13)
25 : (13, 7)
26 : (18, 2)
27 : (2, 18)
32 : (11, 9)
33 : (9, 11)
36 : (12, 7)
37 : (7, 12)
38 : (10, 10)
39 : (10, 10)
40 : (4, 16)
41 : (16, 4)
42 : (6, 14)
43 : (14, 6)
48 : (7, 13)
49 : (13, 7)
62 : (14, 6)
63 : (6, 14)
64 : (13, 7)
65 : (7, 13)
66 : (11, 9)
67 : (9, 11)
68 : (9, 11)
69 : (11, 9)
70 : (2, 5)
71 : (5, 2)
74 : (8, 12)
75 : (12, 8)
76 : (5, 2)
77 : (2, 5)
78 : (5, 15)
79 : (15, 5)
80 : (14, 6)
81 : (6, 14)
82 : (9, 11)
83 : (11, 9)
88 : (9, 10)
89 : (10, 9)
90 : (9, 11)
91 : (11, 9)
92 : (9, 11)
93 : (11, 9)
94 : (6, 10)
95 : (10, 6)
96 : (10, 10)
97 : (10, 10)
0 : (7, 13)
1 : (13, 7)
2 : (9, 11)
3 : (11, 9)
4 : (6, 14)
5 : (14, 6)
16 : (7, 13)
17 : (13, 7)
18 : (11, 5)
19 : (5, 11)
20 : (8, 11)
21 : (11, 8)
22 : (10, 8)
23 : (8, 10)
24 : (11, 9)
25 : (9, 11)
32 : (15, 5)
33 : (5, 15)
34 : (5, 15)
35 : (15, 5)
40 : (5, 2)
41 : (2, 5)
42 : (12, 6)
43 : (6, 12)
44 : (8, 12)
45 : (12, 8)
46 : (8, 10)
47 : (10, 8)
48 : (7, 6)
49 : (6, 7)
50 : (8, 10)
51 : (10, 8)
52 : (5, 4)
53 : (4, 5)
54 : (12, 8)
55 : (8, 12)
68 : (14, 6)
69 : (6, 14)
70 : (15, 5)
71 : (5, 15)
76 : (3, 11)
77 : (11, 3)
78 : (13, 7)
79 : (7, 13)
80 : (13, 7)
81 : (7, 13)
82 : (4, 8)
83 : (8, 4)
98 : (5, 16)
99 : (15, 5)
0 : (3, 8)
1 : (8, 3)
2 : (12, 8)
3 : (8, 12)
4 : (1, 19)
5 : (19, 1)
6 : (13, 7)
7 : (7, 13)
12 : (12, 8)
13 : (8, 12)
14 : (12, 8)
15 : (8, 12)
16 : (2, 0)
17 : (0, 2)
28 : (7, 13)
29 : (13, 7)
34 : (8, 12)
35 : (12, 8)
36 : (2, 18)
37 : (18, 2)
38 : (6, 14)
39 : (14, 6)
40 : (9, 11)
41 : (11, 9)
42 : (8, 12)
43 : (12, 8)
46 : (11, 8)
47 : (8, 11)
48 : (7, 13)
49 : (13, 7)
50 : (0, 1)
51 : (1, 0)
52 : (6, 10)
53 : (10, 6)
54 : (13, 7)
55 : (7, 13)
56 : (6, 14)
57 : (14, 6)
58 : (9, 3)
59 : (3, 9)
60 : (8, 10)
61 : (10, 8)
62 : (10, 10)
63 : (10, 10)
72 : (14, 6)
73 : (6, 14)
74 : (14, 6)
75 : (6, 14)
76 : (12, 8)
77 : (8, 12)
82 : (10, 10)
83 : (10, 10)
84 : (7, 10)
85 : (10, 7)
86 : (11, 9)
87 : (9, 11)
88 : (8, 12)
89 : (12, 8)
90 : (11, 9)
91 : (9, 11)
92 : (8, 12)
93 : (12, 8)
94 : (11, 9)
95 : (9, 11)
96 : (13, 7)
97 : (7, 13)
98 : (7, 13)
99 : (13, 7)
4 : (11, 9)
5 : (9, 11)
6 : (8, 12)
7 : (12, 8)
20 : (8, 12)
21 : (12, 8)
22 : (15, 5)
23 : (5, 15)
24 : (7, 4)
25 : (4, 7)
26 : (9, 7)
27 : (7, 9)
32 : (4, 16)
33 : (16, 4)
34 : (8, 5)
35 : (5, 8)
40 : (12, 8)
41 : (8, 12)
42 : (8, 11)
43 : (11, 8)
44 : (9, 7)
45 : (7, 9)
46 : (3, 1)
47 : (1, 3)
48 : (3, 1)
49 : (1, 3)
60 : (5, 15)
61 : (15, 5)
62 : (10, 10)
63 : (10, 10)
64 : (9, 11)
65 : (11, 9)
68 : (5, 5)
69 : (5, 5)
70 : (15, 5)
71 : (5, 15)
76 : (8, 5)
77 : (5, 8)
78 : (6, 11)
79 : (11, 6)
80 : (7, 13)
81 : (13, 7)
82 : (9, 11)
83 : (11, 9)
92 : (14, 6)
93 : (6, 14)
94 : (2, 5)
95 : (5, 2)
96 : (5, 15)
97 : (15, 5)
98 : (7, 13)
99 : (13, 7)
0 : (9, 11)
1 : (11, 9)
2 : (6, 9)
3 : (9, 6)
8 : (12, 8)
9 : (8, 12)
10 : (5, 14)
11 : (14, 5)
20 : (4, 15)
21 : (15, 4)
22 : (12, 8)
23 : (8, 12)
28 : (10, 3)
29 : (3, 10)
30 : (12, 8)
31 : (8, 12)
32 : (6, 5)
33 : (5, 6)
34 : (11, 9)
35 : (9, 11)
36 : (12, 8)
37 : (8, 12)
38 : (10, 10)
39 : (10, 10)
40 : (8, 12)
41 : (12, 8)
42 : (13, 7)
43 : (7, 13)
52 : (8, 12)
53 : (12, 8)
54 : (10, 10)
55 : (10, 10)
64 : (7, 8)
65 : (8, 7)
66 : (3, 0)
67 : (0, 3)
72 : (12, 8)
73 : (8, 12)
74 : (5, 13)
75 : (13, 5)
84 : (11, 9)
85 : (9, 11)
86 : (10, 5)
87 : (5, 10)
92 : (8, 12)
93 : (12, 8)
94 : (11, 9)
95 : (9, 11)
4 : (9, 9)
5 : (9, 9)
6 : (16, 4)
7 : (4, 16)
10 : (11, 9)
11 : (9, 11)
14 : (11, 7)
15 : (7, 11)
16 : (7, 13)
17 : (13, 7)
24 : (12, 8)
25 : (8, 12)
26 : (10, 4)
27 : (4, 10)
32 : (10, 10)
33 : (10, 10)
34 : (9, 11)
35 : (11, 9)
36 : (6, 2)
37 : (2, 6)
38 : (6, 2)
39 : (2, 6)
40 : (8, 7)
41 : (7, 8)
42 : (14, 5)
43 : (5, 14)
44 : (10, 10)
45 : (10, 10)
46 : (8, 12)
47 : (12, 8)
52 : (15, 4)
53 : (4, 15)
54 : (9, 11)
55 : (11, 9)
60 : (12, 8)
61 : (8, 12)
62 : (16, 4)
63 : (4, 16)
68 : (7, 13)
69 : (13, 7)
70 : (13, 7)
71 : (7, 13)
72 : (14, 6)
73 : (6, 14)
74 : (6, 14)
75 : (14, 6)
80 : (9, 4)
81 : (4, 9)
82 : (14, 6)
83 : (6, 14)
84 : (9, 5)
85 : (5, 9)
86 : (10, 9)
87 : (9, 10)
88 : (14, 6)
89 : (6, 14)
90 : (9, 9)
91 : (9, 9)
92 : (9, 11)
93 : (11, 9)
94 : (10, 10)
95 : (10, 10)
96 : (9, 11)
97 : (11, 9)
0 : (11, 9)
1 : (9, 11)
2 : (0, 2)
3 : (2, 0)
4 : (3, 17)
5 : (17, 3)
6 : (11, 9)
7 : (9, 11)
12 : (15, 5)
13 : (5, 15)
14 : (3, 16)
15 : (16, 3)
16 : (7, 13)
17 : (13, 7)
18 : (4, 16)
19 : (16, 4)
20 : (2, 17)
21 : (17, 2)
22 : (13, 6)
23 : (6, 13)
36 : (10, 9)
37 : (9, 10)
38 : (8, 10)
39 : (10, 8)
44 : (10, 9)
45 : (9, 10)
48 : (4, 16)
49 : (16, 4)
50 : (6, 14)
51 : (14, 6)
52 : (9, 11)
53 : (11, 9)
54 : (3, 1)
55 : (1, 3)
56 : (7, 11)
57 : (11, 7)
58 : (9, 6)
59 : (6, 9)
68 : (13, 7)
69 : (7, 13)
74 : (12, 8)
75 : (8, 12)
76 : (4, 6)
77 : (6, 4)
78 : (10, 10)
79 : (10, 10)
80 : (2, 18)
81 : (18, 2)
82 : (12, 8)
83 : (8, 12)
0 : (11, 9)
1 : (9, 11)
2 : (9, 11)
3 : (11, 9)
12 : (11, 6)
13 : (6, 11)
14 : (8, 12)
15 : (12, 8)
16 : (9, 11)
17 : (11, 9)
18 : (9, 2)
19 : (2, 9)
20 : (7, 13)
21 : (13, 7)
22 : (12, 8)
23 : (8, 12)
28 : (10, 3)
29 : (3, 10)
30 : (13, 7)
31 : (7, 13)
34 : (13, 7)
35 : (7, 13)
48 : (14, 6)
49 : (6, 14)
50 : (14, 6)
51 : (6, 14)
52 : (13, 7)
53 : (7, 13)
54 : (5, 10)
55 : (10, 5)
60 : (9, 11)
61 : (11, 9)
62 : (8, 12)
63 : (12, 8)
64 : (14, 6)
65 : (6, 14)
68 : (8, 12)
69 : (12, 8)
72 : (10, 10)
73 : (10, 10)
74 : (9, 9)
75 : (9, 9)
76 : (14, 6)
77 : (6, 14)
78 : (11, 9)
79 : (9, 11)
80 : (10, 10)
81 : (10, 10)
82 : (15, 5)
83 : (5, 15)
84 : (5, 9)
85 : (9, 5)
86 : (14, 6)
87 : (6, 14)
90 : (13, 7)
91 : (7, 13)
92 : (9, 11)
93 : (11, 9)
94 : (14, 6)
95 : (6, 14)
96 : (16, 4)
97 : (4, 16)
98 : (8, 10)
99 : (10, 8)
2 : (7, 13)
3 : (13, 7)
4 : (5, 15)
5 : (15, 5)
8 : (10, 10)
9 : (10, 10)
16 : (5, 15)
17 : (15, 5)
18 : (13, 7)
19 : (7, 13)
20 : (1, 16)
21 : (16, 1)
24 : (5, 15)
25 : (15, 6)
26 : (16, 4)
27 : (4, 16)
28 : (8, 12)
29 : (12, 8)
30 : (8, 12)
31 : (12, 8)
32 : (13, 7)
33 : (7, 13)
34 : (12, 8)
35 : (8, 12)
40 : (11, 9)
41 : (9, 11)
42 : (12, 8)
43 : (8, 12)
50 : (3, 16)
51 : (16, 3)
54 : (5, 15)
55 : (15, 5)
56 : (11, 9)
57 : (9, 11)
58 : (7, 13)
59 : (13, 7)
60 : (16, 4)
61 : (4, 16)
64 : (5, 15)
65 : (15, 5)
66 : (2, 4)
67 : (4, 2)
68 : (3, 0)
69 : (0, 3)
70 : (12, 8)
71 : (8, 12)
74 : (16, 4)
75 : (4, 16)
78 : (13, 7)
79 : (7, 13)
80 : (10, 10)
81 : (10, 10)
82 : (7, 13)
83 : (13, 7)
84 : (8, 12)
85 : (12, 8)
86 : (14, 6)
87 : (6, 14)
88 : (11, 9)
89 : (9, 11)
90 : (11, 9)
91 : (9, 11)
92 : (11, 8)
93 : (8, 11)
96 : (12, 8)
97 : (8, 12)
2 : (8, 12)
3 : (12, 8)
4 : (10, 5)
5 : (5, 10)
6 : (9, 11)
7 : (11, 9)
8 : (13, 7)
9 : (7, 13)
10 : (9, 11)
11 : (11, 9)
12 : (10, 7)
13 : (7, 10)
14 : (11, 9)
15 : (9, 11)
16 : (12, 8)
17 : (8, 12)
18 : (9, 11)
19 : (11, 9)
24 : (7, 13)
25 : (13, 7)
26 : (8, 5)
27 : (5, 8)
28 : (9, 11)
29 : (11, 9)
30 : (11, 9)
31 : (9, 11)
32 : (7, 8)
33 : (8, 7)
36 : (7, 9)
37 : (9, 7)
38 : (11, 9)
39 : (9, 11)
44 : (7, 13)
45 : (13, 7)
46 : (9, 11)
47 : (11, 9)
52 : (9, 10)
53 : (10, 9)
54 : (4, 9)
55 : (9, 4)
68 : (10, 10)
69 : (10, 10)
70 : (9, 11)
71 : (11, 9)
72 : (6, 8)
73 : (8, 6)
76 : (8, 12)
77 : (12, 8)
88 : (7, 8)
89 : (8, 7)
90 : (3, 4)
91 : (4, 3)
94 : (9, 11)
95 : (11, 9)
96 : (12, 5)
97 : (5, 12)
98 : (4, 1)
99 : (1, 4)
gen	avg    	std      	min     	max
0  	0.86289	0.798856 	0       	2  
1  	1.47926	0.635777 	0       	2  
2  	1.64775	0.488769 	0       	2  
3  	1.65117	0.542627 	0       	2  
4  	1.76427	0.402092 	0       	2  
5  	1.8138 	0.255613 	1.21968 	2  
6  	1.7572 	0.488733 	0       	2  
7  	1.77364	0.469719 	0       	2  
8  	1.59028	0.630406 	0       	2  
9  	1.90065	0.198927 	1.13302 	2  
10 	1.8963 	0.187837 	0.937991	2  
11 	1.91528	0.130474 	1.49919 	2  
12 	1.80652	0.445006 	0       	2  
13 	1.90679	0.139731 	1.44386 	2  
14 	1.90443	0.293346 	0       	2  
15 	1.89963	0.155562 	1.44386 	2  
16 	1.82286	0.371173 	0       	2  
17 	1.89661	0.146026 	1.36808 	2  
18 	1.81094	0.358662 	0       	2  
19 	1.94542	0.0967978	1.44386 	2  


best individual
(0)
Weapon  Rof:6.89 Spread:2.6 MaxAmmo:37 ShotCost:8 Range:94.72
Projectile  Speed:3138 Damage:57 DamageRadius:97 Gravity:-6.49
Weapon  Rof:8.27 Spread:1.53 MaxAmmo:152 ShotCost:3 Range:91.86
Projectile  Speed:8281 Damage:64 DamageRadius:6 Gravity:10.51
fitness: (2.0,)