number of estimated clusters : 1
index:
[0, 1, 2, 3, 4, 5, 6, 7, 8, 9, 10, 11, 12, 13, 14, 15, 16, 17, 18, 19, 20, 21, 22, 23, 24, 25, 26, 27, 28, 29, 30, 31, 32, 33, 34, 35, 36, 37, 38, 39, 40, 41, 42, 43, 44, 45, 46, 47, 48, 49, 50, 51, 52, 53, 54, 55, 56, 57, 58, 59, 60, 61, 62, 63, 64, 65, 66, 67, 68, 69, 70, 71, 72, 73, 74, 75, 76, 77, 78, 79, 80, 81, 82, 83, 84, 85, 86, 87, 88, 89, 90, 91, 92, 93, 94, 95, 96, 97]
fitness:
[]
mean fitness:
[]
center: 
[  1.98959637   0.13166684  23.           1.99492884   3.35277486
  17.00727272  62.19985962  37.5975647   -0.68168288]
members:
[[  6.32218480e-01   6.49999976e-01   3.65000000e+02   2.00000000e+00
    5.19999981e-01   8.92000000e+02   1.80000000e+01   2.00000000e+01
   -9.99999978e-03]
 [  2.00000000e+00   1.40000001e-01   2.30000000e+01   2.00000000e+00
    3.34999990e+00   1.70000000e+01   6.20000000e+01   3.76791496e+01
   -6.80000007e-01]
 [  6.32218480e-01   6.49999976e-01   3.65000000e+02   2.00000000e+00
    5.19999981e-01   8.92000000e+02   1.80000000e+01   2.00000000e+01
   -9.99999978e-03]
 [  2.00000000e+00   1.40000001e-01   2.30000000e+01   2.00000000e+00
    3.34999990e+00   1.70000000e+01   6.20000000e+01   3.76791496e+01
   -6.80000007e-01]
 [  5.69999993e-01   6.49999976e-01   3.65000000e+02   2.00000000e+00
    5.19999981e-01   8.92000000e+02   1.80000000e+01   2.00000000e+01
   -9.99999978e-03]
 [  2.00000000e+00   1.40000001e-01   2.30000000e+01   1.98737860e+00
    3.34999990e+00   1.70000000e+01   6.20000000e+01   3.76791496e+01
   -6.80000007e-01]
 [  6.80000007e-01   6.43373072e-01   3.77623199e+02   2.00000000e+00
    5.19999981e-01   8.92000000e+02   1.89031029e+01   2.30000000e+01
    2.50143744e-02]
 [  1.93757904e+00   1.40000001e-01   2.30000000e+01   1.96905625e+00
    3.34999990e+00   1.70000000e+01   6.20000000e+01   3.71626396e+01
   -6.80000007e-01]
 [  6.80000007e-01   6.43373072e-01   3.65000000e+02   2.00000000e+00
    5.19999981e-01   8.92000000e+02   1.80000000e+01   2.30000000e+01
    3.62149067e-02]
 [  1.93757904e+00   1.40000001e-01   2.30000000e+01   2.00000000e+00
    3.34999990e+00   1.70000000e+01   6.20000000e+01   3.76791496e+01
   -6.80000007e-01]
 [  6.80000007e-01   6.43373072e-01   3.65000000e+02   2.00000000e+00
    5.19999981e-01   8.92000000e+02   1.80000000e+01   2.30000000e+01
    3.62149067e-02]
 [  1.93757904e+00   1.40000001e-01   2.30000000e+01   2.00000000e+00
    3.34999990e+00   1.70000000e+01   6.20000000e+01   3.76791496e+01
   -6.80000007e-01]
 [  6.32218480e-01   6.49999976e-01   3.65000000e+02   2.00000000e+00
    5.19999981e-01   8.92000000e+02   1.80000000e+01   2.00000000e+01
   -9.99999978e-03]
 [  2.00000000e+00   1.40000001e-01   2.30000000e+01   2.00000000e+00
    3.34999990e+00   1.70000000e+01   6.20000000e+01   3.76791496e+01
   -6.80000007e-01]
 [  6.32218480e-01   6.49999976e-01   3.65000000e+02   1.94537306e+00
    5.19999981e-01   8.92000000e+02   1.80000000e+01   2.00000000e+01
   -9.99999978e-03]
 [  2.00000000e+00   1.40000001e-01   2.30000000e+01   2.00000000e+00
    3.34999990e+00   1.70000000e+01   6.20000000e+01   3.76791496e+01
   -6.80000007e-01]
 [  5.69999993e-01   6.49999976e-01   3.65000000e+02   2.00000000e+00
    5.19999981e-01   8.92000000e+02   1.80000000e+01   2.00000000e+01
   -9.99999978e-03]
 [  2.00000000e+00   1.40000001e-01   2.30000000e+01   1.98737860e+00
    3.34999990e+00   1.70000000e+01   6.20000000e+01   3.76791496e+01
   -6.80000007e-01]
 [  5.69999993e-01   6.49999976e-01   3.65000000e+02   2.00000000e+00
    5.19999981e-01   8.92000000e+02   1.80000000e+01   2.00000000e+01
   -9.99999978e-03]
 [  2.00000000e+00   1.40000001e-01   2.30000000e+01   1.98737860e+00
    3.34999990e+00   1.70000000e+01   6.20000000e+01   3.76791496e+01
   -6.80000007e-01]
 [  6.80000007e-01   6.43373072e-01   3.65000000e+02   2.00000000e+00
    5.19999981e-01   8.92000000e+02   1.80000000e+01   2.30000000e+01
    3.62149067e-02]
 [  1.93757904e+00   1.40000001e-01   2.30000000e+01   2.00000000e+00
    3.34999990e+00   1.70000000e+01   6.20000000e+01   3.76791496e+01
   -6.80000007e-01]
 [  6.80000007e-01   7.96178341e-01   3.50929901e+02   1.99959111e+00
    5.45333683e-01   8.92000000e+02   1.80000000e+01   2.30000000e+01
    5.99999987e-02]
 [  2.00000000e+00   1.00000001e-01   2.30000000e+01   1.98737860e+00
    3.34999990e+00   1.70000000e+01   6.20000000e+01   3.89030685e+01
    7.20000029e-01]
 [  6.80000007e-01   6.43373072e-01   3.65000000e+02   2.00000000e+00
    5.19999981e-01   8.92000000e+02   1.80000000e+01   2.30000000e+01
    3.62149067e-02]
 [  2.00000000e+00   1.40000001e-01   2.30000000e+01   2.00000000e+00
    3.34999990e+00   1.70000000e+01   6.20000000e+01   3.76791496e+01
   -6.80000007e-01]
 [  5.69999993e-01   6.49999976e-01   3.65000000e+02   2.00000000e+00
    5.19999981e-01   8.92000000e+02   1.80000000e+01   2.30000000e+01
    3.62149067e-02]
 [  1.93757904e+00   1.40000001e-01   2.30000000e+01   2.00000000e+00
    3.34999990e+00   1.70000000e+01   6.20000000e+01   3.76791496e+01
   -6.80000007e-01]
 [  5.69999993e-01   6.47708237e-01   3.65000000e+02   2.00000000e+00
    5.19999981e-01   8.92000000e+02   1.80000000e+01   2.30000000e+01
    3.62149067e-02]
 [  2.00000000e+00   1.37485087e-01   2.30000000e+01   2.00000000e+00
    3.34999990e+00   2.15405293e+01   6.20000000e+01   3.80000000e+01
   -6.80000007e-01]
 [  6.32218480e-01   5.92940390e-01   3.65000000e+02   2.00000000e+00
    5.19999981e-01   8.98496277e+02   1.80000000e+01   2.30000000e+01
    5.99999987e-02]
 [  2.00000000e+00   1.40000001e-01   2.30000000e+01   2.00000000e+00
    3.34999990e+00   1.70000000e+01   6.20000000e+01   3.76791496e+01
   -6.80000007e-01]
 [  5.69999993e-01   6.49999976e-01   3.65000000e+02   2.00000000e+00
    5.19999981e-01   8.92000000e+02   1.80000000e+01   2.30000000e+01
    3.62149067e-02]
 [  2.00000000e+00   1.40000001e-01   2.30000000e+01   2.00000000e+00
    3.34999990e+00   1.70000000e+01   6.20000000e+01   3.76791496e+01
   -6.80000007e-01]
 [  5.69999993e-01   6.49999976e-01   3.65000000e+02   2.00000000e+00
    5.19999981e-01   8.92000000e+02   1.80000000e+01   2.30000000e+01
    3.62149067e-02]
 [  2.00000000e+00   1.40000001e-01   2.30000000e+01   2.00000000e+00
    3.34999990e+00   1.70000000e+01   6.20000000e+01   3.76791496e+01
   -6.80000007e-01]
 [  7.14532018e-01   6.49999976e-01   3.65000000e+02   1.94108760e+00
    5.19999981e-01   8.92000000e+02   1.80000000e+01   2.30000000e+01
    5.99999987e-02]
 [  2.00000000e+00   1.00000001e-01   2.30000000e+01   2.00000000e+00
    3.34999990e+00   1.70000000e+01   6.32668533e+01   3.76791496e+01
   -6.80000007e-01]
 [  5.69999993e-01   6.49999976e-01   3.65000000e+02   2.00000000e+00
    5.19999981e-01   8.92000000e+02   1.94902706e+01   2.00000000e+01
   -9.99999978e-03]
 [  2.00000000e+00   1.00000001e-01   2.30000000e+01   1.98737860e+00
    3.34999990e+00   1.70000000e+01   6.32668533e+01   3.66700859e+01
   -6.80000007e-01]
 [  7.14532018e-01   6.49999976e-01   3.65000000e+02   2.00000000e+00
    5.19999981e-01   8.84529175e+02   1.80000000e+01   2.30000000e+01
    3.99999991e-02]
 [  2.00000000e+00   1.40000001e-01   2.30000000e+01   2.00000000e+00
    3.34999990e+00   1.70000000e+01   6.20000000e+01   3.76791496e+01
   -6.80000007e-01]
 [  5.69999993e-01   6.49999976e-01   3.65000000e+02   2.00000000e+00
    5.19999981e-01   8.92000000e+02   1.94902706e+01   2.00000000e+01
   -9.99999978e-03]
 [  2.00000000e+00   1.00000001e-01   2.30000000e+01   1.98737860e+00
    3.34999990e+00   1.70000000e+01   6.32668533e+01   3.66700859e+01
   -6.80000007e-01]
 [  5.69999993e-01   6.49999976e-01   3.65000000e+02   2.00000000e+00
    5.19999981e-01   8.92000000e+02   1.80000000e+01   2.00000000e+01
   -9.99999978e-03]
 [  2.00000000e+00   1.40000001e-01   2.30000000e+01   1.98737860e+00
    3.34999990e+00   1.70000000e+01   6.20000000e+01   3.76791496e+01
   -6.80000007e-01]
 [  5.69999993e-01   6.49999976e-01   3.65000000e+02   2.00000000e+00
    5.19999981e-01   8.92000000e+02   1.80000000e+01   2.30000000e+01
    3.62149067e-02]
 [  2.00000000e+00   1.40000001e-01   2.30000000e+01   1.99464500e+00
    3.34999990e+00   1.70000000e+01   6.20000000e+01   3.76791496e+01
   -6.80000007e-01]
 [  5.05763888e-01   6.49999976e-01   3.65000000e+02   2.00000000e+00
    5.19999981e-01   9.08063538e+02   1.80000000e+01   2.30000000e+01
    3.63912508e-02]
 [  2.00000000e+00   1.40000001e-01   2.30000000e+01   2.00000000e+00
    3.34999990e+00   1.70000000e+01   6.20000000e+01   3.76791496e+01
   -6.80000007e-01]
 [  6.32218480e-01   6.49999976e-01   3.65000000e+02   2.00000000e+00
    5.19999981e-01   8.92000000e+02   1.80000000e+01   2.30000000e+01
    3.62149067e-02]
 [  2.00000000e+00   1.10008128e-01   2.30000000e+01   2.00000000e+00
    3.34999990e+00   1.70000000e+01   6.15261269e+01   3.76791496e+01
   -6.80000007e-01]
 [  6.80000007e-01   6.43373072e-01   3.65000000e+02   2.00000000e+00
    5.19999981e-01   8.92000000e+02   1.80000000e+01   2.30000000e+01
    3.62149067e-02]
 [  1.93757904e+00   1.40000001e-01   2.30000000e+01   2.00000000e+00
    3.34999990e+00   1.70000000e+01   6.20000000e+01   3.76791496e+01
   -6.80000007e-01]
 [  5.69999993e-01   6.47708237e-01   3.65000000e+02   2.00000000e+00
    5.19999981e-01   8.92000000e+02   1.80000000e+01   2.30000000e+01
    3.62149067e-02]
 [  2.00000000e+00   1.37485087e-01   2.30000000e+01   2.00000000e+00
    3.34999990e+00   2.15405293e+01   6.20000000e+01   3.80000000e+01
   -6.80000007e-01]
 [  6.32218480e-01   6.49999976e-01   3.65000000e+02   2.00000000e+00
    5.19999981e-01   8.92000000e+02   1.80000000e+01   2.00000000e+01
   -9.99999978e-03]
 [  2.00000000e+00   1.40000001e-01   2.30000000e+01   2.00000000e+00
    3.34999990e+00   1.70000000e+01   6.20000000e+01   3.76791496e+01
   -6.80000007e-01]
 [  6.80000007e-01   7.23040164e-01   3.65000000e+02   1.99959111e+00
    5.19999981e-01   8.84529175e+02   1.80000000e+01   2.30000000e+01
    3.99999991e-02]
 [  2.00000000e+00   1.32666171e-01   2.30000000e+01   2.00000000e+00
    3.34999990e+00   1.70000000e+01   6.20000000e+01   3.89030685e+01
    7.20000029e-01]
 [  6.32218480e-01   6.49999976e-01   3.65000000e+02   2.00000000e+00
    5.19999981e-01   8.92000000e+02   1.80000000e+01   2.00000000e+01
   -9.99999978e-03]
 [  2.00000000e+00   1.40000001e-01   2.30000000e+01   1.98737860e+00
    3.34999990e+00   1.70000000e+01   6.20000000e+01   3.76791496e+01
   -6.80000007e-01]
 [  5.69999993e-01   6.49999976e-01   3.65000000e+02   2.00000000e+00
    5.19999981e-01   8.92000000e+02   1.80000000e+01   2.00000000e+01
   -9.99999978e-03]
 [  2.00000000e+00   1.40000001e-01   2.30000000e+01   2.00000000e+00
    3.34999990e+00   1.70000000e+01   6.20000000e+01   3.76791496e+01
   -6.80000007e-01]
 [  6.32218480e-01   5.92940390e-01   3.65000000e+02   2.00000000e+00
    5.19999981e-01   8.98496277e+02   1.80000000e+01   2.30000000e+01
    3.99999991e-02]
 [  2.00000000e+00   1.32666171e-01   2.30000000e+01   2.00000000e+00
    3.34999990e+00   1.70000000e+01   6.20000000e+01   3.89030685e+01
    7.20000029e-01]
 [  6.80000007e-01   7.23040164e-01   3.65000000e+02   1.99959111e+00
    5.19999981e-01   8.84529175e+02   1.80000000e+01   2.30000000e+01
    5.99999987e-02]
 [  2.00000000e+00   1.40000001e-01   2.30000000e+01   2.00000000e+00
    3.34999990e+00   1.70000000e+01   6.20000000e+01   3.76791496e+01
   -6.80000007e-01]
 [  7.14532018e-01   6.49999976e-01   3.65000000e+02   2.00000000e+00
    5.19999981e-01   8.92000000e+02   1.80000000e+01   2.30000000e+01
    5.99999987e-02]
 [  2.00000000e+00   1.00000001e-01   2.30000000e+01   1.98737860e+00
    3.34999990e+00   1.70000000e+01   6.32668533e+01   3.76791496e+01
   -6.80000007e-01]
 [  6.80000007e-01   6.43373072e-01   3.65000000e+02   2.00000000e+00
    5.19999981e-01   8.92000000e+02   1.80000000e+01   2.30000000e+01
    3.62149067e-02]
 [  1.93757904e+00   1.40000001e-01   2.30000000e+01   2.00000000e+00
    3.34999990e+00   1.70000000e+01   6.20000000e+01   3.76791496e+01
   -6.80000007e-01]
 [  7.14532018e-01   6.49999976e-01   3.65000000e+02   2.00000000e+00
    5.19999981e-01   8.92000000e+02   1.80000000e+01   2.30000000e+01
    5.95894493e-02]
 [  2.00000000e+00   1.00000001e-01   2.30000000e+01   1.98737860e+00
    3.34999990e+00   1.70000000e+01   6.32668533e+01   3.76791496e+01
   -6.80000007e-01]
 [  7.14532018e-01   6.49999976e-01   3.65000000e+02   2.00000000e+00
    5.19999981e-01   8.92000000e+02   1.71115398e+01   2.30000000e+01
    5.99999987e-02]
 [  2.00000000e+00   1.00000001e-01   2.30000000e+01   1.98737860e+00
    3.32575130e+00   1.70000000e+01   6.32668533e+01   3.76791496e+01
   -7.50672817e-01]
 [  6.32218480e-01   6.49999976e-01   3.65000000e+02   2.00000000e+00
    5.19999981e-01   8.92000000e+02   1.80000000e+01   2.00000000e+01
   -9.99999978e-03]
 [  2.00000000e+00   1.40000001e-01   2.30000000e+01   2.00000000e+00
    3.24535275e+00   1.73054600e+01   6.20000000e+01   3.67867126e+01
   -6.80000007e-01]
 [  7.14532018e-01   6.49999976e-01   3.65000000e+02   2.00000000e+00
    5.19999981e-01   8.92000000e+02   1.80000000e+01   2.30000000e+01
    5.99999987e-02]
 [  2.00000000e+00   1.00000001e-01   2.30000000e+01   1.98737860e+00
    3.34999990e+00   1.70000000e+01   6.32668533e+01   3.76791496e+01
   -6.80000007e-01]
 [  5.69999993e-01   6.49999976e-01   3.65000000e+02   2.00000000e+00
    5.19999981e-01   8.92000000e+02   1.80000000e+01   2.00000000e+01
   -9.99999978e-03]
 [  2.00000000e+00   1.40000001e-01   2.30000000e+01   1.98737860e+00
    3.34999990e+00   1.70000000e+01   6.20000000e+01   3.76791496e+01
   -6.80000007e-01]
 [  5.69999993e-01   6.49999976e-01   3.65000000e+02   2.00000000e+00
    5.19999981e-01   8.92000000e+02   1.80000000e+01   2.00000000e+01
   -9.99999978e-03]
 [  2.00000000e+00   1.40000001e-01   2.30000000e+01   1.98737860e+00
    3.34999990e+00   1.70000000e+01   6.20000000e+01   3.76791496e+01
   -6.80000007e-01]
 [  5.69999993e-01   6.49999976e-01   3.65000000e+02   2.00000000e+00
    5.19999981e-01   8.92000000e+02   1.80000000e+01   2.30000000e+01
    3.62149067e-02]
 [  2.00000000e+00   1.00000001e-01   2.30000000e+01   2.00000000e+00
    3.59545588e+00   1.70000000e+01   6.20000000e+01   3.76791496e+01
   -6.80000007e-01]
 [  5.69999993e-01   6.47708237e-01   3.65000000e+02   1.96341729e+00
    5.19999981e-01   8.92000000e+02   1.94902706e+01   2.00000000e+01
   -9.99999978e-03]
 [  2.00000000e+00   1.40000001e-01   2.30000000e+01   1.98737860e+00
    3.34999990e+00   2.15405293e+01   6.20000000e+01   3.80000000e+01
   -6.80000007e-01]
 [  6.32218480e-01   6.49999976e-01   3.65000000e+02   2.00000000e+00
    5.19999981e-01   8.92000000e+02   1.80000000e+01   2.00000000e+01
   -9.99999978e-03]
 [  2.00000000e+00   1.40000001e-01   2.30000000e+01   2.00000000e+00
    3.34999990e+00   1.70000000e+01   6.20000000e+01   3.76791496e+01
   -6.80000007e-01]
 [  5.69999993e-01   6.47708237e-01   3.65000000e+02   2.00000000e+00
    5.19999981e-01   8.92000000e+02   1.94902706e+01   2.00000000e+01
   -9.99999978e-03]
 [  2.00000000e+00   1.00000001e-01   2.30000000e+01   1.98737860e+00
    3.34999990e+00   2.15405293e+01   6.20000000e+01   3.80000000e+01
   -6.80000007e-01]
 [  5.69999993e-01   6.49999976e-01   3.65000000e+02   2.00000000e+00
    5.19999981e-01   8.92000000e+02   1.80000000e+01   2.00000000e+01
   -9.99999978e-03]
 [  2.00000000e+00   1.40000001e-01   2.30000000e+01   1.98737860e+00
    3.34999990e+00   1.70000000e+01   6.20000000e+01   3.76791496e+01
   -6.80000007e-01]
 [  6.32218480e-01   6.49999976e-01   3.65000000e+02   2.00000000e+00
    5.19999981e-01   8.92000000e+02   1.80000000e+01   2.00000000e+01
   -9.99999978e-03]
 [  2.00000000e+00   1.40000001e-01   2.30000000e+01   2.00000000e+00
    3.34999990e+00   1.70000000e+01   6.20000000e+01   3.76791496e+01
   -6.80000007e-01]
 [  5.69999993e-01   6.49999976e-01   3.65000000e+02   2.00000000e+00
    5.19999981e-01   8.92000000e+02   1.80000000e+01   2.30000000e+01
    3.62149067e-02]
 [  2.00000000e+00   1.40000001e-01   2.30000000e+01   2.00000000e+00
    3.34999990e+00   1.70000000e+01   6.20000000e+01   3.76791496e+01
   -6.80000007e-01]]
