0 : (0, 9)
1 : (9, 0)
2 : (0, 9)
3 : (9, 0)
4 : (0, 0)
5 : (0, 0)
6 : (0, 9)
7 : (9, 0)
8 : (0, 9)
9 : (9, 0)
10 : (0, 1)
11 : (1, 0)
12 : (0, 10)
13 : (10, 0)
14 : (0, 6)
15 : (6, 0)
16 : (0, 9)
17 : (9, 0)
18 : (0, 4)
19 : (4, 0)
20 : (0, 11)
21 : (11, 0)
22 : (0, 9)
23 : (9, 0)
24 : (4, 1)
25 : (1, 4)
26 : (0, 10)
27 : (10, 0)
28 : (0, 1)
29 : (1, 0)
30 : (0, 2)
31 : (2, 0)
32 : (0, 0)
33 : (0, 0)
34 : (0, 2)
35 : (2, 0)
36 : (0, 0)
37 : (0, 0)
38 : (0, 0)
39 : (0, 0)
40 : (2, 7)
41 : (7, 2)
42 : (0, 7)
43 : (7, 0)
44 : (0, 5)
45 : (5, 0)
46 : (0, 0)
47 : (0, 0)
48 : (0, 2)
49 : (2, 0)
50 : (0, 11)
51 : (11, 0)
52 : (0, 10)
53 : (10, 0)
54 : (0, 5)
55 : (5, 0)
56 : (2, 6)
57 : (6, 2)
58 : (0, 5)
59 : (5, 0)
60 : (9, 0)
61 : (0, 9)
62 : (0, 0)
63 : (0, 0)
64 : (0, 1)
65 : (1, 0)
66 : (0, 3)
67 : (3, 0)
68 : (0, 5)
69 : (5, 0)
70 : (0, 4)
71 : (4, 0)
72 : (0, 0)
73 : (0, 0)
74 : (0, 1)
75 : (1, 0)
76 : (0, 4)
77 : (4, 0)
78 : (0, 6)
79 : (6, 0)
80 : (0, 1)
81 : (1, 0)
82 : (0, 6)
83 : (6, 0)
84 : (0, 6)
85 : (6, 0)
86 : (0, 7)
87 : (7, 0)
88 : (0, 0)
89 : (0, 0)
90 : (0, 3)
91 : (3, 0)
92 : (0, 7)
93 : (7, 0)
94 : (0, 5)
95 : (5, 0)
96 : (0, 0)
97 : (0, 0)
98 : (0, 0)
99 : (0, 0)
0 : (0, 10)
1 : (10, 0)
2 : (2, 3)
3 : (3, 2)
8 : (0, 2)
9 : (2, 0)
10 : (0, 6)
11 : (6, 0)
30 : (0, 7)
31 : (7, 0)
32 : (0, 0)
33 : (0, 0)
34 : (0, 7)
35 : (7, 0)
40 : (0, 0)
41 : (0, 0)
42 : (0, 5)
43 : (5, 0)
46 : (0, 7)
47 : (7, 0)
48 : (0, 1)
49 : (1, 0)
50 : (0, 10)
51 : (10, 0)
52 : (2, 5)
53 : (5, 2)
54 : (0, 2)
55 : (2, 0)
62 : (0, 9)
63 : (9, 0)
64 : (0, 8)
65 : (8, 0)
66 : (0, 6)
67 : (6, 0)
72 : (0, 7)
73 : (7, 0)
74 : (0, 6)
75 : (6, 0)
80 : (1, 3)
81 : (3, 1)
84 : (0, 10)
85 : (10, 0)
86 : (0, 10)
87 : (10, 0)
96 : (0, 5)
97 : (5, 0)
98 : (0, 5)
99 : (5, 0)
0 : (0, 0)
1 : (0, 0)
4 : (0, 11)
5 : (11, 0)
6 : (0, 7)
7 : (7, 0)
72 : (0, 5)
73 : (5, 0)
74 : (0, 5)
75 : (5, 0)
98 : (0, 2)
16 : (0, 4)
17 : (4, 0)
18 : (0, 2)
19 : (2, 0)
20 : (0, 7)
21 : (7, 0)
94 : (0, 5)
95 : (5, 0)
32 : (0, 14)
33 : (14, 0)
34 : (0, 7)
35 : (7, 0)
97 : (8, 0)
44 : (0, 0)
45 : (0, 0)
96 : (0, 8)
99 : (2, 0)
0 : (0, 0)
1 : (0, 0)
2 : (2, 2)
3 : (2, 2)
4 : (0, 8)
5 : (8, 0)
6 : (0, 11)
7 : (11, 0)
16 : (0, 0)
17 : (0, 0)
18 : (2, 4)
19 : (4, 2)
20 : (0, 5)
21 : (5, 0)
22 : (0, 4)
23 : (4, 0)
26 : (0, 1)
27 : (1, 0)
28 : (0, 1)
29 : (1, 0)
30 : (0, 0)
31 : (0, 0)
32 : (0, 0)
33 : (0, 0)
34 : (2, 5)
35 : (5, 2)
36 : (4, 3)
37 : (3, 4)
38 : (0, 6)
39 : (6, 0)
44 : (7, 3)
45 : (3, 7)
46 : (0, 5)
47 : (5, 0)
50 : (0, 3)
51 : (3, 0)
56 : (2, 6)
57 : (6, 2)
58 : (0, 7)
59 : (7, 0)
60 : (0, 0)
61 : (0, 0)
62 : (1, 4)
63 : (4, 1)
68 : (0, 0)
69 : (0, 0)
70 : (4, 2)
71 : (2, 4)
72 : (2, 5)
73 : (5, 2)
74 : (3, 5)
75 : (5, 3)
78 : (3, 3)
79 : (3, 3)
80 : (0, 9)
81 : (9, 0)
92 : (1, 4)
93 : (4, 1)
94 : (0, 0)
95 : (0, 0)
96 : (2, 4)
97 : (4, 2)
98 : (2, 4)
99 : (4, 2)
4 : (3, 4)
5 : (4, 3)
6 : (1, 8)
7 : (8, 1)
8 : (3, 4)
9 : (4, 3)
10 : (10, 4)
11 : (4, 10)
12 : (0, 7)
13 : (7, 0)
14 : (1, 0)
15 : (0, 1)
18 : (0, 7)
19 : (7, 0)
24 : (0, 1)
25 : (1, 0)
26 : (2, 2)
27 : (2, 2)
28 : (2, 0)
29 : (0, 2)
36 : (3, 6)
37 : (6, 3)
38 : (5, 5)
39 : (5, 5)
40 : (0, 0)
41 : (0, 0)
42 : (0, 0)
43 : (0, 0)
44 : (3, 3)
45 : (3, 3)
46 : (1, 2)
47 : (2, 1)
48 : (12, 2)
49 : (2, 12)
50 : (1, 5)
51 : (5, 1)
52 : (3, 1)
53 : (1, 3)
56 : (0, 0)
57 : (0, 0)
58 : (4, 3)
59 : (3, 4)
76 : (0, 5)
77 : (5, 0)
78 : (3, 4)
79 : (4, 3)
80 : (0, 0)
81 : (0, 0)
82 : (2, 4)
83 : (4, 2)
86 : (0, 0)
87 : (0, 0)
92 : (0, 7)
93 : (7, 0)
94 : (0, 7)
95 : (7, 0)
96 : (0, 0)
97 : (0, 0)
98 : (1, 2)
99 : (2, 1)
0 : (0, 4)
1 : (4, 0)
68 : (3, 5)
69 : (5, 3)
6 : (2, 3)
7 : (3, 2)
72 : (7, 5)
73 : (5, 7)
74 : (4, 1)
75 : (1, 4)
76 : (0, 3)
77 : (3, 0)
78 : (3, 5)
79 : (5, 3)
82 : (1, 0)
83 : (0, 1)
84 : (1, 5)
85 : (4, 1)
86 : (0, 4)
87 : (4, 0)
24 : (2, 6)
25 : (6, 2)
26 : (0, 1)
27 : (1, 0)
28 : (0, 0)
29 : (0, 0)
30 : (2, 4)
31 : (4, 2)
44 : (0, 1)
45 : (1, 0)
46 : (1, 4)
47 : (4, 1)
50 : (1, 1)
51 : (1, 1)
60 : (2, 6)
61 : (6, 2)
4 : (2, 9)
5 : (9, 2)
6 : (5, 5)
7 : (5, 5)
8 : (0, 0)
9 : (0, 0)
10 : (5, 4)
11 : (4, 5)
12 : (3, 2)
13 : (2, 3)
14 : (1, 0)
15 : (0, 1)
16 : (5, 3)
17 : (3, 5)
18 : (2, 5)
19 : (5, 2)
20 : (0, 2)
21 : (2, 0)
22 : (5, 3)
23 : (3, 5)
24 : (3, 1)
25 : (1, 3)
26 : (1, 3)
27 : (3, 1)
38 : (1, 1)
39 : (1, 1)
40 : (4, 4)
41 : (4, 4)
42 : (6, 2)
43 : (2, 6)
44 : (0, 3)
45 : (3, 0)
46 : (3, 2)
47 : (2, 3)
48 : (4, 2)
49 : (2, 4)
50 : (0, 1)
51 : (1, 0)
52 : (5, 5)
53 : (5, 5)
54 : (2, 4)
55 : (4, 2)
60 : (1, 0)
61 : (0, 1)
62 : (2, 4)
63 : (4, 2)
64 : (2, 4)
65 : (4, 2)
72 : (1, 3)
73 : (3, 1)
74 : (2, 2)
75 : (2, 2)
80 : (3, 2)
81 : (2, 3)
84 : (1, 1)
85 : (1, 1)
86 : (3, 3)
87 : (3, 3)
88 : (4, 6)
89 : (6, 4)
90 : (2, 5)
91 : (5, 2)
94 : (5, 3)
95 : (3, 5)
0 : (1, 3)
1 : (3, 1)
2 : (1, 1)
3 : (1, 1)
4 : (0, 1)
5 : (1, 0)
6 : (3, 3)
7 : (3, 3)
10 : (3, 2)
11 : (2, 3)
16 : (0, 1)
17 : (1, 0)
18 : (1, 1)
19 : (1, 1)
20 : (6, 3)
21 : (3, 6)
22 : (1, 5)
23 : (5, 1)
24 : (6, 2)
25 : (2, 6)
26 : (2, 0)
27 : (0, 2)
32 : (0, 0)
33 : (0, 0)
34 : (4, 3)
35 : (3, 4)
40 : (3, 1)
41 : (1, 3)
42 : (0, 2)
43 : (2, 0)
44 : (0, 0)
45 : (0, 0)
46 : (2, 4)
47 : (4, 2)
52 : (3, 2)
53 : (2, 3)
60 : (4, 4)
61 : (4, 4)
62 : (3, 4)
63 : (4, 3)
64 : (0, 0)
65 : (0, 0)
66 : (1, 2)
67 : (2, 1)
70 : (2, 2)
71 : (2, 2)
72 : (5, 4)
73 : (4, 5)
74 : (6, 2)
75 : (2, 6)
76 : (1, 2)
77 : (2, 1)
78 : (0, 0)
79 : (0, 0)
80 : (1, 5)
81 : (5, 1)
82 : (4, 2)
83 : (2, 4)
84 : (2, 2)
85 : (2, 2)
86 : (0, 0)
87 : (0, 0)
92 : (0, 0)
93 : (0, 0)
0 : (4, 5)
1 : (5, 4)
2 : (2, 3)
3 : (3, 2)
8 : (3, 3)
9 : (3, 3)
10 : (3, 2)
11 : (2, 3)
12 : (9, 1)
13 : (1, 9)
14 : (0, 0)
15 : (0, 0)
18 : (2, 3)
19 : (3, 2)
20 : (3, 5)
21 : (5, 3)
22 : (0, 5)
23 : (5, 0)
24 : (4, 5)
25 : (5, 4)
26 : (1, 4)
27 : (4, 1)
28 : (0, 0)
29 : (0, 0)
30 : (3, 6)
31 : (6, 3)
32 : (1, 2)
33 : (2, 1)
40 : (5, 2)
41 : (2, 5)
42 : (0, 0)
43 : (0, 0)
46 : (1, 1)
47 : (1, 1)
52 : (1, 2)
53 : (2, 1)
54 : (1, 6)
55 : (6, 1)
56 : (3, 4)
57 : (4, 3)
58 : (4, 4)
59 : (4, 4)
64 : (1, 0)
65 : (0, 1)
66 : (0, 2)
67 : (2, 0)
68 : (1, 0)
69 : (0, 1)
70 : (3, 3)
71 : (3, 3)
72 : (0, 0)
73 : (0, 0)
74 : (2, 5)
75 : (5, 2)
76 : (2, 3)
77 : (3, 2)
80 : (4, 2)
81 : (2, 4)
82 : (2, 6)
83 : (6, 2)
84 : (2, 4)
85 : (4, 2)
86 : (2, 4)
87 : (4, 2)
92 : (1, 2)
93 : (2, 1)
94 : (0, 3)
95 : (3, 0)
96 : (1, 0)
97 : (0, 1)
98 : (1, 3)
99 : (3, 1)
4 : (2, 1)
5 : (1, 2)
6 : (1, 0)
7 : (0, 1)
12 : (2, 2)
13 : (2, 2)
14 : (1, 1)
15 : (1, 1)
28 : (0, 0)
29 : (0, 0)
30 : (0, 1)
31 : (1, 0)
32 : (3, 3)
33 : (3, 3)
34 : (0, 2)
35 : (2, 0)
40 : (0, 0)
41 : (0, 0)
42 : (5, 4)
43 : (4, 5)
44 : (0, 1)
45 : (1, 0)
46 : (0, 1)
47 : (1, 0)
48 : (3, 3)
49 : (3, 3)
50 : (2, 2)
51 : (2, 2)
64 : (4, 4)
65 : (4, 4)
72 : (0, 0)
73 : (0, 0)
74 : (3, 3)
75 : (3, 3)
88 : (1, 1)
89 : (1, 1)
90 : (3, 6)
91 : (6, 3)
92 : (3, 2)
93 : (2, 3)
94 : (0, 0)
95 : (0, 0)
98 : (1, 0)
99 : (0, 1)
4 : (3, 4)
5 : (4, 3)
6 : (2, 3)
7 : (3, 2)
8 : (0, 1)
9 : (1, 0)
10 : (1, 1)
11 : (1, 1)
16 : (1, 1)
17 : (1, 1)
18 : (0, 0)
19 : (0, 0)
20 : (0, 0)
21 : (0, 0)
22 : (1, 1)
23 : (1, 1)
26 : (0, 0)
27 : (0, 0)
40 : (0, 0)
41 : (0, 0)
42 : (0, 0)
43 : (0, 0)
48 : (1, 2)
49 : (2, 1)
50 : (1, 0)
51 : (0, 1)
52 : (1, 0)
53 : (0, 1)
54 : (2, 0)
55 : (0, 2)
56 : (2, 2)
57 : (2, 2)
58 : (3, 5)
59 : (5, 3)
62 : (1, 1)
63 : (1, 1)
64 : (1, 1)
65 : (1, 1)
66 : (1, 1)
67 : (1, 1)
76 : (1, 1)
77 : (1, 1)
78 : (1, 0)
79 : (0, 1)
82 : (1, 4)
83 : (4, 1)
90 : (4, 5)
91 : (5, 4)
92 : (5, 3)
93 : (3, 5)
94 : (4, 3)
95 : (3, 4)
96 : (4, 4)
97 : (4, 4)
98 : (5, 4)
99 : (4, 5)
0 : (1, 1)
1 : (1, 1)
2 : (6, 2)
3 : (2, 6)
12 : (3, 2)
13 : (2, 3)
14 : (4, 4)
15 : (4, 4)
16 : (4, 2)
17 : (2, 4)
18 : (1, 0)
19 : (0, 1)
20 : (5, 3)
21 : (3, 5)
22 : (3, 6)
23 : (6, 3)
24 : (2, 3)
25 : (3, 2)
26 : (2, 4)
27 : (4, 2)
28 : (0, 0)
29 : (0, 0)
30 : (6, 0)
31 : (0, 6)
36 : (3, 5)
37 : (5, 3)
38 : (1, 0)
39 : (0, 1)
44 : (3, 2)
45 : (2, 3)
46 : (0, 1)
47 : (1, 0)
48 : (1, 4)
49 : (4, 1)
50 : (2, 4)
51 : (4, 2)
52 : (1, 4)
53 : (4, 1)
54 : (3, 4)
55 : (4, 3)
56 : (2, 2)
57 : (2, 2)
68 : (3, 4)
69 : (4, 3)
70 : (1, 2)
71 : (2, 1)
74 : (4, 1)
75 : (1, 4)
80 : (6, 2)
81 : (2, 6)
82 : (3, 6)
83 : (6, 3)
86 : (0, 0)
87 : (0, 0)
88 : (5, 2)
89 : (2, 5)
90 : (3, 2)
91 : (2, 3)
92 : (2, 4)
93 : (4, 2)
94 : (2, 2)
95 : (2, 2)
0 : (1, 0)
1 : (0, 1)
2 : (4, 2)
3 : (2, 4)
4 : (2, 1)
5 : (1, 2)
6 : (3, 5)
7 : (5, 3)
8 : (1, 1)
9 : (1, 1)
10 : (1, 1)
11 : (1, 1)
12 : (4, 4)
13 : (4, 4)
14 : (0, 0)
15 : (0, 0)
20 : (0, 1)
21 : (1, 0)
22 : (2, 1)
23 : (1, 2)
28 : (3, 3)
29 : (3, 3)
36 : (2, 4)
37 : (4, 2)
38 : (0, 0)
39 : (0, 0)
40 : (2, 6)
41 : (6, 2)
42 : (2, 3)
43 : (3, 2)
46 : (1, 3)
47 : (3, 1)
58 : (4, 3)
59 : (3, 4)
64 : (2, 1)
65 : (1, 2)
66 : (3, 5)
67 : (5, 3)
76 : (1, 2)
77 : (2, 1)
78 : (0, 1)
79 : (1, 0)
84 : (0, 0)
85 : (0, 0)
86 : (3, 3)
87 : (3, 3)
88 : (1, 0)
89 : (0, 1)
0 : (0, 0)
1 : (0, 0)
2 : (0, 0)
3 : (0, 0)
12 : (0, 1)
13 : (1, 0)
14 : (0, 0)
15 : (0, 0)
20 : (1, 3)
21 : (3, 1)
22 : (1, 1)
23 : (1, 1)
24 : (2, 0)
25 : (0, 2)
26 : (4, 4)
27 : (4, 4)
30 : (3, 4)
31 : (4, 3)
40 : (0, 2)
41 : (2, 0)
46 : (2, 4)
47 : (4, 2)
48 : (1, 5)
49 : (5, 1)
56 : (2, 1)
57 : (1, 2)
58 : (4, 8)
59 : (8, 4)
60 : (1, 1)
61 : (1, 1)
62 : (1, 4)
63 : (4, 1)
64 : (3, 2)
65 : (2, 3)
68 : (1, 1)
69 : (1, 1)
70 : (2, 3)
71 : (3, 2)
74 : (0, 0)
75 : (0, 0)
80 : (0, 2)
81 : (2, 0)
82 : (1, 1)
83 : (1, 1)
84 : (3, 5)
85 : (5, 3)
86 : (4, 1)
87 : (1, 4)
92 : (2, 0)
93 : (0, 2)
94 : (3, 4)
95 : (4, 3)
96 : (0, 0)
97 : (0, 0)
98 : (0, 4)
99 : (4, 0)
0 : (8, 3)
1 : (3, 8)
2 : (0, 0)
3 : (0, 0)
4 : (7, 0)
5 : (0, 7)
6 : (2, 4)
7 : (4, 2)
16 : (0, 3)
17 : (3, 0)
18 : (0, 1)
19 : (1, 0)
20 : (6, 2)
21 : (2, 6)
22 : (1, 1)
23 : (1, 1)
24 : (0, 1)
25 : (1, 0)
26 : (5, 7)
27 : (7, 5)
28 : (2, 2)
29 : (2, 2)
30 : (2, 4)
31 : (4, 2)
32 : (0, 2)
33 : (2, 0)
34 : (4, 5)
35 : (5, 4)
36 : (0, 0)
37 : (0, 0)
44 : (0, 0)
45 : (0, 0)
48 : (2, 5)
49 : (5, 2)
50 : (2, 3)
51 : (3, 2)
52 : (3, 2)
53 : (2, 3)
54 : (0, 3)
55 : (3, 0)
72 : (2, 1)
73 : (1, 2)
76 : (4, 3)
77 : (3, 4)
78 : (2, 5)
79 : (5, 2)
80 : (1, 4)
81 : (4, 1)
82 : (3, 1)
83 : (1, 3)
84 : (1, 3)
85 : (3, 1)
86 : (3, 2)
87 : (2, 3)
88 : (0, 0)
89 : (0, 0)
90 : (3, 2)
91 : (2, 3)
0 : (3, 5)
1 : (5, 3)
4 : (1, 1)
5 : (1, 1)
6 : (4, 2)
7 : (2, 4)
20 : (1, 1)
21 : (1, 1)
22 : (0, 0)
23 : (0, 0)
24 : (2, 2)
25 : (2, 2)
26 : (5, 6)
27 : (6, 5)
28 : (3, 3)
29 : (3, 3)
30 : (3, 5)
31 : (5, 3)
32 : (4, 4)
33 : (4, 4)
36 : (1, 0)
37 : (0, 1)
38 : (4, 0)
39 : (0, 4)
40 : (3, 4)
41 : (4, 3)
42 : (3, 2)
43 : (2, 3)
48 : (3, 5)
49 : (4, 3)
50 : (2, 4)
51 : (4, 2)
52 : (2, 0)
53 : (0, 2)
58 : (0, 4)
59 : (4, 0)
60 : (4, 7)
61 : (7, 4)
62 : (1, 0)
63 : (0, 1)
64 : (4, 5)
65 : (5, 4)
72 : (1, 3)
73 : (3, 1)
74 : (2, 2)
75 : (2, 2)
76 : (5, 3)
77 : (3, 5)
78 : (1, 1)
79 : (1, 1)
80 : (0, 2)
81 : (2, 0)
84 : (0, 0)
85 : (0, 0)
88 : (3, 0)
89 : (0, 3)
90 : (2, 1)
91 : (1, 2)
92 : (0, 2)
93 : (2, 0)
96 : (2, 2)
97 : (2, 2)
98 : (0, 1)
99 : (1, 0)
8 : (3, 3)
9 : (3, 3)
10 : (1, 1)
11 : (1, 1)
12 : (1, 6)
13 : (6, 1)
14 : (3, 5)
15 : (5, 3)
16 : (3, 3)
17 : (3, 3)
22 : (1, 2)
23 : (2, 1)
24 : (2, 3)
25 : (3, 2)
26 : (2, 2)
27 : (2, 2)
28 : (2, 0)
29 : (0, 2)
30 : (3, 3)
31 : (3, 3)
32 : (2, 2)
33 : (2, 2)
36 : (0, 0)
37 : (0, 0)
38 : (0, 2)
39 : (2, 0)
40 : (0, 5)
41 : (5, 0)
42 : (5, 5)
43 : (5, 5)
48 : (0, 1)
49 : (1, 0)
50 : (0, 1)
51 : (1, 0)
52 : (3, 1)
53 : (1, 3)
54 : (2, 2)
55 : (2, 2)
60 : (1, 2)
61 : (2, 1)
62 : (3, 3)
63 : (3, 3)
68 : (4, 3)
69 : (3, 4)
70 : (4, 4)
71 : (4, 4)
76 : (1, 2)
77 : (2, 1)
78 : (0, 0)
79 : (0, 0)
84 : (5, 6)
85 : (6, 5)
86 : (3, 5)
87 : (5, 3)
96 : (1, 4)
97 : (4, 1)
12 : (1, 2)
13 : (2, 1)
14 : (1, 0)
15 : (0, 1)
20 : (3, 2)
21 : (2, 3)
22 : (1, 5)
23 : (5, 1)
24 : (4, 2)
25 : (2, 4)
26 : (0, 1)
27 : (1, 0)
28 : (3, 2)
29 : (2, 3)
30 : (0, 0)
31 : (0, 0)
36 : (3, 2)
37 : (2, 3)
38 : (2, 4)
39 : (4, 2)
44 : (1, 3)
45 : (3, 1)
46 : (4, 6)
47 : (6, 4)
54 : (3, 3)
55 : (3, 3)
60 : (0, 1)
61 : (1, 0)
62 : (2, 4)
63 : (4, 2)
68 : (1, 1)
69 : (1, 1)
70 : (0, 0)
71 : (0, 0)
72 : (6, 4)
73 : (4, 6)
74 : (2, 1)
75 : (1, 2)
80 : (0, 4)
81 : (4, 0)
82 : (4, 2)
83 : (2, 4)
84 : (0, 3)
85 : (3, 0)
86 : (2, 1)
87 : (1, 2)
88 : (3, 6)
89 : (6, 3)
90 : (4, 3)
91 : (3, 4)
92 : (3, 1)
93 : (1, 3)
94 : (2, 4)
95 : (4, 2)
96 : (2, 1)
97 : (1, 2)
98 : (4, 4)
99 : (4, 4)
12 : (3, 3)
13 : (3, 3)
28 : (1, 1)
29 : (1, 1)
40 : (0, 1)
41 : (1, 0)
42 : (0, 4)
43 : (4, 0)
46 : (2, 6)
47 : (6, 2)
48 : (0, 0)
49 : (0, 0)
50 : (1, 1)
51 : (1, 1)
52 : (0, 0)
53 : (0, 0)
54 : (0, 0)
55 : (0, 0)
56 : (3, 4)
57 : (4, 3)
58 : (4, 4)
59 : (4, 4)
60 : (1, 1)
61 : (1, 1)
62 : (3, 3)
63 : (3, 3)
76 : (3, 0)
77 : (0, 3)
78 : (2, 3)
79 : (3, 2)
80 : (0, 0)
81 : (0, 0)
84 : (5, 2)
85 : (2, 5)
86 : (1, 6)
87 : (6, 1)
90 : (2, 1)
91 : (1, 2)
92 : (0, 0)
93 : (0, 0)
94 : (2, 6)
95 : (6, 2)
96 : (3, 3)
97 : (3, 3)
98 : (2, 5)
99 : (5, 2)
0 : (4, 5)
1 : (5, 4)
4 : (0, 0)
5 : (0, 0)
6 : (3, 1)
7 : (1, 3)
8 : (2, 1)
9 : (1, 2)
10 : (5, 3)
11 : (3, 5)
12 : (0, 0)
13 : (0, 0)
14 : (1, 1)
15 : (1, 1)
22 : (2, 6)
23 : (6, 2)
24 : (3, 1)
25 : (1, 3)
26 : (1, 0)
27 : (0, 1)
32 : (4, 3)
33 : (3, 4)
34 : (3, 7)
35 : (7, 3)
36 : (4, 1)
37 : (1, 4)
46 : (0, 0)
47 : (0, 0)
48 : (2, 2)
49 : (2, 2)
50 : (2, 2)
51 : (2, 2)
60 : (0, 0)
61 : (0, 0)
62 : (0, 1)
63 : (1, 0)
64 : (6, 1)
65 : (1, 6)
66 : (2, 3)
67 : (3, 2)
68 : (1, 2)
69 : (2, 1)
70 : (0, 4)
71 : (4, 0)
72 : (0, 0)
73 : (0, 0)
74 : (5, 4)
75 : (4, 5)
76 : (0, 2)
77 : (2, 0)
84 : (3, 3)
85 : (3, 3)
86 : (6, 3)
87 : (3, 6)
88 : (5, 3)
89 : (3, 5)
90 : (3, 5)
91 : (5, 3)
92 : (0, 1)
93 : (1, 0)
94 : (3, 2)
95 : (2, 3)
gen	avg     	std     	min	max    
0  	0.186296	0.384384	0  	1.78256
1  	0.358588	0.563993	0  	2.0419 
2  	0.468084	0.629085	0  	2.0419 
3  	0.936987	0.873261	0  	2.12   
4  	1.25082 	0.902903	0  	2.2    
5  	1.74033 	0.704962	0  	2.2    
6  	1.7878  	0.664254	0  	2.2    
7  	1.61293 	0.817493	0  	2.2    
8  	1.57748 	0.800141	0  	2.16215
9  	1.61942 	0.85216 	0  	2.16215
10 	1.67389 	0.836814	0  	2.16215
11 	1.78054 	0.663391	0  	2.16215
12 	1.7802  	0.720472	0  	2.16215
13 	1.60328 	0.854232	0  	2.16215
14 	1.63716 	0.813099	0  	2.19974
15 	1.62595 	0.848582	0  	2.20806
16 	1.77292 	0.719895	0  	2.20806
17 	1.76738 	0.716381	0  	2.20806
18 	1.74875 	0.7688  	0  	2.20806
19 	1.63683 	0.826899	0  	2.20806